14 8 3 6 4 7 2 5 1 21 11 13 20 17 19 16 18 15 10 12 9
12 10 15 18 16 19 17 20 13 11 14 8 3 6 4 7 2 5 1 21 9
1 21 5 2 7 4 6 3 8 14 11 13 20 17 19 16 18 15 10 12 9
18 16 19 17 20 13 11 14 8 3 6 4 7 2 5 1 21 15 10 12 9
8 3 6 4 7 2 5 1 21 14 11 13 20 17 19 16 18 15 10 12 9
16 19 17 20 13 11 14 8 3 6 4 7 2 5 1 21 18 15 10 12 9
6 4 7 2 5 1 21 3 8 14 11 13 20 17 19 16 18 15 10 12 9
20 12 14 8 5 2 7 4 1 6 3 21 18 16 19 17 15 11 9 13 10
1 6 3 21 4 7 2 5 8 14 12 20 18 16 19 17 15 11 9 13 10
14 8 5 2 7 4 1 6 3 21 12 20 18 16 19 17 15 11 9 13 10
4 1 6 3 21 7 2 5 8 14 12 20 18 16 19 17 15 11 9 13 10
2 7 4 1 6 3 21 5 8 14 12 20 18 16 19 17 15 11 9 13 10
5 2 7 4 1 6 3 21 8 14 12 20 18 16 19 17 15 11 9 13 10
19 16 18 20 12 14 8 5 2 7 4 1 6 3 21 17 15 11 9 13 10
3 21 6 1 4 7 2 5 8 14 12 20 18 16 19 17 15 11 9 13 10
11 15 17 19 16 18 20 12 14 8 5 2 7 4 1 6 3 21 9 13 10
11 8 2 5 3 7 4 6 1 21 14 10 13 9 12 15 20 18 16 19 17
9 15 18 16 19 17 20 14 12 8 2 5 1 7 3 6 4 21 11 13 10
8 2 5 1 7 3 6 4 21 12 14 20 17 19 16 18 15 9 11 13 10
3 6 4 21 7 1 5 2 8 12 14 20 17 19 16 18 15 9 11 13 10
20 14 12 8 2 5 1 7 3 6 4 21 17 19 16 18 15 9 11 13 10
6 4 21 3 7 1 5 2 8 12 14 20 17 19 16 18 15 9 11 13 10
17 20 14 12 8 2 5 1 7 3 6 4 21 19 16 18 15 9 11 13 10
3 7 4 6 1 21 5 2 8 11 14 10 13 9 12 15 20 18 16 19 17
5 1 7 3 6 4 21 2 8 12 14 20 17 19 16 18 15 9 11 13 10
1 7 3 6 4 21 5 2 8 12 14 20 17 19 16 18 15 9 11 13 10
4 6 1 21 7 3 5 2 8 11 14 10 13 9 12 15 20 18 16 19 17
14 11 8 2 5 3 7 4 6 1 21 10 13 9 12 15 20 18 16 19 17
15 18 16 19 17 20 13 9 12 14 10 8 2 4 6 3 7 5 1 21 11
3 7 5 1 21 6 4 2 8 10 14 12 9 13 20 17 19 16 18 15 11
8 2 4 6 3 7 5 1 21 10 14 12 9 13 20 17 19 16 18 15 11
4 6 3 7 5 1 21 2 8 10 14 12 9 13 20 17 19 16 18 15 11
10 8 2 4 6 3 7 5 1 21 14 12 9 13 20 17 19 16 18 15 11
14 10 8 2 4 6 3 7 5 1 21 12 9 13 20 17 19 16 18 15 11
1 21 5 7 3 6 4 2 8 10 14 12 9 13 20 17 19 16 18 15 11
13 11 15 18 16 19 17 20 1 6 3 21 9 12 14 10 8 5 2 7 4
14 12 9 13 11 15 18 16 19 17 20 1 6 3 21 10 8 5 2 7 4
10 14 12 9 13 11 15 18 16 19 17 20 1 6 3 21 8 5 2 7 4
7 2 5 8 10 14 12 9 13 11 15 18 16 19 17 20 1 6 3 21 4
9 12 10 13 11 14 8 3 6 2 4 7 5 1 21 15 18 16 20 17 19
14 8 3 6 2 4 7 5 1 21 11 13 10 12 9 15 18 16 20 17 19
3 6 2 4 7 5 1 21 8 14 11 13 10 12 9 15 18 16 20 17 19
10 13 11 14 8 3 6 2 4 7 5 1 21 12 9 15 18 16 20 17 19
1 6 3 21 20 17 19 16 18 15 11 13 9 12 14 10 8 5 2 7 4
4 7 10 6 9 11 21 8 5 3 12 1 14 2 13 20 17 19 16 18 15
2 14 1 12 3 5 8 4 7 10 6 9 11 21 13 20 17 19 16 18 15
11 21 9 6 10 7 4 8 5 3 12 1 14 2 13 20 17 19 16 18 15
12 3 5 8 4 7 10 6 9 11 21 1 14 2 13 20 17 19 16 18 15
6 3 21 1 4 7 2 5 20 18 16 19 17 15 10 12 9 13 11 14 8
8 4 7 10 6 9 11 21 5 3 12 1 14 2 13 20 17 19 16 18 15
5 8 4 7 10 6 9 11 21 3 12 1 14 2 13 20 17 19 16 18 15
4 1 6 3 21 7 2 5 20 17 19 16 18 15 10 13 11 14 9 12 8
16 18 20 5 2 7 4 1 6 3 21 19 17 15 10 12 9 13 11 14 8
14 11 13 9 12 10 15 17 19 16 18 20 5 2 7 4 1 6 3 21 8
16 19 17 20 5 2 7 4 1 6 3 21 18 15 10 13 11 14 9 12 8
12 10 15 17 19 16 18 20 5 2 7 4 1 6 3 21 9 13 11 14 8
5 2 7 4 1 6 3 21 20 18 16 19 17 15 10 12 9 13 11 14 8
18 16 19 17 20 5 2 7 4 1 6 3 21 15 10 13 11 14 9 12 8
17 20 1 7 3 6 4 21 19 16 18 15 11 13 9 14 10 12 8 2 5
2 7 4 1 6 3 21 5 20 18 16 19 17 15 10 12 9 13 11 14 8
7 4 1 6 3 21 2 5 20 18 16 19 17 15 10 12 9 13 11 14 8
7 4 1 6 3 21 2 5 20 17 19 16 18 15 10 13 11 14 9 12 8
1 6 3 21 4 7 2 5 20 18 16 19 17 15 10 12 9 13 11 14 8
1 6 3 21 4 7 2 5 20 17 19 16 18 15 10 13 11 14 9 12 8
12 14 8 5 2 7 4 1 6 3 21 10 13 9 11 15 17 20 18 16 19
9 13 10 12 14 8 5 2 7 4 1 6 3 21 11 15 17 20 18 16 19
10 12 14 8 5 2 7 4 1 6 3 21 13 9 11 15 17 20 18 16 19
10 14 11 8 2 5 3 7 4 6 1 21 13 20 17 19 16 18 15 12 9
6 1 21 4 7 3 5 2 8 11 14 10 13 20 17 19 16 18 15 12 9
19 17 20 13 10 14 11 8 2 5 3 7 4 6 1 21 16 18 15 12 9
4 6 1 21 7 3 5 2 8 11 14 10 13 20 17 19 16 18 15 12 9
17 20 13 10 14 11 8 2 5 3 7 4 6 1 21 19 16 18 15 12 9
16 19 17 20 13 10 14 11 8 2 5 3 7 4 6 1 21 18 15 12 9
15 18 16 19 17 20 13 10 14 11 8 2 5 3 7 4 6 1 21 12 9
3 7 4 6 1 21 5 2 8 11 14 10 13 20 17 19 16 18 15 12 9
16 18 15 12 14 10 4 1 7 3 5 8 2 6 9 13 11 21 20 17 19
9 12 10 14 11 13 8 4 2 6 3 5 7 1 21 15 18 16 19 17 20
10 14 11 13 8 4 2 6 3 5 7 1 21 12 9 15 18 16 19 17 20
14 11 13 8 4 2 6 3 5 7 1 21 10 12 9 15 18 16 19 17 20
11 13 8 4 2 6 3 5 7 1 21 14 10 12 9 15 18 16 19 17 20
13 9 14 10 12 8 4 7 2 5 3 6 1 21 11 15 17 20 18 16 19
3 6 1 21 5 2 7 4 8 12 10 14 9 13 11 15 17 20 18 16 19
9 14 10 12 8 4 7 2 5 3 6 1 21 13 11 15 17 20 18 16 19
14 10 12 8 4 7 2 5 3 6 1 21 9 13 11 15 17 20 18 16 19
17 15 11 13 9 14 10 12 8 4 7 2 5 3 6 1 21 20 18 16 19
6 3 7 5 1 21 4 2 8 14 12 10 13 11 9 20 18 16 19 17 15
7 5 1 21 3 6 4 2 8 14 12 10 13 11 9 20 18 16 19 17 15
2 4 6 3 7 5 1 21 8 14 12 10 13 11 9 20 18 16 19 17 15
20 9 11 13 10 12 14 8 2 4 6 3 7 5 1 21 18 16 19 17 15
10 12 14 8 2 4 6 3 7 5 1 21 13 11 9 20 18 16 19 17 15
4 6 3 7 5 1 21 2 8 14 12 10 13 11 9 20 18 16 19 17 15
4 2 6 3 5 7 1 21 8 14 12 10 13 11 9 20 18 16 19 17 15
11 13 10 12 14 8 4 2 6 3 5 7 1 21 9 20 18 16 19 17 15
20 9 11 13 10 12 14 8 4 2 6 3 5 7 1 21 18 16 19 17 15
10 12 14 8 4 2 6 3 5 7 1 21 13 11 9 20 18 16 19 17 15
10 12 14 8 4 6 2 5 1 3 7 21 13 11 9 15 18 16 20 17 19
8 4 6 2 5 1 3 7 21 14 12 10 13 11 9 15 18 16 20 17 19
14 8 4 6 2 5 1 3 7 21 12 10 13 11 9 15 18 16 20 17 19
16 18 15 9 11 13 10 12 14 8 4 6 2 5 1 3 7 21 20 17 19
3 7 21 1 5 2 6 4 8 14 12 10 13 11 9 15 18 16 20 17 19
11 13 10 12 14 8 4 6 2 5 1 3 7 21 9 15 18 16 20 17 19
5 1 3 7 21 2 6 4 8 14 12 10 13 11 9 15 18 16 20 17 19
17 19 16 18 20 12 14 10 8 4 6 2 7 3 5 1 21 15 11 13 9
14 10 8 4 6 2 7 3 5 1 21 12 20 18 16 19 17 15 11 13 9
8 4 6 2 7 3 5 1 21 10 14 12 20 18 16 19 17 15 11 13 9
16 18 20 12 14 10 8 4 6 2 7 3 5 1 21 19 17 15 11 13 9
7 3 5 1 21 2 6 4 8 10 14 12 20 18 16 19 17 15 11 13 9
4 6 2 7 3 5 1 21 8 10 14 12 20 18 16 19 17 15 11 13 9
1 21 5 3 7 2 6 4 8 10 14 12 20 18 16 19 17 15 11 13 9
10 14 11 13 8 2 5 3 7 4 6 1 21 12 9 15 18 20 17 19 16
9 12 10 14 11 13 8 2 5 3 7 4 6 1 21 15 18 20 17 19 16
14 11 13 8 2 5 3 7 4 6 1 21 10 12 9 15 18 20 17 19 16
4 6 1 21 7 3 5 2 8 13 11 14 10 12 9 15 18 20 17 19 16
6 1 21 4 7 3 5 2 8 13 11 14 10 12 9 15 18 20 17 19 16
6 4 7 2 5 1 21 3 8 14 11 13 10 12 9 15 17 20 18 16 19
12 10 13 11 14 8 3 6 4 7 2 5 1 21 9 15 17 20 18 16 19
10 13 11 14 8 3 6 4 7 2 5 1 21 12 9 15 17 20 18 16 19
9 12 10 13 11 14 8 3 6 4 7 2 5 1 21 15 17 20 18 16 19
8 5 2 7 4 1 6 3 21 13 11 14 10 12 9 15 17 19 16 20 18
14 11 13 8 5 2 7 4 1 6 3 21 10 12 9 15 17 19 16 20 18
16 19 17 15 9 12 10 14 11 13 8 5 2 7 4 1 6 3 21 20 18
9 11 13 10 14 12 8 2 5 3 6 4 7 1 21 15 18 16 20 17 19
14 12 8 2 5 3 6 4 7 1 21 10 13 11 9 15 18 16 20 17 19
10 14 12 8 2 5 3 6 4 7 1 21 13 11 9 15 18 16 20 17 19
2 5 21 7 4 1 6 3 20 17 19 16 18 15 9 11 13 10 14 12 8
4 7 2 5 21 1 6 3 20 17 19 16 18 15 9 11 13 10 14 12 8
6 1 4 7 2 5 21 3 20 17 19 16 18 15 9 11 13 10 14 12 8
12 14 10 13 11 9 15 18 16 19 17 20 3 6 1 4 7 2 5 21 8
11 9 15 18 16 19 17 20 3 6 1 4 7 2 5 21 13 10 14 12 8
20 3 6 1 4 7 2 5 21 17 19 16 18 15 9 11 13 10 14 12 8
10 13 11 9 15 18 16 19 17 20 3 6 1 4 7 2 5 21 14 12 8
1 4 7 2 5 21 6 3 20 17 19 16 18 15 9 11 13 10 14 12 8
14 8 6 2 4 7 3 5 1 21 12 10 13 9 11 20 17 19 16 18 15
16 19 17 20 11 9 13 10 12 14 8 6 2 4 7 3 5 1 21 18 15
1 21 5 3 7 4 2 6 8 14 12 10 13 9 11 20 17 19 16 18 15
6 2 4 7 3 5 1 21 8 14 12 10 13 9 11 20 17 19 16 18 15
20 11 9 13 10 12 14 8 6 2 4 7 3 5 1 21 17 19 16 18 15
9 13 10 12 14 8 6 2 4 7 3 5 1 21 11 20 17 19 16 18 15
12 14 8 6 2 4 7 3 5 1 21 10 13 9 11 20 17 19 16 18 15
7 3 5 1 21 4 2 6 8 14 12 10 13 9 11 20 17 19 16 18 15
3 6 2 4 7 5 1 21 8 12 14 10 13 11 9 15 18 16 20 17 19
9 11 13 10 14 12 8 3 6 2 4 7 5 1 21 15 18 16 20 17 19
12 8 3 6 2 4 7 5 1 21 14 10 13 11 9 15 18 16 20 17 19
11 13 10 14 12 8 3 6 2 4 7 5 1 21 9 15 18 16 20 17 19
14 12 8 3 6 2 4 7 5 1 21 10 13 11 9 15 18 16 20 17 19
5 1 21 7 4 2 6 3 8 12 14 10 13 11 9 15 18 16 20 17 19
12 10 14 11 13 8 4 6 2 7 3 5 1 21 9 15 18 16 19 17 20
2 7 3 5 1 21 6 4 8 13 11 14 10 12 9 15 18 16 19 17 20
6 2 7 3 5 1 21 4 8 13 11 14 10 12 9 15 18 16 19 17 20
3 5 1 21 7 2 6 4 8 13 11 14 10 12 9 15 18 16 19 17 20
14 11 13 8 4 6 2 7 3 5 1 21 10 12 9 15 18 16 19 17 20
4 7 5 1 21 2 6 3 8 13 11 14 10 12 9 20 18 16 19 17 15
18 20 9 12 10 14 11 13 8 3 6 2 4 7 5 1 21 16 19 17 15
8 3 6 2 4 7 5 1 21 13 11 14 10 12 9 20 18 16 19 17 15
12 10 14 11 13 8 3 6 2 4 7 5 1 21 9 20 18 16 19 17 15
9 11 13 10 12 14 8 2 5 3 6 4 7 1 21 15 18 16 20 17 19
13 10 12 14 8 2 5 3 6 4 7 1 21 11 9 15 18 16 20 17 19
14 8 2 5 3 6 4 7 1 21 12 10 13 11 9 15 18 16 20 17 19
10 12 14 8 2 5 3 6 4 7 1 21 13 11 9 15 18 16 20 17 19
16 18 15 9 11 13 10 12 14 8 2 5 3 6 4 7 1 21 20 17 19
3 6 4 7 1 21 5 2 8 14 12 10 13 11 9 15 18 16 20 17 19
2 5 3 6 4 7 1 21 8 14 12 10 13 11 9 15 18 16 20 17 19
8 2 5 3 6 4 7 1 21 14 12 10 13 11 9 15 18 16 20 17 19
18 20 11 13 10 14 12 8 2 4 6 3 5 7 1 21 16 19 17 15 9
13 10 14 12 8 2 4 6 3 5 7 1 21 11 20 18 16 19 17 15 9
16 18 20 11 13 10 14 12 8 2 4 6 3 5 7 1 21 19 17 15 9
15 17 19 16 18 20 11 13 10 14 12 8 2 4 6 3 5 7 1 21 9
19 16 18 20 11 13 10 14 12 8 2 4 6 3 5 7 1 21 17 15 9
5 7 1 21 3 6 4 2 8 12 14 10 13 11 20 18 16 19 17 15 9
6 1 3 7 5 21 2 4 8 14 20 17 19 16 18 15 11 9 13 10 12
3 7 5 21 1 6 2 4 8 14 20 17 19 16 18 15 11 9 13 10 12
14 8 4 2 6 1 3 7 5 21 20 17 19 16 18 15 11 9 13 10 12
8 4 2 6 1 3 7 5 21 14 20 17 19 16 18 15 11 9 13 10 12
17 20 14 8 4 2 6 1 3 7 5 21 19 16 18 15 11 9 13 10 12
13 9 11 15 18 16 19 17 20 14 8 4 2 6 1 3 7 5 21 10 12
18 16 19 17 20 14 9 12 8 2 4 6 3 5 7 1 21 15 10 13 11
7 1 21 5 3 6 4 2 8 12 9 14 20 17 19 16 18 15 10 13 11
17 20 14 9 12 8 2 4 6 3 5 7 1 21 19 16 18 15 10 13 11
19 17 20 14 9 12 8 2 4 6 3 5 7 1 21 16 18 15 10 13 11
15 18 16 19 17 20 14 9 12 8 2 4 6 3 5 7 1 21 10 13 11
9 12 8 2 4 6 3 5 7 1 21 14 20 17 19 16 18 15 10 13 11
2 4 6 3 5 7 1 21 8 12 9 14 20 17 19 16 18 15 10 13 11
1 21 7 5 3 6 4 2 8 12 9 14 20 17 19 16 18 15 10 13 11
14 11 13 8 4 6 2 5 7 3 1 21 10 12 9 15 18 16 19 17 20
2 5 7 3 1 21 6 4 8 13 11 14 10 12 9 15 18 16 19 17 20
4 6 2 5 7 3 1 21 8 13 11 14 10 12 9 15 18 16 19 17 20
9 12 10 14 11 13 8 4 6 2 5 7 3 1 21 15 18 16 19 17 20
8 4 6 2 5 7 3 1 21 13 11 14 10 12 9 15 18 16 19 17 20
2 5 3 6 4 7 1 21 8 14 12 10 13 11 9 15 17 19 16 18 20
3 6 4 7 1 21 5 2 8 14 12 10 13 11 9 15 17 19 16 18 20
4 7 1 21 6 3 5 2 8 14 12 10 13 11 9 15 17 19 16 18 20
8 2 5 3 6 4 7 1 21 14 12 10 13 11 9 15 17 19 16 18 20
13 10 12 14 8 2 5 3 6 4 7 1 21 11 9 15 17 19 16 18 20
8 3 5 2 6 4 7 1 21 12 14 10 20 17 19 16 18 15 9 11 13
4 7 1 21 6 2 5 3 8 12 14 10 20 17 19 16 18 15 9 11 13
16 19 17 20 10 14 12 8 3 5 2 6 4 7 1 21 18 15 9 11 13
3 5 2 6 4 7 1 21 8 12 14 10 20 17 19 16 18 15 9 11 13
20 10 14 12 8 3 5 2 6 4 7 1 21 17 19 16 18 15 9 11 13
17 20 10 14 12 8 3 5 2 6 4 7 1 21 19 16 18 15 9 11 13
14 12 8 3 5 2 6 4 7 1 21 10 20 17 19 16 18 15 9 11 13
2 6 4 7 1 21 5 3 8 12 14 10 20 17 19 16 18 15 9 11 13
1 21 7 4 6 2 5 3 8 12 14 10 20 17 19 16 18 15 9 11 13
8 2 5 3 7 4 6 1 21 11 14 20 18 16 19 17 15 12 9 13 10
3 7 4 6 1 21 5 2 8 11 14 20 18 16 19 17 15 12 9 13 10
2 5 3 7 4 6 1 21 8 11 14 20 18 16 19 17 15 12 9 13 10
14 11 8 2 5 3 7 4 6 1 21 20 18 16 19 17 15 12 9 13 10
7 4 6 1 21 3 5 2 8 11 14 20 18 16 19 17 15 12 9 13 10
12 15 17 19 16 18 20 14 11 8 2 5 3 7 4 6 1 21 9 13 10
1 21 6 4 7 3 5 2 8 11 14 20 18 16 19 17 15 12 9 13 10
6 2 5 7 3 1 21 4 8 14 12 10 13 9 11 15 17 19 16 20 18
2 5 7 3 1 21 6 4 8 14 12 10 13 9 11 15 17 19 16 20 18
14 8 4 6 2 5 7 3 1 21 12 10 13 9 11 15 17 19 16 20 18
11 9 13 10 12 14 8 4 6 2 5 7 3 1 21 15 17 19 16 20 18
9 13 10 12 14 8 4 6 2 5 7 3 1 21 11 15 17 19 16 20 18
12 14 8 4 6 2 5 7 3 1 21 10 13 9 11 15 17 19 16 20 18
16 18 15 11 13 9 14 10 12 8 3 6 2 4 7 5 1 21 20 17 19
3 6 2 4 7 5 1 21 8 12 10 14 9 13 11 15 18 16 20 17 19
14 10 12 8 3 6 2 4 7 5 1 21 9 13 11 15 18 16 20 17 19
8 3 6 2 4 7 5 1 21 12 10 14 9 13 11 15 18 16 20 17 19
2 4 7 5 1 21 6 3 8 12 10 14 9 13 11 15 18 16 20 17 19
6 2 4 7 5 1 21 3 8 12 10 14 9 13 11 15 18 16 20 17 19
14 8 4 7 2 5 3 6 1 21 12 20 18 16 19 17 15 9 11 13 10
12 14 8 4 7 2 5 3 6 1 21 20 18 16 19 17 15 9 11 13 10
7 2 5 3 6 1 21 4 8 14 12 20 18 16 19 17 15 9 11 13 10
9 15 17 19 16 18 20 12 14 8 4 7 2 5 3 6 1 21 11 13 10
6 1 21 3 5 2 7 4 8 14 12 20 18 16 19 17 15 9 11 13 10
8 4 7 2 5 3 6 1 21 14 12 20 18 16 19 17 15 9 11 13 10
1 21 6 3 5 2 7 4 8 14 12 20 18 16 19 17 15 9 11 13 10
14 11 8 2 4 6 3 7 5 1 21 10 13 9 12 15 17 19 16 18 20
10 14 11 8 2 4 6 3 7 5 1 21 13 9 12 15 17 19 16 18 20
5 1 21 7 3 6 4 2 8 11 14 10 13 9 12 15 17 19 16 18 20
6 3 7 5 1 21 4 2 8 11 14 10 13 9 12 15 17 19 16 18 20
2 4 6 3 7 5 1 21 8 11 14 10 13 9 12 15 17 19 16 18 20
8 2 4 6 3 7 5 1 21 11 14 10 13 9 12 15 17 19 16 18 20
11 8 2 4 6 3 7 5 1 21 14 10 13 9 12 15 17 19 16 18 20
1 6 4 7 2 5 3 21 8 14 12 10 13 11 9 15 20 18 16 19 17
8 1 6 4 7 2 5 3 21 14 12 10 13 11 9 15 20 18 16 19 17
6 4 7 2 5 3 21 1 8 14 12 10 13 11 9 15 20 18 16 19 17
14 8 1 6 4 7 2 5 3 21 12 10 13 11 9 15 20 18 16 19 17
5 3 21 2 7 4 6 1 8 14 12 10 13 11 9 15 20 18 16 19 17
11 13 8 1 6 4 7 2 5 3 21 14 10 20 17 19 16 18 15 9 12
6 4 7 2 5 3 21 1 8 13 11 14 10 20 17 19 16 18 15 9 12
17 20 10 14 11 13 8 1 6 4 7 2 5 3 21 19 16 18 15 9 12
4 7 2 5 3 21 6 1 8 13 11 14 10 20 17 19 16 18 15 9 12
7 2 5 3 21 4 6 1 8 13 11 14 10 20 17 19 16 18 15 9 12
15 18 16 19 17 20 10 14 11 13 8 1 6 4 7 2 5 3 21 9 12
5 3 21 2 7 4 6 1 8 13 11 14 10 20 17 19 16 18 15 9 12
1 6 4 7 2 5 3 21 8 13 11 14 10 20 17 19 16 18 15 9 12
13 11 14 8 6 2 4 7 3 5 1 21 9 12 10 15 18 16 19 17 20
8 6 2 4 7 3 5 1 21 14 11 13 9 12 10 15 18 16 19 17 20
10 12 9 13 11 14 8 6 2 4 7 3 5 1 21 15 18 16 19 17 20
6 2 4 7 3 5 1 21 8 14 11 13 9 12 10 15 18 16 19 17 20
12 9 13 11 14 8 6 2 4 7 3 5 1 21 10 15 18 16 19 17 20
18 20 11 13 9 14 10 12 8 3 5 2 6 4 7 1 21 16 19 17 15
2 6 4 7 1 21 5 3 8 12 10 14 9 13 11 20 18 16 19 17 15
7 1 21 4 6 2 5 3 8 12 10 14 9 13 11 20 18 16 19 17 15
6 4 7 1 21 2 5 3 8 12 10 14 9 13 11 20 18 16 19 17 15
16 18 20 11 13 9 14 10 12 8 3 5 2 6 4 7 1 21 19 17 15
1 21 7 4 6 2 5 3 8 14 20 17 19 16 18 15 10 12 9 13 11
7 1 21 4 6 2 5 3 8 14 20 17 19 16 18 15 10 12 9 13 11
2 6 4 7 1 21 5 3 8 14 20 17 19 16 18 15 10 12 9 13 11
14 8 3 5 2 6 4 7 1 21 20 17 19 16 18 15 10 12 9 13 11
8 2 5 3 7 4 6 1 21 12 10 14 20 18 16 19 17 15 11 13 9
11 15 17 19 16 18 20 14 10 12 8 2 5 3 7 4 6 1 21 13 9
5 3 7 4 6 1 21 2 8 12 10 14 20 18 16 19 17 15 11 13 9
19 16 18 20 14 10 12 8 2 5 3 7 4 6 1 21 17 15 11 13 9
4 6 1 21 7 3 5 2 8 12 10 14 20 18 16 19 17 15 11 13 9
1 21 6 4 7 3 5 2 8 12 10 14 20 18 16 19 17 15 11 13 9
3 21 5 2 7 4 6 1 8 14 11 13 10 12 9 20 17 19 16 18 15
16 19 17 20 9 12 10 13 11 14 8 1 6 4 7 2 5 3 21 18 15
12 10 13 11 14 8 1 6 4 7 2 5 3 21 9 20 17 19 16 18 15
1 6 4 7 2 5 3 21 8 14 11 13 10 12 9 20 17 19 16 18 15
10 13 11 14 8 1 6 4 7 2 5 3 21 12 9 20 17 19 16 18 15
17 20 9 12 10 13 11 14 8 1 6 4 7 2 5 3 21 19 16 18 15
2 5 3 21 7 4 6 1 8 14 11 13 10 12 9 20 17 19 16 18 15
6 4 7 2 5 3 21 1 8 14 11 13 10 12 9 20 17 19 16 18 15
19 17 20 1 7 3 6 4 21 16 18 15 9 11 13 10 12 14 8 2 5
8 14 12 10 13 11 9 15 18 16 19 17 20 1 7 3 6 4 21 2 5
16 19 17 20 1 7 3 6 4 21 18 15 9 11 13 10 12 14 8 2 5
11 9 15 18 16 19 17 20 1 7 3 6 4 21 13 10 12 14 8 2 5
1 7 3 6 4 21 20 17 19 16 18 15 9 11 13 10 12 14 8 2 5
6 2 7 3 5 1 21 4 8 10 14 20 18 16 19 17 15 11 13 9 12
14 10 8 4 6 2 7 3 5 1 21 20 18 16 19 17 15 11 13 9 12
20 14 10 8 4 6 2 7 3 5 1 21 18 16 19 17 15 11 13 9 12
2 7 3 5 1 21 6 4 8 10 14 20 18 16 19 17 15 11 13 9 12
19 16 18 20 14 10 8 4 6 2 7 3 5 1 21 17 15 11 13 9 12
1 21 5 3 7 2 6 4 8 10 14 20 18 16 19 17 15 11 13 9 12
14 11 13 8 6 2 4 7 3 5 1 21 10 12 9 15 20 18 16 19 17
6 2 4 7 3 5 1 21 8 13 11 14 10 12 9 15 20 18 16 19 17
10 14 11 13 8 6 2 4 7 3 5 1 21 12 9 15 20 18 16 19 17
2 4 7 3 5 1 21 6 8 13 11 14 10 12 9 15 20 18 16 19 17
10 4 7 5 8 6 9 3 12 1 21 14 2 13 11 15 17 19 16 18 20
3 12 1 21 9 6 8 5 7 4 10 14 2 13 11 15 17 19 16 18 20
8 6 9 3 12 1 21 5 7 4 10 14 2 13 11 15 17 19 16 18 20
2 14 10 4 7 5 8 6 9 3 12 1 21 13 11 15 17 19 16 18 20
7 4 6 1 21 3 5 2 8 14 20 18 16 19 17 15 9 12 10 13 11
4 6 1 21 7 3 5 2 8 14 20 18 16 19 17 15 9 12 10 13 11
10 12 9 15 17 19 16 18 20 14 8 2 5 3 7 4 6 1 21 13 11
8 2 5 3 7 4 6 1 21 14 20 18 16 19 17 15 9 12 10 13 11
14 8 2 5 3 7 4 6 1 21 20 18 16 19 17 15 9 12 10 13 11
12 9 15 17 19 16 18 20 14 8 2 5 3 7 4 6 1 21 10 13 11
9 15 17 19 16 18 20 14 8 2 5 3 7 4 6 1 21 12 10 13 11
1 21 6 4 7 3 5 2 8 14 20 18 16 19 17 15 9 12 10 13 11
19 17 20 11 14 9 12 8 2 5 3 6 4 7 1 21 16 18 15 10 13
5 3 6 4 7 1 21 2 8 12 9 14 11 20 17 19 16 18 15 10 13
18 16 19 17 20 11 14 9 12 8 2 5 3 6 4 7 1 21 15 10 13
12 8 2 5 3 6 4 7 1 21 9 14 11 20 17 19 16 18 15 10 13
6 4 7 1 21 3 5 2 8 12 9 14 11 20 17 19 16 18 15 10 13
1 21 7 4 6 3 5 2 8 12 9 14 11 20 17 19 16 18 15 10 13
6 4 7 2 5 1 21 3 8 12 10 14 20 18 16 19 17 15 11 13 9
5 1 21 2 7 4 6 3 8 12 10 14 20 18 16 19 17 15 11 13 9
4 7 2 5 1 21 6 3 8 12 10 14 20 18 16 19 17 15 11 13 9
1 21 5 2 7 4 6 3 8 12 10 14 20 18 16 19 17 15 11 13 9
17 19 16 18 20 14 10 12 8 3 6 4 7 2 5 1 21 15 11 13 9
2 5 1 21 7 4 6 3 8 12 10 14 20 18 16 19 17 15 11 13 9
8 3 6 4 7 2 5 1 21 12 10 14 20 18 16 19 17 15 11 13 9
20 2 4 7 3 5 1 21 17 19 16 18 15 10 13 11 14 9 12 8 6
17 20 2 4 7 3 5 1 21 19 16 18 15 10 13 11 14 9 12 8 6
14 11 13 10 15 18 16 19 17 20 2 4 7 3 5 1 21 9 12 8 6
5 1 21 3 7 4 2 20 17 19 16 18 15 10 13 11 14 9 12 8 6
15 18 16 19 17 20 2 4 7 3 5 1 21 10 13 11 14 9 12 8 6
5 1 21 3 7 4 2 6 8 14 11 20 17 19 16 18 15 9 12 10 13
2 4 7 3 5 1 21 6 8 14 11 20 17 19 16 18 15 9 12 10 13
14 8 6 2 4 7 3 5 1 21 11 20 17 19 16 18 15 9 12 10 13
18 16 19 17 20 11 14 8 6 2 4 7 3 5 1 21 15 9 12 10 13
17 20 11 14 8 6 2 4 7 3 5 1 21 19 16 18 15 9 12 10 13
20 11 14 8 6 2 4 7 3 5 1 21 17 19 16 18 15 9 12 10 13
6 2 4 7 3 5 1 21 8 14 11 20 17 19 16 18 15 9 12 10 13
1 21 5 3 7 4 2 6 8 14 11 20 17 19 16 18 15 9 12 10 13
12 15 18 16 19 17 20 14 11 8 2 5 3 7 4 6 1 21 9 13 10
4 6 1 21 7 3 5 2 8 11 14 20 17 19 16 18 15 12 9 13 10
2 5 3 7 4 6 1 21 8 11 14 20 17 19 16 18 15 12 9 13 10
14 11 8 2 5 3 7 4 6 1 21 20 17 19 16 18 15 12 9 13 10
3 7 4 6 1 21 5 2 8 11 14 20 17 19 16 18 15 12 9 13 10
1 21 6 4 7 3 5 2 8 11 14 20 17 19 16 18 15 12 9 13 10
3 6 4 7 2 5 1 21 8 12 10 14 9 13 11 15 20 17 19 16 18
11 13 9 14 10 12 8 3 6 4 7 2 5 1 21 15 20 17 19 16 18
8 3 6 4 7 2 5 1 21 12 10 14 9 13 11 15 20 17 19 16 18
6 4 7 2 5 1 21 3 8 12 10 14 9 13 11 15 20 17 19 16 18
2 5 1 21 7 4 6 3 8 14 12 20 18 16 19 17 15 11 9 13 10
5 1 21 2 7 4 6 3 8 14 12 20 18 16 19 17 15 11 9 13 10
14 8 3 6 4 7 2 5 1 21 12 20 18 16 19 17 15 11 9 13 10
20 12 14 8 3 6 4 7 2 5 1 21 18 16 19 17 15 11 9 13 10
8 3 6 4 7 2 5 1 21 14 12 20 18 16 19 17 15 11 9 13 10
1 21 5 2 7 4 6 3 8 14 12 20 18 16 19 17 15 11 9 13 10
11 9 13 10 12 14 8 3 5 2 6 4 7 1 21 15 17 19 16 20 18
3 5 2 6 4 7 1 21 8 14 12 10 13 9 11 15 17 19 16 20 18
12 14 8 3 5 2 6 4 7 1 21 10 13 9 11 15 17 19 16 20 18
9 13 10 12 14 8 3 5 2 6 4 7 1 21 11 15 17 19 16 20 18
8 3 6 1 4 7 2 5 21 14 11 13 10 12 9 15 17 20 18 16 19
13 11 14 8 3 6 1 4 7 2 5 21 10 12 9 15 17 20 18 16 19
12 10 13 11 14 8 3 6 4 7 2 5 1 21 9 15 20 17 19 16 18
10 13 11 14 8 3 6 4 7 2 5 1 21 12 9 15 20 17 19 16 18
8 3 6 4 7 2 5 1 21 14 11 13 10 12 9 15 20 17 19 16 18
11 14 8 3 6 4 7 2 5 1 21 13 10 12 9 15 20 17 19 16 18
4 7 2 5 1 21 6 3 8 14 11 13 10 12 9 15 20 17 19 16 18
6 4 7 2 5 1 21 3 8 14 11 13 10 12 9 15 20 17 19 16 18
18 20 9 11 13 10 12 14 8 4 6 2 5 1 3 7 21 16 19 17 15
11 13 10 12 14 8 4 6 2 5 1 3 7 21 9 20 18 16 19 17 15
20 9 11 13 10 12 14 8 4 6 2 5 1 3 7 21 18 16 19 17 15
4 6 2 5 1 3 7 21 8 14 12 10 13 11 9 20 18 16 19 17 15
6 2 5 1 3 7 21 4 8 14 12 10 13 11 9 20 18 16 19 17 15
12 14 8 4 6 2 5 1 3 7 21 10 13 11 9 20 18 16 19 17 15
13 10 12 14 8 4 6 2 5 1 3 7 21 11 9 20 18 16 19 17 15
8 3 6 1 7 4 2 5 21 12 9 14 11 13 10 15 20 18 16 19 17
14 9 12 8 3 6 1 7 4 2 5 21 11 13 10 15 20 18 16 19 17
10 13 11 14 9 12 8 3 6 1 7 4 2 5 21 15 20 18 16 19 17
13 11 15 17 19 16 18 20 14 10 8 3 5 7 2 4 6 1 21 9 12
14 10 8 3 5 7 2 4 6 1 21 20 18 16 19 17 15 11 13 9 12
4 6 1 21 2 7 5 3 8 10 14 20 18 16 19 17 15 11 13 9 12
7 2 4 6 1 21 5 3 8 10 14 20 18 16 19 17 15 11 13 9 12
17 19 16 18 20 14 10 8 3 5 7 2 4 6 1 21 15 11 13 9 12
15 17 19 16 18 20 14 10 8 3 5 7 2 4 6 1 21 11 13 9 12
10 8 3 5 7 2 4 6 1 21 14 20 18 16 19 17 15 11 13 9 12
1 21 6 4 2 7 5 3 8 10 14 20 18 16 19 17 15 11 13 9 12
4 7 1 21 6 3 5 2 8 12 9 14 11 13 10 15 18 20 17 19 16
11 14 9 12 8 2 5 3 6 4 7 1 21 13 10 15 18 20 17 19 16
12 8 2 5 3 6 4 7 1 21 9 14 11 13 10 15 18 20 17 19 16
13 11 14 9 12 8 2 5 3 6 4 7 1 21 10 15 18 20 17 19 16
14 11 13 8 2 5 3 7 4 6 1 21 10 12 9 15 20 18 16 19 17
11 13 8 2 5 3 7 4 6 1 21 14 10 12 9 15 20 18 16 19 17
10 14 11 13 8 2 5 3 7 4 6 1 21 12 9 15 20 18 16 19 17
9 12 10 14 11 13 8 2 5 3 7 4 6 1 21 15 20 18 16 19 17
14 10 8 4 7 2 5 3 6 1 21 12 9 20 18 16 19 17 15 11 13
17 19 16 18 20 9 12 14 10 8 4 7 2 5 3 6 1 21 15 11 13
15 17 19 16 18 20 9 12 14 10 8 4 7 2 5 3 6 1 21 11 13
12 14 10 8 4 7 2 5 3 6 1 21 9 20 18 16 19 17 15 11 13
10 8 4 7 2 5 3 6 1 21 14 12 9 20 18 16 19 17 15 11 13
19 16 18 20 9 12 14 10 8 4 7 2 5 3 6 1 21 17 15 11 13
1 21 6 3 5 2 7 4 8 10 14 12 9 20 18 16 19 17 15 11 13
8 11 21 4 2 6 3 5 7 1 12 9 14 20 17 19 16 18 15 13 10
2 4 8 11 21 6 3 5 7 1 12 9 14 20 17 19 16 18 15 13 10
15 18 16 19 17 20 14 9 12 1 7 5 3 6 2 4 8 11 21 13 10
11 21 8 4 2 6 3 5 7 1 12 9 14 20 17 19 16 18 15 13 10
13 10 12 14 8 2 5 3 7 4 6 1 21 11 9 15 18 20 17 19 16
12 14 8 2 5 3 7 4 6 1 21 10 13 11 9 15 18 20 17 19 16
14 8 2 5 3 7 4 6 1 21 12 10 13 11 9 15 18 20 17 19 16
8 2 5 3 7 4 6 1 21 14 12 10 13 11 9 15 18 20 17 19 16
20 6 2 5 1 3 7 21 17 19 16 18 15 9 12 10 13 11 14 8 4
5 1 3 7 21 2 6 20 17 19 16 18 15 9 12 10 13 11 14 8 4
19 17 20 6 2 5 1 3 7 21 16 18 15 9 12 10 13 11 14 8 4
16 19 17 20 6 2 5 1 3 7 21 18 15 9 12 10 13 11 14 8 4
15 18 16 19 17 20 6 2 5 1 3 7 21 9 12 10 13 11 14 8 4
11 13 10 12 9 15 18 16 19 17 20 6 2 5 1 3 7 21 14 8 4
8 6 2 4 7 3 5 1 21 13 11 9 14 12 10 20 18 16 19 17 15
9 11 13 8 6 2 4 7 3 5 1 21 14 12 10 20 18 16 19 17 15
20 10 12 14 9 11 13 8 6 2 4 7 3 5 1 21 18 16 19 17 15
14 9 11 13 8 6 2 4 7 3 5 1 21 12 10 20 18 16 19 17 15
13 8 6 2 4 7 3 5 1 21 11 9 14 12 10 20 18 16 19 17 15
16 19 17 20 13 11 14 8 4 6 2 7 3 5 1 21 18 15 9 12 10
17 20 13 11 14 8 4 6 2 7 3 5 1 21 19 16 18 15 9 12 10
8 4 6 2 7 3 5 1 21 14 11 13 20 17 19 16 18 15 9 12 10
13 11 14 8 4 6 2 7 3 5 1 21 20 17 19 16 18 15 9 12 10
2 7 3 5 1 21 6 4 8 14 11 13 20 17 19 16 18 15 9 12 10
20 13 11 14 8 4 6 2 7 3 5 1 21 17 19 16 18 15 9 12 10
1 21 5 3 7 2 6 4 8 14 11 13 20 17 19 16 18 15 9 12 10
10 12 9 15 18 16 19 17 20 14 8 2 4 6 3 7 5 1 21 13 11
9 15 18 16 19 17 20 14 8 2 4 6 3 7 5 1 21 12 10 13 11
3 7 5 1 21 6 4 2 8 14 20 17 19 16 18 15 9 12 10 13 11
1 21 5 7 3 6 4 2 8 14 20 17 19 16 18 15 9 12 10 13 11
11 15 17 19 16 18 20 3 6 1 4 7 2 5 21 13 9 14 10 12 8
15 17 19 16 18 20 3 6 1 4 7 2 5 21 11 13 9 14 10 12 8
20 3 6 1 4 7 2 5 21 18 16 19 17 15 11 13 9 14 10 12 8
12 10 14 9 13 11 15 17 19 16 18 20 3 6 1 4 7 2 5 21 8
6 1 4 7 2 5 21 3 20 18 16 19 17 15 11 13 9 14 10 12 8
16 18 20 3 6 1 4 7 2 5 21 19 17 15 11 13 9 14 10 12 8
17 19 16 18 20 3 6 1 4 7 2 5 21 15 11 13 9 14 10 12 8
10 14 9 13 11 15 17 19 16 18 20 3 6 1 4 7 2 5 21 12 8
1 4 7 2 5 21 6 3 20 18 16 19 17 15 11 13 9 14 10 12 8
13 1 4 10 8 6 9 5 7 11 14 2 12 21 3 15 20 17 19 16 18
1 4 10 8 6 9 5 7 11 14 2 12 21 13 3 15 20 17 19 16 18
4 10 8 6 9 5 7 11 14 2 12 21 1 13 3 15 20 17 19 16 18
5 7 11 14 2 12 21 9 6 8 10 4 1 13 3 15 20 17 19 16 18
9 5 7 11 14 2 12 21 6 8 10 4 1 13 3 15 20 17 19 16 18
6 1 21 4 7 3 5 2 8 10 14 12 9 20 18 16 19 17 15 11 13
1 21 6 4 7 3 5 2 8 10 14 12 9 20 18 16 19 17 15 11 13
11 15 17 19 16 18 20 9 12 14 10 8 2 5 3 7 4 6 1 21 13
18 20 9 12 14 10 8 2 5 3 7 4 6 1 21 16 19 17 15 11 13
16 18 20 9 12 14 10 8 2 5 3 7 4 6 1 21 19 17 15 11 13
2 5 3 7 4 6 1 21 8 10 14 12 9 20 18 16 19 17 15 11 13
7 21 3 1 5 2 6 4 8 14 12 20 17 19 16 18 15 9 11 13 10
11 9 15 18 16 19 17 20 12 14 8 4 6 2 5 1 3 7 21 13 10
4 6 2 5 1 3 7 21 8 14 12 20 17 19 16 18 15 9 11 13 10
9 15 18 16 19 17 20 12 14 8 4 6 2 5 1 3 7 21 11 13 10
3 6 4 21 7 1 5 2 8 14 12 10 20 17 19 16 18 15 11 9 13
2 5 1 7 3 6 4 21 8 14 12 10 20 17 19 16 18 15 11 9 13
19 17 20 10 12 14 8 2 5 1 7 3 6 4 21 16 18 15 11 9 13
14 8 2 5 1 7 3 6 4 21 12 10 20 17 19 16 18 15 11 9 13
15 18 16 19 17 20 10 12 14 8 2 5 1 7 3 6 4 21 11 9 13
8 2 5 1 7 3 6 4 21 14 12 10 20 17 19 16 18 15 11 9 13
17 20 10 12 14 8 2 5 1 7 3 6 4 21 19 16 18 15 11 9 13
18 16 19 17 20 10 12 14 8 2 5 1 7 3 6 4 21 15 11 9 13
1 7 3 6 4 21 5 2 8 14 12 10 20 17 19 16 18 15 11 9 13
16 18 20 11 9 13 10 12 14 8 4 2 5 7 3 6 1 21 19 17 15
10 12 14 8 4 2 5 7 3 6 1 21 13 9 11 20 18 16 19 17 15
4 2 5 7 3 6 1 21 8 14 12 10 13 9 11 20 18 16 19 17 15
18 20 11 9 13 10 12 14 8 4 2 5 7 3 6 1 21 16 19 17 15
3 6 1 21 7 5 2 4 8 14 12 10 13 9 11 20 18 16 19 17 15
6 1 21 3 7 5 2 4 8 13 11 14 10 12 9 15 18 20 17 19 16
14 11 13 8 4 2 5 7 3 6 1 21 10 12 9 15 18 20 17 19 16
13 8 4 2 5 7 3 6 1 21 11 14 10 12 9 15 18 20 17 19 16
10 14 11 13 8 4 2 5 7 3 6 1 21 12 9 15 18 20 17 19 16
6 3 7 5 1 21 4 2 8 12 14 10 13 20 18 16 19 17 15 9 11
3 7 5 1 21 6 4 2 8 12 14 10 13 20 18 16 19 17 15 9 11
2 4 6 3 7 5 1 21 8 12 14 10 13 20 18 16 19 17 15 9 11
8 2 4 6 3 7 5 1 21 12 14 10 13 20 18 16 19 17 15 9 11
5 1 21 7 3 6 4 2 8 12 14 10 13 20 18 16 19 17 15 9 11
1 21 5 7 3 6 4 2 8 12 14 10 13 20 18 16 19 17 15 9 11
3 7 5 21 1 6 2 4 8 14 20 18 16 19 17 15 10 12 9 13 11
14 8 4 2 6 1 3 7 5 21 20 18 16 19 17 15 10 12 9 13 11
6 1 3 7 5 21 2 4 8 14 20 18 16 19 17 15 10 12 9 13 11
5 21 7 3 1 6 2 4 8 14 20 18 16 19 17 15 10 12 9 13 11
16 19 17 15 12 9 13 10 14 11 8 4 2 6 1 3 7 5 21 20 18
10 14 11 8 4 2 6 1 3 7 5 21 13 9 12 15 17 19 16 20 18
3 7 5 21 1 6 2 4 8 11 14 10 13 9 12 15 17 19 16 20 18
9 13 11 14 8 4 6 2 5 1 3 7 21 12 10 15 20 17 19 16 18
6 2 5 1 3 7 21 4 8 14 11 13 9 12 10 15 20 17 19 16 18
11 14 8 4 6 2 5 1 3 7 21 13 9 12 10 15 20 17 19 16 18
10 12 9 13 11 14 8 4 6 2 5 1 3 7 21 15 20 17 19 16 18
8 4 6 2 5 1 3 7 21 14 11 13 9 12 10 15 20 17 19 16 18
14 8 4 6 2 5 1 3 7 21 11 13 9 12 10 15 20 17 19 16 18
6 4 21 3 7 1 5 2 8 14 12 10 13 9 11 20 18 16 19 17 15
10 12 14 8 2 5 1 7 3 6 4 21 13 9 11 20 18 16 19 17 15
14 8 2 5 1 7 3 6 4 21 12 10 13 9 11 20 18 16 19 17 15
2 5 1 7 3 6 4 21 8 14 12 10 13 9 11 20 18 16 19 17 15
5 1 7 3 6 4 21 2 8 14 12 10 13 9 11 20 18 16 19 17 15
16 18 20 11 9 13 10 12 14 8 2 5 1 7 3 6 4 21 19 17 15
19 16 18 20 11 9 13 10 12 14 8 2 5 1 7 3 6 4 21 17 15
1 7 3 6 4 21 5 2 8 14 12 10 13 9 11 20 18 16 19 17 15
3 7 5 21 1 6 2 4 8 11 14 10 13 9 20 17 19 16 18 15 12
1 3 7 5 21 6 2 4 8 11 14 10 13 9 20 17 19 16 18 15 12
5 21 7 3 1 6 2 4 8 11 14 10 13 9 20 17 19 16 18 15 12
19 17 20 9 13 10 14 11 8 4 2 6 1 3 7 5 21 16 18 15 12
13 10 14 12 8 4 6 2 7 3 5 1 21 11 9 15 18 20 17 19 16
2 7 3 5 1 21 6 4 8 12 14 10 13 11 9 15 18 20 17 19 16
12 8 4 6 2 7 3 5 1 21 14 10 13 11 9 15 18 20 17 19 16
18 15 9 11 13 10 14 12 8 4 6 2 7 3 5 1 21 20 17 19 16
7 1 21 5 3 6 2 4 8 14 11 13 10 12 9 20 18 16 19 17 15
16 18 20 9 12 10 13 11 14 8 4 2 6 3 5 7 1 21 19 17 15
5 7 1 21 3 6 2 4 8 14 11 13 10 12 9 20 18 16 19 17 15
4 2 6 3 5 7 1 21 8 14 11 13 10 12 9 20 18 16 19 17 15
14 8 4 2 6 3 5 7 1 21 11 13 10 12 9 20 18 16 19 17 15
12 9 13 11 14 8 3 6 1 4 7 2 5 21 10 15 17 19 16 18 20
10 12 9 13 11 14 8 3 6 1 4 7 2 5 21 15 17 19 16 18 20
11 14 8 3 6 1 4 7 2 5 21 13 9 12 10 15 17 19 16 18 20
7 4 1 6 3 21 2 5 8 12 9 14 11 13 20 18 16 19 17 15 10
11 14 9 12 8 5 2 7 4 1 6 3 21 13 20 18 16 19 17 15 10
5 2 7 4 1 6 3 21 8 12 9 14 11 13 20 18 16 19 17 15 10
12 8 5 2 7 4 1 6 3 21 9 14 11 13 20 18 16 19 17 15 10
9 12 8 5 2 7 4 1 6 3 21 14 11 13 20 18 16 19 17 15 10
19 16 18 20 13 11 14 9 12 8 5 2 7 4 1 6 3 21 17 15 10
1 6 3 21 4 7 2 5 8 12 9 14 11 13 20 18 16 19 17 15 10
14 9 12 8 5 2 7 4 1 6 3 21 11 13 20 18 16 19 17 15 10
14 9 11 13 8 2 5 1 7 3 6 4 21 12 10 20 17 19 16 18 15
8 2 5 1 7 3 6 4 21 13 11 9 14 12 10 20 17 19 16 18 15
7 3 6 4 21 1 5 2 8 13 11 9 14 12 10 20 17 19 16 18 15
9 11 13 8 2 5 1 7 3 6 4 21 14 12 10 20 17 19 16 18 15
19 17 20 10 12 14 9 11 13 8 2 5 1 7 3 6 4 21 16 18 15
17 20 10 12 14 9 11 13 8 2 5 1 7 3 6 4 21 19 16 18 15
12 14 9 11 13 8 2 5 1 7 3 6 4 21 10 20 17 19 16 18 15
1 7 3 6 4 21 5 2 8 13 11 9 14 12 10 20 17 19 16 18 15
4 1 6 3 21 7 2 5 8 14 12 10 13 11 20 17 19 16 18 15 9
13 10 12 14 8 5 2 7 4 1 6 3 21 11 20 17 19 16 18 15 9
18 16 19 17 20 11 13 10 12 14 8 5 2 7 4 1 6 3 21 15 9
15 18 16 19 17 20 11 13 10 12 14 8 5 2 7 4 1 6 3 21 9
5 2 7 4 1 6 3 21 8 14 12 10 13 11 20 17 19 16 18 15 9
8 5 2 7 4 1 6 3 21 14 12 10 13 11 20 17 19 16 18 15 9
1 6 3 21 4 7 2 5 8 14 12 10 13 11 20 17 19 16 18 15 9
8 4 2 6 3 5 7 1 21 14 11 13 20 17 19 16 18 15 9 12 10
13 11 14 8 4 2 6 3 5 7 1 21 20 17 19 16 18 15 9 12 10
17 20 13 11 14 8 4 2 6 3 5 7 1 21 19 16 18 15 9 12 10
7 1 21 5 3 6 2 4 8 14 11 13 20 17 19 16 18 15 9 12 10
1 21 7 5 3 6 2 4 8 14 11 13 20 17 19 16 18 15 9 12 10
9 13 11 21 6 8 3 5 7 2 4 1 10 14 12 20 17 19 16 18 15
4 2 7 5 3 8 6 9 13 11 21 1 10 14 12 20 17 19 16 18 15
12 14 10 1 4 2 7 5 3 8 6 9 13 11 21 20 17 19 16 18 15
13 8 4 2 5 7 3 6 1 21 11 20 17 19 16 18 15 9 12 10 14
6 1 21 3 7 5 2 4 8 13 11 20 17 19 16 18 15 9 12 10 14
5 7 3 6 1 21 2 4 8 13 11 20 17 19 16 18 15 9 12 10 14
9 15 18 16 19 17 20 11 13 8 4 2 5 7 3 6 1 21 12 10 14
8 4 2 5 7 3 6 1 21 13 11 20 17 19 16 18 15 9 12 10 14
19 17 20 11 13 8 4 2 5 7 3 6 1 21 16 18 15 9 12 10 14
2 5 7 3 6 1 21 4 8 13 11 20 17 19 16 18 15 9 12 10 14
7 3 6 1 21 5 2 4 8 13 11 20 17 19 16 18 15 9 12 10 14
1 21 6 3 7 5 2 4 8 13 11 20 17 19 16 18 15 9 12 10 14
1 21 7 4 6 2 5 3 8 14 20 18 16 19 17 15 11 9 13 10 12
10 13 9 11 15 17 19 16 18 20 14 8 3 5 2 6 4 7 1 21 12
8 3 5 2 6 4 7 1 21 14 20 18 16 19 17 15 11 9 13 10 12
5 2 6 4 7 1 21 3 8 14 20 18 16 19 17 15 11 9 13 10 12
6 3 5 7 1 21 4 2 8 14 11 13 9 12 10 15 17 19 16 20 18
9 13 11 14 8 2 4 6 3 5 7 1 21 12 10 15 17 19 16 20 18
3 5 7 1 21 6 4 2 8 14 11 13 9 12 10 15 17 19 16 20 18
16 19 17 15 10 12 9 13 11 14 8 2 4 6 3 5 7 1 21 20 18
13 11 14 8 2 4 6 3 5 7 1 21 9 12 10 15 17 19 16 20 18
7 1 21 5 3 6 4 2 8 14 11 13 9 12 10 15 17 19 16 20 18
14 8 2 4 6 3 5 7 1 21 11 13 9 12 10 15 17 19 16 20 18
3 7 5 21 1 6 2 4 8 11 14 10 13 9 12 15 18 16 19 17 20
14 11 8 4 2 6 1 3 7 5 21 10 13 9 12 15 18 16 19 17 20
13 10 14 11 8 4 2 6 1 3 7 5 21 9 12 15 18 16 19 17 20
2 5 21 7 4 1 6 3 8 14 12 10 20 18 16 19 17 15 9 11 13
7 2 5 21 4 1 6 3 8 14 12 10 20 18 16 19 17 15 9 11 13
6 1 4 7 2 5 21 3 8 14 12 10 20 18 16 19 17 15 9 11 13
14 8 3 6 1 4 7 2 5 21 12 10 20 18 16 19 17 15 9 11 13
1 4 7 2 5 21 6 3 8 14 12 10 20 18 16 19 17 15 9 11 13
14 8 5 2 7 4 1 6 3 21 11 13 9 12 10 15 18 16 20 17 19
2 7 4 1 6 3 21 5 8 14 11 13 9 12 10 15 18 16 20 17 19
16 18 15 10 12 9 13 11 14 8 5 2 7 4 1 6 3 21 20 17 19
8 5 2 7 4 1 6 3 21 14 11 13 9 12 10 15 18 16 20 17 19
9 13 11 14 8 5 2 7 4 1 6 3 21 12 10 15 18 16 20 17 19
15 9 12 10 14 11 13 8 4 2 6 3 5 7 1 21 20 17 19 16 18
3 5 7 1 21 6 2 4 8 13 11 14 10 12 9 15 20 17 19 16 18
7 1 21 5 3 6 2 4 8 13 11 14 10 12 9 15 20 17 19 16 18
2 4 6 3 7 5 1 21 8 14 12 10 20 18 16 19 17 15 9 11 13
15 17 19 16 18 20 10 12 14 8 2 4 6 3 7 5 1 21 9 11 13
19 16 18 20 10 12 14 8 2 4 6 3 7 5 1 21 17 15 9 11 13
1 21 5 7 3 6 4 2 8 14 12 10 20 18 16 19 17 15 9 11 13
12 14 8 2 4 6 3 7 5 1 21 10 20 18 16 19 17 15 9 11 13
8 2 4 6 3 7 5 1 21 14 12 10 20 18 16 19 17 15 9 11 13
11 13 2 14 10 6 9 4 7 5 8 3 12 1 21 15 17 19 16 18 20
6 9 4 7 5 8 3 12 1 21 10 14 2 13 11 15 17 19 16 18 20
4 7 5 8 3 12 1 21 9 6 10 14 2 13 11 15 17 19 16 18 20
9 4 7 5 8 3 12 1 21 6 10 14 2 13 11 15 17 19 16 18 20
10 6 9 4 7 5 8 3 12 1 21 14 2 13 11 15 17 19 16 18 20
10 14 11 13 8 4 6 2 7 3 5 1 21 12 9 15 18 16 20 17 19
13 8 4 6 2 7 3 5 1 21 11 14 10 12 9 15 18 16 20 17 19
16 18 15 9 12 10 14 11 13 8 4 6 2 7 3 5 1 21 20 17 19
6 2 7 3 5 1 21 4 8 13 11 14 10 12 9 15 18 16 20 17 19
9 12 10 14 11 13 8 4 6 2 7 3 5 1 21 15 18 16 20 17 19
4 6 2 7 3 5 1 21 8 13 11 14 10 12 9 15 18 16 20 17 19
13 1 4 8 10 7 5 9 6 11 14 2 12 21 3 15 17 19 16 20 18
8 10 7 5 9 6 11 14 2 12 21 4 1 13 3 15 17 19 16 20 18
4 8 10 7 5 9 6 11 14 2 12 21 1 13 3 15 17 19 16 20 18
16 19 17 15 3 13 1 4 8 10 7 5 9 6 11 14 2 12 21 20 18
5 9 6 11 14 2 12 21 7 10 8 4 1 13 3 15 17 19 16 20 18
6 11 14 2 12 21 9 5 7 10 8 4 1 13 3 15 17 19 16 20 18
1 4 8 10 7 5 9 6 11 14 2 12 21 13 3 15 17 19 16 20 18
11 13 8 4 2 6 3 5 7 1 21 14 10 12 9 15 17 19 16 18 20
5 7 1 21 3 6 2 4 8 13 11 14 10 12 9 15 17 19 16 18 20
10 14 11 13 8 4 2 6 3 5 7 1 21 12 9 15 17 19 16 18 20
2 6 3 5 7 1 21 4 8 13 11 14 10 12 9 15 17 19 16 18 20
7 1 21 5 3 6 2 4 8 13 11 14 10 12 9 15 17 19 16 18 20
10 8 6 9 5 7 11 14 2 12 21 4 1 13 3 15 17 19 16 20 18
5 7 11 14 2 12 21 9 6 8 10 4 1 13 3 15 17 19 16 20 18
16 19 17 15 3 13 1 4 10 8 6 9 5 7 11 14 2 12 21 20 18
8 6 9 5 7 11 14 2 12 21 10 4 1 13 3 15 17 19 16 20 18
7 11 14 2 12 21 5 9 6 8 10 4 1 13 3 15 17 19 16 20 18
1 4 10 8 6 9 5 7 11 14 2 12 21 13 3 15 17 19 16 20 18
2 4 7 5 1 21 6 3 8 13 11 14 10 12 20 18 16 19 17 15 9
3 6 2 4 7 5 1 21 8 13 11 14 10 12 20 18 16 19 17 15 9
19 16 18 20 12 10 14 11 13 8 3 6 2 4 7 5 1 21 17 15 9
16 18 20 12 10 14 11 13 8 3 6 2 4 7 5 1 21 19 17 15 9
10 14 11 13 8 3 6 2 4 7 5 1 21 12 20 18 16 19 17 15 9
6 2 4 7 5 1 21 3 8 13 11 14 10 12 20 18 16 19 17 15 9
7 5 1 21 4 2 6 3 8 13 11 14 10 12 20 18 16 19 17 15 9
1 21 5 7 4 2 6 3 8 13 11 14 10 12 20 18 16 19 17 15 9
14 12 10 13 11 9 15 18 16 19 17 20 5 2 7 4 1 6 3 21 8
16 19 17 20 5 2 7 4 1 6 3 21 18 15 9 11 13 10 12 14 8
17 20 5 2 7 4 1 6 3 21 19 16 18 15 9 11 13 10 12 14 8
5 2 7 4 1 6 3 21 20 17 19 16 18 15 9 11 13 10 12 14 8
11 9 15 18 16 19 17 20 5 2 7 4 1 6 3 21 13 10 12 14 8
1 6 3 21 4 7 2 5 20 17 19 16 18 15 9 11 13 10 12 14 8
4 7 10 6 9 11 21 8 5 3 12 1 14 2 13 15 17 19 16 20 18
1 12 3 5 8 4 7 10 6 9 11 21 14 2 13 15 17 19 16 20 18
9 11 21 6 10 7 4 8 5 3 12 1 14 2 13 15 17 19 16 20 18
10 6 9 11 21 7 4 8 5 3 12 1 14 2 13 15 17 19 16 20 18
7 10 6 9 11 21 4 8 5 3 12 1 14 2 13 15 17 19 16 20 18
2 5 3 6 1 21 7 4 8 12 14 20 17 19 16 18 15 9 11 13 10
9 15 18 16 19 17 20 14 12 8 4 7 2 5 3 6 1 21 11 13 10
19 17 20 14 12 8 4 7 2 5 3 6 1 21 16 18 15 9 11 13 10
4 7 2 5 3 6 1 21 8 12 14 20 17 19 16 18 15 9 11 13 10
3 6 1 21 5 2 7 4 8 12 14 20 17 19 16 18 15 9 11 13 10
7 2 5 3 6 1 21 4 8 12 14 20 17 19 16 18 15 9 11 13 10
1 21 6 3 5 2 7 4 8 12 14 20 17 19 16 18 15 9 11 13 10
10 14 11 13 8 4 6 2 5 1 3 7 21 12 9 15 18 16 20 17 19
16 18 15 9 12 10 14 11 13 8 4 6 2 5 1 3 7 21 20 17 19
12 10 14 11 13 8 4 6 2 5 1 3 7 21 9 15 18 16 20 17 19
13 8 4 6 2 5 1 3 7 21 11 14 10 12 9 15 18 16 20 17 19
14 11 13 8 4 6 2 5 1 3 7 21 10 12 9 15 18 16 20 17 19
6 2 5 1 3 7 21 4 8 14 20 18 16 19 17 15 9 12 10 13 11
3 7 21 1 5 2 6 4 8 14 20 18 16 19 17 15 9 12 10 13 11
10 12 9 15 17 19 16 18 20 14 8 4 6 2 5 1 3 7 21 13 11
12 9 15 17 19 16 18 20 14 8 4 6 2 5 1 3 7 21 10 13 11
11 14 8 4 6 2 7 3 5 1 21 13 10 12 9 15 17 19 16 18 20
2 7 3 5 1 21 6 4 8 14 11 13 10 12 9 15 17 19 16 18 20
3 5 1 21 7 2 6 4 8 14 11 13 10 12 9 15 17 19 16 18 20
14 8 4 6 2 7 3 5 1 21 11 13 10 12 9 15 17 19 16 18 20
5 21 2 7 4 1 6 3 8 12 14 10 13 11 20 18 16 19 17 15 9
6 1 4 7 2 5 21 3 8 12 14 10 13 11 20 18 16 19 17 15 9
16 18 20 11 13 10 14 12 8 3 6 1 4 7 2 5 21 19 17 15 9
12 8 3 6 1 4 7 2 5 21 14 10 13 11 20 18 16 19 17 15 9
17 19 16 18 20 11 13 10 14 12 8 3 6 1 4 7 2 5 21 15 9
20 11 13 10 14 12 8 3 6 1 4 7 2 5 21 18 16 19 17 15 9
1 4 7 2 5 21 6 3 8 12 14 10 13 11 20 18 16 19 17 15 9
16 19 17 20 9 12 10 14 11 13 8 2 5 1 7 3 6 4 21 18 15
20 9 12 10 14 11 13 8 2 5 1 7 3 6 4 21 17 19 16 18 15
13 8 2 5 1 7 3 6 4 21 11 14 10 12 9 20 17 19 16 18 15
2 5 1 7 3 6 4 21 8 13 11 14 10 12 9 20 17 19 16 18 15
14 11 13 8 2 5 1 7 3 6 4 21 10 12 9 20 17 19 16 18 15
6 4 21 3 7 1 5 2 8 13 11 14 10 12 9 20 17 19 16 18 15
1 7 3 6 4 21 5 2 8 13 11 14 10 12 9 20 17 19 16 18 15
1 4 7 2 5 21 6 3 20 18 16 19 17 15 9 11 13 10 14 12 8
10 13 11 9 15 17 19 16 18 20 3 6 1 4 7 2 5 21 14 12 8
17 19 16 18 20 3 6 1 4 7 2 5 21 15 9 11 13 10 14 12 8
16 18 20 3 6 1 4 7 2 5 21 19 17 15 9 11 13 10 14 12 8
4 7 2 5 21 1 6 3 20 18 16 19 17 15 9 11 13 10 14 12 8
3 6 1 4 7 2 5 21 20 18 16 19 17 15 9 11 13 10 14 12 8
20 3 6 1 4 7 2 5 21 18 16 19 17 15 9 11 13 10 14 12 8
12 14 10 13 11 9 15 17 19 16 18 20 3 6 1 4 7 2 5 21 8
5 1 21 3 7 4 2 6 8 12 9 14 11 13 10 20 18 16 19 17 15
20 10 13 11 14 9 12 8 6 2 4 7 3 5 1 21 18 16 19 17 15
19 16 18 20 10 13 11 14 9 12 8 6 2 4 7 3 5 1 21 17 15
2 4 7 3 5 1 21 6 8 12 9 14 11 13 10 20 18 16 19 17 15
5 1 21 3 7 2 6 4 8 12 9 14 11 13 10 15 17 19 16 18 20
2 7 3 5 1 21 6 4 8 12 9 14 11 13 10 15 17 19 16 18 20
9 12 8 4 6 2 7 3 5 1 21 14 11 13 10 15 17 19 16 18 20
12 8 4 6 2 7 3 5 1 21 9 14 11 13 10 15 17 19 16 18 20
8 4 6 2 7 3 5 1 21 12 9 14 11 13 10 15 17 19 16 18 20
14 8 4 6 2 5 1 3 7 21 12 10 13 9 11 15 17 19 16 18 20
6 2 5 1 3 7 21 4 8 14 12 10 13 9 11 15 17 19 16 18 20
8 4 6 2 5 1 3 7 21 14 12 10 13 9 11 15 17 19 16 18 20
10 12 14 8 4 6 2 5 1 3 7 21 13 9 11 15 17 19 16 18 20
7 1 21 5 3 6 2 4 8 10 14 12 9 20 18 16 19 17 15 11 13
17 19 16 18 20 9 12 14 10 8 4 2 6 3 5 7 1 21 15 11 13
15 17 19 16 18 20 9 12 14 10 8 4 2 6 3 5 7 1 21 11 13
18 20 9 12 14 10 8 4 2 6 3 5 7 1 21 16 19 17 15 11 13
2 6 3 5 7 1 21 4 8 10 14 12 9 20 18 16 19 17 15 11 13
16 18 20 9 12 14 10 8 4 2 6 3 5 7 1 21 19 17 15 11 13
1 21 7 5 3 6 2 4 8 10 14 12 9 20 18 16 19 17 15 11 13
2 6 3 5 7 1 21 4 8 13 11 9 14 12 10 15 18 16 20 17 19
4 2 6 3 5 7 1 21 8 13 11 9 14 12 10 15 18 16 20 17 19
16 18 15 10 12 14 9 11 13 8 4 2 6 3 5 7 1 21 20 17 19
11 13 8 4 2 6 3 5 7 1 21 9 14 12 10 15 18 16 20 17 19
8 4 2 6 3 5 7 1 21 13 11 9 14 12 10 15 18 16 20 17 19
9 11 13 8 4 2 6 3 5 7 1 21 14 12 10 15 18 16 20 17 19
10 12 14 8 2 5 1 7 3 6 4 21 13 9 11 15 20 17 19 16 18
11 9 13 10 12 14 8 2 5 1 7 3 6 4 21 15 20 17 19 16 18
2 5 1 7 3 6 4 21 8 14 12 10 13 9 11 15 20 17 19 16 18
11 13 8 2 4 6 3 5 7 1 21 14 10 12 9 15 18 16 20 17 19
6 3 5 7 1 21 4 2 8 13 11 14 10 12 9 15 18 16 20 17 19
7 1 21 5 3 6 4 2 8 13 11 14 10 12 9 15 18 16 20 17 19
10 14 11 13 8 2 4 6 3 5 7 1 21 12 9 15 18 16 20 17 19
2 4 6 3 5 7 1 21 8 13 11 14 10 12 9 15 18 16 20 17 19
14 11 13 8 2 4 6 3 5 7 1 21 10 12 9 15 18 16 20 17 19
16 19 17 20 13 10 12 14 8 1 6 4 7 2 5 3 21 18 15 11 9
20 13 10 12 14 8 1 6 4 7 2 5 3 21 17 19 16 18 15 11 9
8 1 6 4 7 2 5 3 21 14 12 10 13 20 17 19 16 18 15 11 9
7 2 5 3 21 4 6 1 8 14 12 10 13 20 17 19 16 18 15 11 9
5 3 21 2 7 4 6 1 8 14 12 10 13 20 17 19 16 18 15 11 9
4 7 2 5 3 21 6 1 8 14 12 10 13 20 17 19 16 18 15 11 9
11 15 18 16 19 17 20 13 10 12 14 8 1 6 4 7 2 5 3 21 9
1 6 4 7 2 5 3 21 8 14 12 10 13 20 17 19 16 18 15 11 9
14 8 2 4 6 3 7 5 1 21 12 10 13 9 11 15 18 16 19 17 20
12 14 8 2 4 6 3 7 5 1 21 10 13 9 11 15 18 16 19 17 20
6 3 7 5 1 21 4 2 8 14 12 10 13 9 11 15 18 16 19 17 20
13 10 12 14 8 2 4 6 3 7 5 1 21 9 11 15 18 16 19 17 20
9 13 10 12 14 8 2 4 6 3 7 5 1 21 11 15 18 16 19 17 20
2 4 6 3 7 5 1 21 8 14 12 10 13 9 11 15 18 16 19 17 20
7 5 9 6 11 14 2 12 21 10 8 4 1 13 3 15 20 17 19 16 18
8 10 7 5 9 6 11 14 2 12 21 4 1 13 3 15 20 17 19 16 18
11 14 2 12 21 6 9 5 7 10 8 4 1 13 3 15 20 17 19 16 18
2 12 21 14 11 6 9 5 7 10 8 4 1 13 3 15 20 17 19 16 18
13 1 4 8 10 7 5 9 6 11 14 2 12 21 3 15 20 17 19 16 18
10 7 5 9 6 11 14 2 12 21 8 4 1 13 3 15 20 17 19 16 18
1 4 8 10 7 5 9 6 11 14 2 12 21 13 3 15 20 17 19 16 18
5 1 21 7 4 2 6 3 8 14 11 13 9 12 10 15 18 16 19 17 20
8 3 6 2 4 7 5 1 21 14 11 13 9 12 10 15 18 16 19 17 20
14 8 3 6 2 4 7 5 1 21 11 13 9 12 10 15 18 16 19 17 20
7 5 1 21 4 2 6 3 8 14 11 13 9 12 10 15 18 16 19 17 20
13 11 14 8 3 6 2 4 7 5 1 21 9 12 10 15 18 16 19 17 20
6 1 4 7 2 5 21 3 8 14 11 13 9 12 10 15 20 17 19 16 18
15 10 12 9 13 11 14 8 3 6 1 4 7 2 5 21 20 17 19 16 18
6 1 4 7 2 5 21 3 8 14 12 10 13 9 11 15 18 20 17 19 16
18 15 11 9 13 10 12 14 8 3 6 1 4 7 2 5 21 20 17 19 16
9 13 10 12 14 8 3 6 1 4 7 2 5 21 11 15 18 20 17 19 16
6 4 7 2 5 3 21 1 8 14 11 13 10 12 9 15 17 19 16 18 20
10 13 11 14 8 1 6 4 7 2 5 3 21 12 9 15 17 19 16 18 20
4 7 2 5 3 21 6 1 8 14 11 13 10 12 9 15 17 19 16 18 20
13 11 14 8 1 6 4 7 2 5 3 21 10 12 9 15 17 19 16 18 20
1 6 4 7 2 5 3 21 8 14 11 13 10 12 9 15 17 19 16 18 20
2 7 4 1 6 3 21 5 8 14 11 13 20 18 16 19 17 15 9 12 10
3 21 6 1 4 7 2 5 8 14 11 13 20 18 16 19 17 15 9 12 10
7 4 1 6 3 21 2 5 8 14 11 13 20 18 16 19 17 15 9 12 10
13 11 14 8 5 2 7 4 1 6 3 21 20 18 16 19 17 15 9 12 10
1 6 3 21 4 7 2 5 8 14 11 13 20 18 16 19 17 15 9 12 10
6 3 21 1 4 7 2 5 8 14 11 13 20 18 16 19 17 15 9 12 10
9 6 11 14 2 12 21 5 7 10 8 4 1 13 3 15 18 16 20 17 19
1 4 8 10 7 5 9 6 11 14 2 12 21 13 3 15 18 16 20 17 19
3 13 1 4 8 10 7 5 9 6 11 14 2 12 21 15 18 16 20 17 19
2 4 6 3 7 5 1 21 8 14 11 13 20 17 19 16 18 15 10 12 9
17 20 13 11 14 8 2 4 6 3 7 5 1 21 19 16 18 15 10 12 9
11 14 8 2 4 6 3 7 5 1 21 13 20 17 19 16 18 15 10 12 9
8 2 4 6 3 7 5 1 21 14 11 13 20 17 19 16 18 15 10 12 9
5 1 21 7 3 6 4 2 8 14 11 13 20 17 19 16 18 15 10 12 9
1 21 5 7 3 6 4 2 8 14 11 13 20 17 19 16 18 15 10 12 9
4 7 2 5 21 1 6 3 8 10 14 12 9 13 11 15 17 20 18 16 19
6 1 4 7 2 5 21 3 8 10 14 12 9 13 11 15 17 20 18 16 19
13 9 12 14 10 8 3 6 1 4 7 2 5 21 11 15 17 20 18 16 19
17 15 11 13 9 12 14 10 8 3 6 1 4 7 2 5 21 20 18 16 19
10 8 3 6 1 4 7 2 5 21 14 12 9 13 11 15 17 20 18 16 19
3 5 7 1 21 6 2 4 8 12 14 10 13 11 9 20 17 19 16 18 15
10 14 12 8 4 2 6 3 5 7 1 21 13 11 9 20 17 19 16 18 15
14 12 8 4 2 6 3 5 7 1 21 10 13 11 9 20 17 19 16 18 15
19 17 20 9 11 13 10 14 12 8 4 2 6 3 5 7 1 21 16 18 15
2 6 3 5 7 1 21 4 8 12 14 10 13 11 9 20 17 19 16 18 15
1 21 7 5 3 6 2 4 8 12 14 10 13 11 9 20 17 19 16 18 15
8 2 4 6 3 7 5 1 21 14 20 17 19 16 18 15 11 9 13 10 12
14 8 2 4 6 3 7 5 1 21 20 17 19 16 18 15 11 9 13 10 12
5 1 21 7 3 6 4 2 8 14 20 17 19 16 18 15 11 9 13 10 12
6 3 7 5 1 21 4 2 8 14 20 17 19 16 18 15 11 9 13 10 12
9 11 15 18 16 19 17 20 14 8 2 4 6 3 7 5 1 21 13 10 12
2 4 6 3 7 5 1 21 8 14 20 17 19 16 18 15 11 9 13 10 12
1 21 5 7 3 6 4 2 8 14 20 17 19 16 18 15 11 9 13 10 12
9 15 18 16 19 17 20 12 14 8 3 5 2 6 4 7 1 21 11 13 10
4 7 1 21 6 2 5 3 8 14 12 20 17 19 16 18 15 9 11 13 10
12 14 8 3 5 2 6 4 7 1 21 20 17 19 16 18 15 9 11 13 10
5 2 6 4 7 1 21 3 8 14 12 20 17 19 16 18 15 9 11 13 10
1 21 7 4 6 2 5 3 8 14 12 20 17 19 16 18 15 9 11 13 10
3 7 5 1 21 6 4 2 8 14 11 13 9 12 10 15 17 19 16 18 20
5 1 21 7 3 6 4 2 8 14 11 13 9 12 10 15 17 19 16 18 20
11 14 8 2 4 6 3 7 5 1 21 13 9 12 10 15 17 19 16 18 20
7 5 1 21 3 6 4 2 8 14 11 13 9 12 10 15 17 19 16 18 20
6 3 7 5 1 21 4 2 8 14 11 13 9 12 10 15 17 19 16 18 20
13 11 14 8 2 4 6 3 7 5 1 21 9 12 10 15 17 19 16 18 20
11 3 9 5 13 6 8 4 10 12 14 21 2 7 1 15 20 18 16 19 17
2 11 3 9 5 13 6 8 4 10 12 14 21 7 1 15 20 18 16 19 17
8 4 10 12 14 21 6 13 5 9 3 11 2 7 1 15 20 18 16 19 17
5 13 6 8 4 10 12 14 21 9 3 11 2 7 1 15 20 18 16 19 17
10 12 14 21 4 8 6 13 5 9 3 11 2 7 1 15 20 18 16 19 17
11 14 8 3 6 2 4 7 5 1 21 13 20 17 19 16 18 15 10 12 9
10 15 18 16 19 17 20 13 11 14 8 3 6 2 4 7 5 1 21 12 9
6 2 4 7 5 1 21 3 8 14 11 13 20 17 19 16 18 15 10 12 9
7 5 1 21 4 2 6 3 8 14 11 13 20 17 19 16 18 15 10 12 9
14 8 3 6 2 4 7 5 1 21 11 13 20 17 19 16 18 15 10 12 9
4 7 5 1 21 2 6 3 8 14 11 13 20 17 19 16 18 15 10 12 9
1 21 5 7 4 2 6 3 8 14 11 13 20 17 19 16 18 15 10 12 9
12 10 14 11 13 8 6 2 4 7 3 5 1 21 9 15 17 19 16 20 18
2 4 7 3 5 1 21 6 8 13 11 14 10 12 9 15 17 19 16 20 18
6 2 4 7 3 5 1 21 8 13 11 14 10 12 9 15 17 19 16 20 18
10 14 11 13 8 6 2 4 7 3 5 1 21 12 9 15 17 19 16 20 18
5 1 3 7 21 2 6 20 18 16 19 17 15 11 13 9 14 10 12 8 4
12 10 14 9 13 11 15 17 19 16 18 20 6 2 5 1 3 7 21 8 4
18 20 6 2 5 1 3 7 21 16 19 17 15 11 13 9 14 10 12 8 4
16 18 20 6 2 5 1 3 7 21 19 17 15 11 13 9 14 10 12 8 4
11 15 17 19 16 18 20 6 2 5 1 3 7 21 13 9 14 10 12 8 4
14 10 13 11 9 15 17 19 16 18 20 6 2 5 1 3 7 21 12 8 4
6 2 5 1 3 7 21 20 18 16 19 17 15 9 11 13 10 14 12 8 4
19 16 18 20 6 2 5 1 3 7 21 17 15 9 11 13 10 14 12 8 4
10 13 11 9 15 17 19 16 18 20 6 2 5 1 3 7 21 14 12 8 4
8 12 14 10 13 11 9 15 17 19 16 18 20 6 2 5 1 3 7 21 4
11 9 15 17 19 16 18 20 6 2 5 1 3 7 21 13 10 14 12 8 4
16 18 15 1 13 3 5 8 11 6 9 4 10 7 12 2 14 21 20 17 19
8 11 6 9 4 10 7 12 2 14 21 5 3 13 1 15 18 16 20 17 19
10 7 12 2 14 21 4 9 6 11 8 5 3 13 1 15 18 16 20 17 19
11 6 9 4 10 7 12 2 14 21 8 5 3 13 1 15 18 16 20 17 19
20 13 10 12 14 8 3 5 2 6 4 7 1 21 18 16 19 17 15 11 9
12 14 8 3 5 2 6 4 7 1 21 10 13 20 18 16 19 17 15 11 9
15 17 19 16 18 20 13 10 12 14 8 3 5 2 6 4 7 1 21 11 9
19 16 18 20 13 10 12 14 8 3 5 2 6 4 7 1 21 17 15 11 9
3 5 2 6 4 7 1 21 8 14 12 10 13 20 18 16 19 17 15 11 9
16 18 20 13 10 12 14 8 3 5 2 6 4 7 1 21 19 17 15 11 9
7 1 21 4 6 2 5 3 8 14 12 10 13 20 18 16 19 17 15 11 9
6 2 7 3 5 1 21 4 8 12 14 10 20 18 16 19 17 15 9 11 13
17 19 16 18 20 10 14 12 8 4 6 2 7 3 5 1 21 15 9 11 13
16 18 20 10 14 12 8 4 6 2 7 3 5 1 21 19 17 15 9 11 13
15 17 19 16 18 20 10 14 12 8 4 6 2 7 3 5 1 21 9 11 13
3 5 1 21 7 2 6 4 8 12 14 10 20 18 16 19 17 15 9 11 13
12 8 4 6 2 7 3 5 1 21 14 10 20 18 16 19 17 15 9 11 13
1 21 5 3 7 2 6 4 8 12 14 10 20 18 16 19 17 15 9 11 13
18 16 19 17 20 1 7 3 6 4 21 15 9 11 13 10 12 14 8 2 5
17 20 1 7 3 6 4 21 19 16 18 15 9 11 13 10 12 14 8 2 5
6 4 21 3 7 1 20 17 19 16 18 15 9 11 13 10 12 14 8 2 5
20 1 7 3 6 4 21 17 19 16 18 15 9 11 13 10 12 14 8 2 5
7 3 1 5 2 6 4 21 10 13 8 11 14 9 12 15 17 19 16 18 20
10 7 3 1 5 2 6 4 21 13 8 11 14 9 12 15 17 19 16 18 20
5 3 6 4 7 1 21 2 8 14 11 20 17 19 16 18 15 10 12 9 13
9 12 10 15 18 16 19 17 20 11 14 8 2 5 3 6 4 7 1 21 13
14 8 2 5 3 6 4 7 1 21 11 20 17 19 16 18 15 10 12 9 13
1 21 7 4 6 3 5 2 8 14 11 20 17 19 16 18 15 10 12 9 13
6 4 7 1 21 3 5 2 8 14 11 20 17 19 16 18 15 10 12 9 13
4 7 1 21 6 3 5 2 8 14 11 20 17 19 16 18 15 10 12 9 13
2 5 3 6 4 7 1 21 8 14 11 20 17 19 16 18 15 10 12 9 13
11 13 10 14 12 8 3 6 4 7 2 5 1 21 9 15 17 19 16 20 18
2 5 1 21 7 4 6 3 8 12 14 10 13 11 9 15 17 19 16 20 18
12 8 3 6 4 7 2 5 1 21 14 10 13 11 9 15 17 19 16 20 18
13 10 14 12 8 3 6 4 7 2 5 1 21 11 9 15 17 19 16 20 18
16 19 17 15 9 11 13 10 14 12 8 3 6 4 7 2 5 1 21 20 18
5 1 21 2 7 4 6 3 8 13 11 14 10 12 20 17 19 16 18 15 9
17 20 12 10 14 11 13 8 3 6 4 7 2 5 1 21 19 16 18 15 9
4 7 2 5 1 21 6 3 8 13 11 14 10 12 20 17 19 16 18 15 9
10 14 11 13 8 3 6 4 7 2 5 1 21 12 20 17 19 16 18 15 9
7 2 5 1 21 4 6 3 8 13 11 14 10 12 20 17 19 16 18 15 9
16 19 17 20 12 10 14 11 13 8 3 6 4 7 2 5 1 21 18 15 9
6 4 7 2 5 1 21 3 8 13 11 14 10 12 20 17 19 16 18 15 9
13 8 3 6 4 7 2 5 1 21 11 14 10 12 20 17 19 16 18 15 9
1 21 5 2 7 4 6 3 8 13 11 14 10 12 20 17 19 16 18 15 9
13 8 3 6 4 7 2 5 1 21 11 14 10 12 9 15 18 16 19 17 20
9 12 10 14 11 13 8 3 6 4 7 2 5 1 21 15 18 16 19 17 20
6 4 7 2 5 1 21 3 8 13 11 14 10 12 9 15 18 16 19 17 20
11 13 8 3 6 4 7 2 5 1 21 14 10 12 9 15 18 16 19 17 20
3 6 4 7 2 5 1 21 8 13 11 14 10 12 9 15 18 16 19 17 20
7 1 21 4 6 2 5 3 8 14 12 20 18 16 19 17 15 11 9 13 10
8 3 5 2 6 4 7 1 21 14 12 20 18 16 19 17 15 11 9 13 10
4 7 1 21 6 2 5 3 8 14 12 20 18 16 19 17 15 11 9 13 10
5 2 6 4 7 1 21 3 8 14 12 20 18 16 19 17 15 11 9 13 10
19 16 18 20 12 14 8 3 5 2 6 4 7 1 21 17 15 11 9 13 10
3 5 2 6 4 7 1 21 8 14 12 20 18 16 19 17 15 11 9 13 10
1 21 7 4 6 2 5 3 8 14 12 20 18 16 19 17 15 11 9 13 10
13 8 3 5 2 6 4 7 1 21 11 14 10 12 9 15 17 19 16 20 18
12 10 14 11 13 8 3 5 2 6 4 7 1 21 9 15 17 19 16 20 18
11 13 8 3 5 2 6 4 7 1 21 14 10 12 9 15 17 19 16 20 18
9 12 10 14 11 13 8 3 5 2 6 4 7 1 21 15 17 19 16 20 18
16 19 17 15 9 12 10 14 11 13 8 3 5 2 6 4 7 1 21 20 18
7 4 1 6 3 21 2 5 20 18 16 19 17 15 9 11 13 10 12 14 8
18 20 5 2 7 4 1 6 3 21 16 19 17 15 9 11 13 10 12 14 8
11 9 15 17 19 16 18 20 5 2 7 4 1 6 3 21 13 10 12 14 8
16 18 20 5 2 7 4 1 6 3 21 19 17 15 9 11 13 10 12 14 8
17 19 16 18 20 5 2 7 4 1 6 3 21 15 9 11 13 10 12 14 8
1 6 3 21 4 7 2 5 20 18 16 19 17 15 9 11 13 10 12 14 8
19 17 20 10 12 14 8 2 4 6 3 7 5 1 21 16 18 15 11 9 13
2 4 6 3 7 5 1 21 8 14 12 10 20 17 19 16 18 15 11 9 13
5 1 21 7 3 6 4 2 8 14 12 10 20 17 19 16 18 15 11 9 13
1 21 5 7 3 6 4 2 8 14 12 10 20 17 19 16 18 15 11 9 13
8 2 4 6 3 7 5 1 21 14 12 10 20 17 19 16 18 15 11 9 13
5 1 7 3 6 4 21 2 8 14 11 13 9 12 10 15 20 18 16 19 17
3 6 4 21 7 1 5 2 8 14 11 13 9 12 10 15 20 18 16 19 17
14 8 2 5 1 7 3 6 4 21 11 13 9 12 10 15 20 18 16 19 17
8 2 5 1 7 3 6 4 21 14 11 13 9 12 10 15 20 18 16 19 17
15 10 12 9 13 11 14 8 2 5 1 7 3 6 4 21 20 18 16 19 17
3 7 21 1 5 2 6 4 8 14 12 10 13 20 18 16 19 17 15 11 9
10 12 14 8 4 6 2 5 1 3 7 21 13 20 18 16 19 17 15 11 9
20 13 10 12 14 8 4 6 2 5 1 3 7 21 18 16 19 17 15 11 9
6 2 5 1 3 7 21 4 8 14 12 10 13 20 18 16 19 17 15 11 9
8 4 6 2 5 1 3 7 21 14 12 10 13 20 18 16 19 17 15 11 9
5 1 3 7 21 2 6 4 8 14 12 10 13 20 18 16 19 17 15 11 9
8 4 7 2 5 3 6 1 21 14 12 10 13 9 11 15 18 16 19 17 20
7 2 5 3 6 1 21 4 8 14 12 10 13 9 11 15 18 16 19 17 20
13 10 12 14 8 4 7 2 5 3 6 1 21 9 11 15 18 16 19 17 20
9 13 10 12 14 8 4 7 2 5 3 6 1 21 11 15 18 16 19 17 20
10 12 14 8 4 7 2 5 3 6 1 21 13 9 11 15 18 16 19 17 20
5 3 7 4 6 1 21 2 8 14 12 20 17 19 16 18 15 11 9 13 10
8 2 5 3 7 4 6 1 21 14 12 20 17 19 16 18 15 11 9 13 10
16 19 17 20 12 14 8 2 5 3 7 4 6 1 21 18 15 11 9 13 10
11 15 18 16 19 17 20 12 14 8 2 5 3 7 4 6 1 21 9 13 10
13 9 11 15 18 16 19 17 20 12 14 8 2 5 3 7 4 6 1 21 10
15 18 16 19 17 20 12 14 8 2 5 3 7 4 6 1 21 11 9 13 10
1 21 6 4 7 3 5 2 8 14 12 20 17 19 16 18 15 11 9 13 10
10 12 14 8 1 6 4 7 2 5 3 21 13 9 11 15 20 17 19 16 18
5 3 21 2 7 4 6 1 8 14 12 10 13 9 11 15 20 17 19 16 18
4 7 2 5 3 21 6 1 8 14 12 10 13 9 11 15 20 17 19 16 18
12 14 8 1 6 4 7 2 5 3 21 10 13 9 11 15 20 17 19 16 18
2 5 3 21 7 4 6 1 8 14 12 10 13 9 11 15 20 17 19 16 18
14 8 1 6 4 7 2 5 3 21 12 10 13 9 11 15 20 17 19 16 18
1 6 4 7 2 5 3 21 8 14 12 10 13 9 11 15 20 17 19 16 18
14 10 8 4 2 6 3 5 7 1 21 12 9 20 18 16 19 17 15 11 13
4 2 6 3 5 7 1 21 8 10 14 12 9 20 18 16 19 17 15 11 13
12 14 10 8 4 2 6 3 5 7 1 21 9 20 18 16 19 17 15 11 13
11 15 17 19 16 18 20 9 12 14 10 8 4 2 6 3 5 7 1 21 13
5 7 1 21 3 6 2 4 8 10 14 12 9 20 18 16 19 17 15 11 13
17 20 1 7 3 6 4 21 19 16 18 15 9 11 13 10 14 12 8 2 5
8 12 14 10 13 11 9 15 18 16 19 17 20 1 7 3 6 4 21 2 5
6 4 21 3 7 1 20 17 19 16 18 15 9 11 13 10 14 12 8 2 5
15 18 16 19 17 20 1 7 3 6 4 21 9 11 13 10 14 12 8 2 5
3 6 4 21 7 1 20 17 19 16 18 15 9 11 13 10 14 12 8 2 5
12 14 10 13 11 9 15 18 16 19 17 20 1 7 3 6 4 21 8 2 5
1 7 3 6 4 21 20 17 19 16 18 15 9 11 13 10 14 12 8 2 5
18 16 19 17 20 1 6 4 7 2 5 3 21 15 11 9 13 10 12 14 8
20 1 6 4 7 2 5 3 21 17 19 16 18 15 11 9 13 10 12 14 8
17 20 1 6 4 7 2 5 3 21 19 16 18 15 11 9 13 10 12 14 8
5 3 21 2 7 4 6 1 20 17 19 16 18 15 11 9 13 10 12 14 8
19 17 20 1 6 4 7 2 5 3 21 16 18 15 11 9 13 10 12 14 8
6 4 7 2 5 3 21 1 20 17 19 16 18 15 11 9 13 10 12 14 8
1 6 4 7 2 5 3 21 20 17 19 16 18 15 11 9 13 10 12 14 8
11 13 9 14 10 12 8 3 6 1 4 7 2 5 21 15 17 20 18 16 19
13 9 14 10 12 8 3 6 1 4 7 2 5 21 11 15 17 20 18 16 19
4 7 2 5 21 1 6 3 8 12 10 14 9 13 11 15 17 20 18 16 19
14 10 12 8 3 6 1 4 7 2 5 21 9 13 11 15 17 20 18 16 19
12 8 3 6 1 4 7 2 5 21 10 14 9 13 11 15 17 20 18 16 19
9 4 10 7 12 2 14 21 6 11 8 5 3 13 1 15 17 19 16 18 20
8 11 6 9 4 10 7 12 2 14 21 5 3 13 1 15 17 19 16 18 20
2 14 21 12 7 10 4 9 6 11 8 5 3 13 1 15 17 19 16 18 20
6 9 4 10 7 12 2 14 21 11 8 5 3 13 1 15 17 19 16 18 20
3 5 2 6 4 7 1 21 8 13 11 14 10 12 9 15 18 20 17 19 16
11 13 8 3 5 2 6 4 7 1 21 14 10 12 9 15 18 20 17 19 16
12 10 14 11 13 8 3 5 2 6 4 7 1 21 9 15 18 20 17 19 16
8 3 5 2 6 4 7 1 21 13 11 14 10 12 9 15 18 20 17 19 16
3 6 2 4 7 5 1 21 8 14 11 13 9 12 10 20 17 19 16 18 15
19 17 20 10 12 9 13 11 14 8 3 6 2 4 7 5 1 21 16 18 15
11 14 8 3 6 2 4 7 5 1 21 13 9 12 10 20 17 19 16 18 15
12 9 13 11 14 8 3 6 2 4 7 5 1 21 10 20 17 19 16 18 15
5 1 21 7 4 2 6 3 8 14 11 13 9 12 10 20 17 19 16 18 15
1 21 5 7 4 2 6 3 8 14 11 13 9 12 10 20 17 19 16 18 15
10 14 11 13 8 4 6 2 7 3 5 1 21 12 9 15 20 17 19 16 18
3 5 1 21 7 2 6 4 8 13 11 14 10 12 9 15 20 17 19 16 18
15 9 12 10 14 11 13 8 4 6 2 7 3 5 1 21 20 17 19 16 18
8 4 6 2 7 3 5 1 21 13 11 14 10 12 9 15 20 17 19 16 18
12 10 14 11 13 8 4 6 2 7 3 5 1 21 9 15 20 17 19 16 18
5 8 11 6 9 4 12 2 14 21 10 7 3 13 1 15 17 19 16 18 20
18 16 19 17 15 1 13 3 7 10 5 8 11 6 9 4 12 2 14 21 20
4 12 2 14 21 9 6 11 8 5 10 7 3 13 1 15 17 19 16 18 20
7 10 5 8 11 6 9 4 12 2 14 21 3 13 1 15 17 19 16 18 20
19 17 20 13 9 14 10 12 8 2 4 6 3 7 5 1 21 16 18 15 11
2 4 6 3 7 5 1 21 8 12 10 14 9 13 20 17 19 16 18 15 11
17 20 13 9 14 10 12 8 2 4 6 3 7 5 1 21 19 16 18 15 11
18 16 19 17 20 13 9 14 10 12 8 2 4 6 3 7 5 1 21 15 11
8 2 4 6 3 7 5 1 21 12 10 14 9 13 20 17 19 16 18 15 11
3 7 5 1 21 6 4 2 8 12 10 14 9 13 20 17 19 16 18 15 11
16 19 17 20 13 9 14 10 12 8 2 4 6 3 7 5 1 21 18 15 11
5 1 21 7 3 6 4 2 8 12 10 14 9 13 20 17 19 16 18 15 11
1 21 5 7 3 6 4 2 8 12 10 14 9 13 20 17 19 16 18 15 11
8 4 7 2 5 3 6 1 21 13 11 14 10 12 9 15 20 18 16 19 17
7 2 5 3 6 1 21 4 8 13 11 14 10 12 9 15 20 18 16 19 17
14 11 13 8 4 7 2 5 3 6 1 21 10 12 9 15 20 18 16 19 17
9 12 10 14 11 13 8 4 7 2 5 3 6 1 21 15 20 18 16 19 17
6 1 21 3 5 2 7 4 8 13 11 14 10 12 9 15 20 18 16 19 17
12 10 14 11 13 8 4 7 2 5 3 6 1 21 9 15 20 18 16 19 17
4 6 10 8 5 9 7 11 14 2 12 21 1 13 3 15 18 20 17 19 16
8 5 9 7 11 14 2 12 21 10 6 4 1 13 3 15 18 20 17 19 16
10 8 5 9 7 11 14 2 12 21 6 4 1 13 3 15 18 20 17 19 16
9 7 11 14 2 12 21 5 8 10 6 4 1 13 3 15 18 20 17 19 16
1 4 6 10 8 5 9 7 11 14 2 12 21 13 3 15 18 20 17 19 16
12 10 15 17 19 16 18 20 1 7 3 6 4 21 9 13 11 14 8 2 5
18 20 1 7 3 6 4 21 16 19 17 15 10 12 9 13 11 14 8 2 5
20 1 7 3 6 4 21 18 16 19 17 15 10 12 9 13 11 14 8 2 5
17 19 16 18 20 1 7 3 6 4 21 15 10 12 9 13 11 14 8 2 5
8 14 11 13 9 12 10 15 17 19 16 18 20 1 7 3 6 4 21 2 5
1 7 3 6 4 21 20 18 16 19 17 15 10 12 9 13 11 14 8 2 5
11 14 9 12 8 3 6 1 7 4 2 5 21 13 10 15 20 18 16 19 17
9 12 8 3 6 1 7 4 2 5 21 14 11 13 10 15 20 18 16 19 17
13 11 14 9 12 8 3 6 1 7 4 2 5 21 10 15 20 18 16 19 17
15 10 13 11 14 9 12 8 3 6 1 7 4 2 5 21 20 18 16 19 17
12 14 10 8 4 6 2 7 3 5 1 21 9 13 11 15 17 19 16 18 20
4 6 2 7 3 5 1 21 8 10 14 12 9 13 11 15 17 19 16 18 20
10 8 4 6 2 7 3 5 1 21 14 12 9 13 11 15 17 19 16 18 20
6 2 7 3 5 1 21 4 8 10 14 12 9 13 11 15 17 19 16 18 20
2 7 3 5 1 21 6 4 8 10 14 12 9 13 11 15 17 19 16 18 20
14 10 8 4 6 2 7 3 5 1 21 12 9 13 11 15 17 19 16 18 20
8 1 6 4 7 2 5 3 21 14 20 17 19 16 18 15 10 12 9 13 11
2 5 3 21 7 4 6 1 8 14 20 17 19 16 18 15 10 12 9 13 11
1 6 4 7 2 5 3 21 8 14 20 17 19 16 18 15 10 12 9 13 11
3 21 5 2 7 4 6 1 8 14 20 17 19 16 18 15 10 12 9 13 11
9 12 10 15 18 16 19 17 20 14 8 1 6 4 7 2 5 3 21 13 11
10 15 18 16 19 17 20 14 8 1 6 4 7 2 5 3 21 12 9 13 11
12 14 8 5 2 7 4 1 6 3 21 10 13 11 9 15 17 20 18 16 19
4 1 6 3 21 7 2 5 8 14 12 10 13 11 9 15 17 20 18 16 19
13 10 12 14 8 5 2 7 4 1 6 3 21 11 9 15 17 20 18 16 19
10 12 14 8 5 2 7 4 1 6 3 21 13 11 9 15 17 20 18 16 19
9 11 13 10 12 14 8 5 2 7 4 1 6 3 21 15 17 20 18 16 19
17 15 9 11 13 10 12 14 8 5 2 7 4 1 6 3 21 20 18 16 19
2 7 4 1 6 3 21 5 8 14 12 10 13 11 9 15 17 20 18 16 19
19 17 20 11 13 9 14 10 12 8 3 6 1 4 7 2 5 21 16 18 15
12 8 3 6 1 4 7 2 5 21 10 14 9 13 11 20 17 19 16 18 15
13 9 14 10 12 8 3 6 1 4 7 2 5 21 11 20 17 19 16 18 15
14 10 12 8 3 6 1 4 7 2 5 21 9 13 11 20 17 19 16 18 15
17 20 11 13 9 14 10 12 8 3 6 1 4 7 2 5 21 19 16 18 15
5 21 2 7 4 1 6 3 8 12 10 14 9 13 11 20 17 19 16 18 15
3 6 1 4 7 2 5 21 8 12 10 14 9 13 11 20 17 19 16 18 15
1 4 7 2 5 21 6 3 8 12 10 14 9 13 11 20 17 19 16 18 15
14 9 12 8 3 6 1 7 4 2 5 21 11 13 10 15 18 16 19 17 20
13 11 14 9 12 8 3 6 1 7 4 2 5 21 10 15 18 16 19 17 20
8 3 6 1 7 4 2 5 21 12 9 14 11 13 10 15 18 16 19 17 20
3 6 1 7 4 2 5 21 8 12 9 14 11 13 10 15 18 16 19 17 20
11 14 9 12 8 3 6 1 7 4 2 5 21 13 10 15 18 16 19 17 20
10 13 11 14 9 12 8 3 6 1 7 4 2 5 21 15 18 16 19 17 20
9 13 11 14 8 3 6 4 7 2 5 1 21 12 10 15 17 19 16 20 18
13 11 14 8 3 6 4 7 2 5 1 21 9 12 10 15 17 19 16 20 18
6 4 7 2 5 1 21 3 8 14 11 13 9 12 10 15 17 19 16 20 18
10 12 9 13 11 14 8 3 6 4 7 2 5 1 21 15 17 19 16 20 18
8 3 6 4 7 2 5 1 21 14 11 13 9 12 10 15 17 19 16 20 18
12 8 2 5 1 7 3 6 4 21 10 14 9 13 11 20 18 16 19 17 15
20 11 13 9 14 10 12 8 2 5 1 7 3 6 4 21 18 16 19 17 15
2 5 1 7 3 6 4 21 8 12 10 14 9 13 11 20 18 16 19 17 15
8 2 5 1 7 3 6 4 21 12 10 14 9 13 11 20 18 16 19 17 15
16 18 20 11 13 9 14 10 12 8 2 5 1 7 3 6 4 21 19 17 15
6 4 21 3 7 1 5 2 8 12 10 14 9 13 11 20 18 16 19 17 15
7 3 6 4 21 1 5 2 8 12 10 14 9 13 11 20 18 16 19 17 15
19 16 18 20 11 13 9 14 10 12 8 2 5 1 7 3 6 4 21 17 15
1 7 3 6 4 21 5 2 8 12 10 14 9 13 11 20 18 16 19 17 15
13 8 11 7 9 12 10 6 2 14 3 5 1 21 4 15 20 18 16 19 17
12 10 6 2 14 3 5 1 21 9 7 11 8 13 4 15 20 18 16 19 17
7 9 12 10 6 2 14 3 5 1 21 11 8 13 4 15 20 18 16 19 17
2 14 3 5 1 21 6 10 12 9 7 11 8 13 4 15 20 18 16 19 17
6 2 14 3 5 1 21 10 12 9 7 11 8 13 4 15 20 18 16 19 17
3 5 1 21 7 4 2 6 8 13 11 9 14 12 10 15 18 16 20 17 19
7 3 5 1 21 4 2 6 8 13 11 9 14 12 10 15 18 16 20 17 19
6 2 4 7 3 5 1 21 8 13 11 9 14 12 10 15 18 16 20 17 19
5 1 21 3 7 4 2 6 8 13 11 9 14 12 10 15 18 16 20 17 19
10 12 14 9 11 13 8 6 2 4 7 3 5 1 21 15 18 16 20 17 19
8 6 2 4 7 3 5 1 21 13 11 9 14 12 10 15 18 16 20 17 19
2 5 3 7 4 6 1 21 8 14 12 10 13 11 9 15 20 18 16 19 17
12 14 8 2 5 3 7 4 6 1 21 10 13 11 9 15 20 18 16 19 17
13 10 12 14 8 2 5 3 7 4 6 1 21 11 9 15 20 18 16 19 17
3 7 4 6 1 21 5 2 8 14 12 10 13 11 9 15 20 18 16 19 17
10 12 14 8 2 5 3 7 4 6 1 21 13 11 9 15 20 18 16 19 17
7 4 6 1 21 3 5 2 8 14 12 10 13 11 9 15 20 18 16 19 17
11 13 10 12 14 8 3 5 2 6 4 7 1 21 9 15 17 19 16 18 20
14 8 3 5 2 6 4 7 1 21 12 10 13 11 9 15 17 19 16 18 20
10 12 14 8 3 5 2 6 4 7 1 21 13 11 9 15 17 19 16 18 20
5 2 6 4 7 1 21 3 8 14 12 10 13 11 9 15 17 19 16 18 20
13 10 12 14 8 3 5 2 6 4 7 1 21 11 9 15 17 19 16 18 20
8 3 5 2 6 4 7 1 21 14 12 10 13 11 9 15 17 19 16 18 20
14 12 8 4 6 2 7 3 5 1 21 10 13 11 20 18 16 19 17 15 9
20 11 13 10 14 12 8 4 6 2 7 3 5 1 21 18 16 19 17 15 9
15 17 19 16 18 20 11 13 10 14 12 8 4 6 2 7 3 5 1 21 9
6 2 7 3 5 1 21 4 8 12 14 10 13 11 20 18 16 19 17 15 9
4 6 2 7 3 5 1 21 8 12 14 10 13 11 20 18 16 19 17 15 9
18 20 11 13 10 14 12 8 4 6 2 7 3 5 1 21 16 19 17 15 9
5 8 4 7 10 6 9 11 21 3 12 1 14 2 13 15 20 18 16 19 17
8 4 7 10 6 9 11 21 5 3 12 1 14 2 13 15 20 18 16 19 17
14 1 12 3 5 8 4 7 10 6 9 11 21 2 13 15 20 18 16 19 17
7 10 6 9 11 21 4 8 5 3 12 1 14 2 13 15 20 18 16 19 17
10 6 9 11 21 7 4 8 5 3 12 1 14 2 13 15 20 18 16 19 17
2 14 1 12 3 5 8 4 7 10 6 9 11 21 13 15 20 18 16 19 17
1 12 3 5 8 4 7 10 6 9 11 21 14 2 13 15 20 18 16 19 17
12 14 8 2 4 6 3 7 5 1 21 10 13 9 11 15 17 19 16 20 18
13 10 12 14 8 2 4 6 3 7 5 1 21 9 11 15 17 19 16 20 18
5 1 21 7 3 6 4 2 8 14 12 10 13 9 11 15 17 19 16 20 18
9 13 10 12 14 8 2 4 6 3 7 5 1 21 11 15 17 19 16 20 18
3 7 5 1 21 6 4 2 8 14 12 10 13 9 11 15 17 19 16 20 18
6 3 7 5 1 21 4 2 8 14 12 10 13 9 11 15 17 19 16 20 18
3 6 4 7 1 21 5 2 8 14 20 17 19 16 18 15 11 9 13 10 12
20 14 8 2 5 3 6 4 7 1 21 17 19 16 18 15 11 9 13 10 12
15 18 16 19 17 20 14 8 2 5 3 6 4 7 1 21 11 9 13 10 12
8 2 5 3 6 4 7 1 21 14 20 17 19 16 18 15 11 9 13 10 12
17 20 14 8 2 5 3 6 4 7 1 21 19 16 18 15 11 9 13 10 12
11 15 18 16 19 17 20 14 8 2 5 3 6 4 7 1 21 9 13 10 12
1 21 7 4 6 3 5 2 8 14 20 17 19 16 18 15 11 9 13 10 12
12 14 10 8 2 4 6 3 7 5 1 21 9 13 11 15 17 19 16 18 20
13 9 12 14 10 8 2 4 6 3 7 5 1 21 11 15 17 19 16 18 20
10 8 2 4 6 3 7 5 1 21 14 12 9 13 11 15 17 19 16 18 20
11 13 9 12 14 10 8 2 4 6 3 7 5 1 21 15 17 19 16 18 20
7 5 1 21 3 6 4 2 8 10 14 12 9 13 11 15 17 19 16 18 20
12 14 8 2 5 3 7 4 6 1 21 10 13 11 9 15 17 19 16 20 18
8 2 5 3 7 4 6 1 21 14 12 10 13 11 9 15 17 19 16 20 18
2 5 3 7 4 6 1 21 8 14 12 10 13 11 9 15 17 19 16 20 18
7 4 6 1 21 3 5 2 8 14 12 10 13 11 9 15 17 19 16 20 18
14 8 2 5 3 7 4 6 1 21 12 10 13 11 9 15 17 19 16 20 18
7 3 12 1 21 5 9 4 8 6 10 14 20 18 16 19 17 15 11 13 2
11 15 17 19 16 18 20 14 10 6 8 4 9 5 7 3 12 1 21 13 2
6 8 4 9 5 7 3 12 1 21 10 14 20 18 16 19 17 15 11 13 2
10 6 8 4 9 5 7 3 12 1 21 14 20 18 16 19 17 15 11 13 2
8 4 9 5 7 3 12 1 21 6 10 14 20 18 16 19 17 15 11 13 2
19 16 18 20 14 10 6 8 4 9 5 7 3 12 1 21 17 15 11 13 2
17 19 16 18 20 14 10 6 8 4 9 5 7 3 12 1 21 15 11 13 2
6 1 21 3 7 5 2 4 8 14 20 17 19 16 18 15 11 9 13 10 12
9 11 15 18 16 19 17 20 14 8 4 2 5 7 3 6 1 21 13 10 12
3 6 1 21 7 5 2 4 8 14 20 17 19 16 18 15 11 9 13 10 12
14 8 4 2 5 7 3 6 1 21 20 17 19 16 18 15 11 9 13 10 12
4 2 5 7 3 6 1 21 8 14 20 17 19 16 18 15 11 9 13 10 12
8 4 2 5 7 3 6 1 21 14 20 17 19 16 18 15 11 9 13 10 12
1 21 6 3 7 5 2 4 8 14 20 17 19 16 18 15 11 9 13 10 12
12 8 4 2 6 3 5 7 1 21 9 14 11 13 10 15 20 17 19 16 18
10 13 11 14 9 12 8 4 2 6 3 5 7 1 21 15 20 17 19 16 18
8 4 2 6 3 5 7 1 21 12 9 14 11 13 10 15 20 17 19 16 18
15 10 13 11 14 9 12 8 4 2 6 3 5 7 1 21 20 17 19 16 18
5 7 1 21 3 6 2 4 8 12 9 14 11 13 10 15 20 17 19 16 18
10 14 11 13 8 2 5 1 7 3 6 4 21 12 9 15 20 17 19 16 18
14 11 13 8 2 5 1 7 3 6 4 21 10 12 9 15 20 17 19 16 18
5 1 7 3 6 4 21 2 8 13 11 14 10 12 9 15 20 17 19 16 18
8 2 5 1 7 3 6 4 21 13 11 14 10 12 9 15 20 17 19 16 18
15 9 12 10 14 11 13 8 2 5 1 7 3 6 4 21 20 17 19 16 18
11 14 9 12 8 4 2 6 3 5 7 1 21 13 10 20 18 16 19 17 15
19 16 18 20 10 13 11 14 9 12 8 4 2 6 3 5 7 1 21 17 15
2 6 3 5 7 1 21 4 8 12 9 14 11 13 10 20 18 16 19 17 15
7 1 21 5 3 6 2 4 8 12 9 14 11 13 10 20 18 16 19 17 15
4 2 6 3 5 7 1 21 8 12 9 14 11 13 10 20 18 16 19 17 15
3 5 7 1 21 6 2 4 8 12 9 14 11 13 10 20 18 16 19 17 15
8 4 2 6 3 5 7 1 21 12 9 14 11 13 10 20 18 16 19 17 15
15 11 13 9 14 10 12 8 6 2 4 7 3 5 1 21 20 18 16 19 17
7 3 5 1 21 4 2 6 8 12 10 14 9 13 11 15 20 18 16 19 17
6 2 4 7 3 5 1 21 8 12 10 14 9 13 11 15 20 18 16 19 17
5 1 21 3 7 4 2 6 8 12 10 14 9 13 11 15 20 18 16 19 17
2 4 7 3 5 1 21 6 8 12 10 14 9 13 11 15 20 18 16 19 17
3 5 1 21 7 4 2 6 8 12 10 14 9 13 11 15 20 18 16 19 17
8 3 6 2 4 7 5 1 21 12 14 10 13 11 9 15 18 20 17 19 16
18 15 9 11 13 10 14 12 8 3 6 2 4 7 5 1 21 20 17 19 16
14 12 8 3 6 2 4 7 5 1 21 10 13 11 9 15 18 20 17 19 16
3 6 2 4 7 5 1 21 8 12 14 10 13 11 9 15 18 20 17 19 16
8 5 2 7 4 1 6 3 21 14 12 10 13 11 9 15 20 18 16 19 17
7 4 1 6 3 21 2 5 8 14 12 10 13 11 9 15 20 18 16 19 17
12 8 3 6 1 4 7 2 5 21 10 14 9 13 11 15 20 18 16 19 17
15 11 13 9 14 10 12 8 3 6 1 4 7 2 5 21 20 18 16 19 17
2 5 21 7 4 1 6 3 8 12 10 14 9 13 11 15 20 18 16 19 17
10 12 8 3 6 1 4 7 2 5 21 14 9 13 11 15 20 18 16 19 17
14 10 12 8 3 6 1 4 7 2 5 21 9 13 11 15 20 18 16 19 17
8 3 6 1 4 7 2 5 21 12 10 14 9 13 11 15 20 18 16 19 17
16 19 17 20 14 10 12 8 3 6 2 4 7 5 1 21 18 15 11 13 9
7 5 1 21 4 2 6 3 8 12 10 14 20 17 19 16 18 15 11 13 9
20 14 10 12 8 3 6 2 4 7 5 1 21 17 19 16 18 15 11 13 9
19 17 20 14 10 12 8 3 6 2 4 7 5 1 21 16 18 15 11 13 9
10 12 8 3 6 2 4 7 5 1 21 14 20 17 19 16 18 15 11 13 9
4 7 5 1 21 2 6 3 8 12 10 14 20 17 19 16 18 15 11 13 9
2 4 7 5 1 21 6 3 8 12 10 14 20 17 19 16 18 15 11 13 9
1 21 5 7 4 2 6 3 8 12 10 14 20 17 19 16 18 15 11 13 9
16 18 20 11 14 9 12 8 2 4 6 3 5 7 1 21 19 17 15 10 13
2 4 6 3 5 7 1 21 8 12 9 14 11 20 18 16 19 17 15 10 13
12 8 2 4 6 3 5 7 1 21 9 14 11 20 18 16 19 17 15 10 13
17 19 16 18 20 11 14 9 12 8 2 4 6 3 5 7 1 21 15 10 13
20 11 14 9 12 8 2 4 6 3 5 7 1 21 18 16 19 17 15 10 13
1 21 7 5 3 6 4 2 8 12 9 14 11 20 18 16 19 17 15 10 13
18 20 13 11 14 8 3 6 4 7 2 5 1 21 16 19 17 15 10 12 9
2 5 1 21 7 4 6 3 8 14 11 13 20 18 16 19 17 15 10 12 9
19 16 18 20 13 11 14 8 3 6 4 7 2 5 1 21 17 15 10 12 9
8 3 6 4 7 2 5 1 21 14 11 13 20 18 16 19 17 15 10 12 9
16 18 20 13 11 14 8 3 6 4 7 2 5 1 21 19 17 15 10 12 9
7 2 5 1 21 4 6 3 8 14 11 13 20 18 16 19 17 15 10 12 9
4 7 2 5 1 21 6 3 8 14 11 13 20 18 16 19 17 15 10 12 9
1 21 5 2 7 4 6 3 8 14 11 13 20 18 16 19 17 15 10 12 9
11 14 8 4 2 6 1 3 7 5 21 13 20 18 16 19 17 15 9 12 10
4 2 6 1 3 7 5 21 8 14 11 13 20 18 16 19 17 15 9 12 10
7 5 21 3 1 6 2 4 8 14 11 13 20 18 16 19 17 15 9 12 10
14 8 4 2 6 1 3 7 5 21 11 13 20 18 16 19 17 15 9 12 10
12 9 13 11 14 8 4 6 2 7 3 5 1 21 10 20 17 19 16 18 15
2 7 3 5 1 21 6 4 8 14 11 13 9 12 10 20 17 19 16 18 15
17 20 10 12 9 13 11 14 8 4 6 2 7 3 5 1 21 19 16 18 15
5 1 21 3 7 2 6 4 8 14 11 13 9 12 10 20 17 19 16 18 15
16 19 17 20 10 12 9 13 11 14 8 4 6 2 7 3 5 1 21 18 15
1 21 5 3 7 2 6 4 8 14 11 13 9 12 10 20 17 19 16 18 15
13 8 4 2 6 3 5 7 1 21 11 9 14 12 10 15 18 16 20 17 19
3 5 7 1 21 6 2 4 8 13 11 9 14 12 10 15 18 16 20 17 19
14 9 11 13 8 4 2 6 3 5 7 1 21 12 10 15 18 16 20 17 19
16 19 17 15 10 13 11 14 9 12 8 2 5 3 6 4 7 1 21 20 18
2 5 3 6 4 7 1 21 8 12 9 14 11 13 10 15 17 19 16 20 18
4 7 1 21 6 3 5 2 8 12 9 14 11 13 10 15 17 19 16 20 18
9 12 8 2 5 3 6 4 7 1 21 14 11 13 10 15 17 19 16 20 18
8 2 5 3 6 4 7 1 21 12 9 14 11 13 10 15 17 19 16 20 18
10 12 14 8 6 2 4 7 3 5 1 21 13 9 11 20 17 19 16 18 15
2 4 7 3 5 1 21 6 8 14 12 10 13 9 11 20 17 19 16 18 15
16 19 17 20 12 10 14 11 13 8 4 6 2 7 3 5 1 21 18 15 9
17 20 12 10 14 11 13 8 4 6 2 7 3 5 1 21 19 16 18 15 9
20 12 10 14 11 13 8 4 6 2 7 3 5 1 21 17 19 16 18 15 9
19 17 20 12 10 14 11 13 8 4 6 2 7 3 5 1 21 16 18 15 9
11 13 8 4 6 2 7 3 5 1 21 14 10 12 20 17 19 16 18 15 9
13 8 4 6 2 7 3 5 1 21 11 14 10 12 20 17 19 16 18 15 9
15 18 16 19 17 20 12 10 14 11 13 8 4 6 2 7 3 5 1 21 9
4 9 21 6 3 7 5 8 2 11 13 1 20 18 16 19 17 15 12 14 10
8 5 7 3 6 4 9 21 2 11 13 1 20 18 16 19 17 15 12 14 10
18 20 1 13 11 2 8 5 7 3 6 4 9 21 16 19 17 15 12 14 10
16 18 20 1 13 11 2 8 5 7 3 6 4 9 21 19 17 15 12 14 10
6 4 9 21 3 7 5 8 2 11 13 1 20 18 16 19 17 15 12 14 10
14 12 15 17 19 16 18 20 1 13 11 2 8 5 7 3 6 4 9 21 10
20 11 14 8 5 2 7 4 1 6 3 21 17 19 16 18 15 10 12 9 13
2 7 4 1 6 3 21 5 8 14 11 20 17 19 16 18 15 10 12 9 13
16 19 17 20 11 14 8 5 2 7 4 1 6 3 21 18 15 10 12 9 13
18 16 19 17 20 11 14 8 5 2 7 4 1 6 3 21 15 10 12 9 13
3 21 6 1 4 7 2 5 8 14 11 20 17 19 16 18 15 10 12 9 13
7 4 1 6 3 21 2 5 8 14 11 20 17 19 16 18 15 10 12 9 13
6 3 21 1 4 7 2 5 8 14 11 20 17 19 16 18 15 10 12 9 13
1 6 3 21 4 7 2 5 8 14 11 20 17 19 16 18 15 10 12 9 13
20 13 10 12 14 8 1 6 4 7 2 5 3 21 18 16 19 17 15 11 9
5 3 21 2 7 4 6 1 8 14 12 10 13 20 18 16 19 17 15 11 9
10 12 14 8 1 6 4 7 2 5 3 21 13 20 18 16 19 17 15 11 9
18 20 13 10 12 14 8 1 6 4 7 2 5 3 21 16 19 17 15 11 9
6 4 7 2 5 3 21 1 8 14 12 10 13 20 18 16 19 17 15 11 9
1 6 4 7 2 5 3 21 8 14 12 10 13 20 18 16 19 17 15 11 9
1 21 6 3 5 2 7 4 8 12 14 10 13 11 9 20 17 19 16 18 15
3 6 1 21 5 2 7 4 8 12 14 10 13 11 9 20 17 19 16 18 15
6 1 21 3 5 2 7 4 8 12 14 10 13 11 9 20 17 19 16 18 15
4 7 2 5 3 6 1 21 8 12 14 10 13 11 9 20 17 19 16 18 15
17 20 9 11 13 10 14 12 8 4 7 2 5 3 6 1 21 19 16 18 15
16 18 20 5 2 7 4 1 6 3 21 19 17 15 10 13 11 14 9 12 8
11 13 10 15 17 19 16 18 20 5 2 7 4 1 6 3 21 14 9 12 8
12 9 14 11 13 10 15 17 19 16 18 20 5 2 7 4 1 6 3 21 8
2 7 4 1 6 3 21 5 20 18 16 19 17 15 10 13 11 14 9 12 8
20 5 2 7 4 1 6 3 21 18 16 19 17 15 10 13 11 14 9 12 8
6 3 21 1 4 7 2 5 20 18 16 19 17 15 10 13 11 14 9 12 8
1 6 3 21 4 7 2 5 20 18 16 19 17 15 10 13 11 14 9 12 8
13 3 7 10 5 8 11 6 9 4 12 2 14 21 1 15 18 16 19 17 20
7 10 5 8 11 6 9 4 12 2 14 21 3 13 1 15 18 16 19 17 20
17 19 16 18 15 1 13 3 7 10 5 8 11 6 9 4 12 2 14 21 20
4 12 2 14 21 9 6 11 8 5 10 7 3 13 1 15 18 16 19 17 20
6 9 4 12 2 14 21 11 8 5 10 7 3 13 1 15 18 16 19 17 20
7 2 4 1 6 3 5 21 10 13 8 20 18 16 19 17 15 12 9 14 11
12 15 17 19 16 18 20 8 13 10 7 2 4 1 6 3 5 21 9 14 11
14 9 12 15 17 19 16 18 20 8 13 10 7 2 4 1 6 3 5 21 11
1 6 3 5 21 4 2 7 10 13 8 20 18 16 19 17 15 12 9 14 11
2 4 1 6 3 5 21 7 10 13 8 20 18 16 19 17 15 12 9 14 11
18 20 8 13 10 7 2 4 1 6 3 5 21 16 19 17 15 12 9 14 11
19 16 18 20 8 13 10 7 2 4 1 6 3 5 21 17 15 12 9 14 11
6 3 5 21 1 4 2 7 10 13 8 20 18 16 19 17 15 12 9 14 11
1 3 7 5 21 6 2 4 8 13 11 14 10 12 20 18 16 19 17 15 9
19 16 18 20 12 10 14 11 13 8 4 2 6 1 3 7 5 21 17 15 9
16 18 20 12 10 14 11 13 8 4 2 6 1 3 7 5 21 19 17 15 9
17 19 16 18 20 12 10 14 11 13 8 4 2 6 1 3 7 5 21 15 9
3 7 5 21 1 6 2 4 8 13 11 14 10 12 20 18 16 19 17 15 9
10 14 11 13 8 4 2 6 1 3 7 5 21 12 20 18 16 19 17 15 9
11 13 8 4 2 6 1 3 7 5 21 14 10 12 20 18 16 19 17 15 9
3 21 5 2 7 4 6 1 8 14 20 18 16 19 17 15 11 9 13 10 12
4 7 2 5 3 21 6 1 8 14 20 18 16 19 17 15 11 9 13 10 12
8 1 6 4 7 2 5 3 21 14 20 18 16 19 17 15 11 9 13 10 12
1 6 4 7 2 5 3 21 8 14 20 18 16 19 17 15 11 9 13 10 12
4 7 2 5 3 21 6 1 8 10 14 20 18 16 19 17 15 11 13 9 12
20 14 10 8 1 6 4 7 2 5 3 21 18 16 19 17 15 11 13 9 12
14 10 8 1 6 4 7 2 5 3 21 20 18 16 19 17 15 11 13 9 12
19 16 18 20 14 10 8 1 6 4 7 2 5 3 21 17 15 11 13 9 12
5 3 21 2 7 4 6 1 8 10 14 20 18 16 19 17 15 11 13 9 12
3 21 5 2 7 4 6 1 8 10 14 20 18 16 19 17 15 11 13 9 12
17 19 16 18 20 14 10 8 1 6 4 7 2 5 3 21 15 11 13 9 12
10 8 1 6 4 7 2 5 3 21 14 20 18 16 19 17 15 11 13 9 12
1 6 4 7 2 5 3 21 8 10 14 20 18 16 19 17 15 11 13 9 12
18 20 14 8 2 5 3 6 4 7 1 21 16 19 17 15 11 9 13 10 12
6 4 7 1 21 3 5 2 8 14 20 18 16 19 17 15 11 9 13 10 12
1 21 7 4 6 3 5 2 8 14 20 18 16 19 17 15 11 9 13 10 12
16 18 20 14 8 2 5 3 6 4 7 1 21 19 17 15 11 9 13 10 12
15 17 19 16 18 20 14 8 2 5 3 6 4 7 1 21 11 9 13 10 12
2 5 3 6 4 7 1 21 8 14 20 18 16 19 17 15 11 9 13 10 12
7 4 6 1 21 3 5 2 8 12 9 14 11 13 10 15 18 16 19 17 20
4 6 1 21 7 3 5 2 8 12 9 14 11 13 10 15 18 16 19 17 20
2 5 3 7 4 6 1 21 8 12 9 14 11 13 10 15 18 16 19 17 20
11 14 9 12 8 2 5 3 7 4 6 1 21 13 10 15 18 16 19 17 20
3 5 1 21 7 2 6 4 8 14 11 13 20 18 16 19 17 15 10 12 9
8 4 6 2 7 3 5 1 21 14 11 13 20 18 16 19 17 15 10 12 9
6 2 7 3 5 1 21 4 8 14 11 13 20 18 16 19 17 15 10 12 9
17 19 16 18 20 13 11 14 8 4 6 2 7 3 5 1 21 15 10 12 9
18 20 13 11 14 8 4 6 2 7 3 5 1 21 16 19 17 15 10 12 9
15 18 16 19 17 20 13 11 14 8 1 6 4 7 2 5 3 21 10 12 9
6 4 7 2 5 3 21 1 8 14 11 13 20 17 19 16 18 15 10 12 9
2 5 3 21 7 4 6 1 8 14 11 13 20 17 19 16 18 15 10 12 9
11 14 8 1 6 4 7 2 5 3 21 13 20 17 19 16 18 15 10 12 9
16 19 17 20 13 11 14 8 1 6 4 7 2 5 3 21 18 15 10 12 9
10 15 18 16 19 17 20 13 11 14 8 1 6 4 7 2 5 3 21 12 9
12 10 15 18 16 19 17 20 13 11 14 8 1 6 4 7 2 5 3 21 9
1 6 4 7 2 5 3 21 8 14 11 13 20 17 19 16 18 15 10 12 9
16 19 17 20 9 11 13 10 14 12 8 3 6 1 4 7 2 5 21 18 15
1 4 7 2 5 21 6 3 8 12 14 10 13 11 9 20 17 19 16 18 15
20 9 11 13 10 14 12 8 3 6 1 4 7 2 5 21 17 19 16 18 15
14 12 8 3 6 1 4 7 2 5 21 10 13 11 9 20 17 19 16 18 15
3 6 1 4 7 2 5 21 8 12 14 10 13 11 9 20 17 19 16 18 15
3 7 21 1 5 2 6 4 8 14 20 18 16 19 17 15 10 12 9 13 11
8 4 6 2 5 1 3 7 21 14 20 18 16 19 17 15 10 12 9 13 11
5 1 3 7 21 2 6 4 8 14 20 18 16 19 17 15 10 12 9 13 11
7 5 1 21 4 2 6 3 8 14 11 13 20 18 16 19 17 15 10 12 9
16 18 20 13 11 14 8 3 6 2 4 7 5 1 21 19 17 15 10 12 9
8 3 6 2 4 7 5 1 21 14 11 13 20 18 16 19 17 15 10 12 9
2 4 7 5 1 21 6 3 8 14 11 13 20 18 16 19 17 15 10 12 9
12 10 15 17 19 16 18 20 13 11 14 8 3 6 2 4 7 5 1 21 9
19 16 18 20 13 11 14 8 3 6 2 4 7 5 1 21 17 15 10 12 9
1 21 5 7 4 2 6 3 8 14 11 13 20 18 16 19 17 15 10 12 9
18 20 10 12 14 9 11 13 8 4 2 6 3 5 7 1 21 16 19 17 15
9 11 13 8 4 2 6 3 5 7 1 21 14 12 10 20 18 16 19 17 15
16 18 20 10 12 14 9 11 13 8 4 2 6 3 5 7 1 21 19 17 15
4 2 6 3 5 7 1 21 8 13 11 9 14 12 10 20 18 16 19 17 15
12 14 9 11 13 8 4 2 6 3 5 7 1 21 10 20 18 16 19 17 15
17 20 14 10 12 8 2 5 3 6 4 7 1 21 19 16 18 15 11 13 9
18 16 19 17 20 14 10 12 8 2 5 3 6 4 7 1 21 15 11 13 9
11 15 18 16 19 17 20 14 10 12 8 2 5 3 6 4 7 1 21 13 9
1 21 7 4 6 3 5 2 8 12 10 14 20 17 19 16 18 15 11 13 9
2 5 3 6 4 7 1 21 8 12 10 14 20 17 19 16 18 15 11 13 9
6 4 7 1 21 3 5 2 8 12 10 14 20 17 19 16 18 15 11 13 9
3 6 4 7 1 21 5 2 8 12 10 14 20 17 19 16 18 15 11 13 9
19 16 18 20 3 6 1 4 7 2 5 21 17 15 11 13 9 12 14 10 8
5 21 2 7 4 1 6 3 20 18 16 19 17 15 11 13 9 12 14 10 8
6 1 4 7 2 5 21 3 20 18 16 19 17 15 11 13 9 12 14 10 8
15 17 19 16 18 20 3 6 1 4 7 2 5 21 11 13 9 12 14 10 8
1 4 7 2 5 21 6 3 20 18 16 19 17 15 11 13 9 12 14 10 8
3 21 6 1 4 7 2 5 8 14 11 13 10 20 17 19 16 18 15 9 12
17 20 10 13 11 14 8 5 2 7 4 1 6 3 21 19 16 18 15 9 12
20 10 13 11 14 8 5 2 7 4 1 6 3 21 17 19 16 18 15 9 12
2 7 4 1 6 3 21 5 8 14 11 13 10 20 17 19 16 18 15 9 12
11 14 8 5 2 7 4 1 6 3 21 13 10 20 17 19 16 18 15 9 12
8 5 2 7 4 1 6 3 21 14 11 13 10 20 17 19 16 18 15 9 12
13 11 14 8 5 2 7 4 1 6 3 21 10 20 17 19 16 18 15 9 12
1 6 3 21 4 7 2 5 8 14 11 13 10 20 17 19 16 18 15 9 12
3 5 2 6 4 7 1 21 8 12 9 14 11 13 10 15 18 16 20 17 19
7 1 21 4 6 2 5 3 8 12 9 14 11 13 10 15 18 16 20 17 19
10 13 11 14 9 12 8 3 5 2 6 4 7 1 21 15 18 16 20 17 19
8 3 5 2 6 4 7 1 21 12 9 14 11 13 10 15 18 16 20 17 19
16 18 15 10 13 11 14 9 12 8 3 5 2 6 4 7 1 21 20 17 19
10 12 14 8 2 5 1 7 3 6 4 21 13 9 11 15 17 20 18 16 19
8 2 5 1 7 3 6 4 21 14 12 10 13 9 11 15 17 20 18 16 19
13 10 12 14 8 2 5 1 7 3 6 4 21 9 11 15 17 20 18 16 19
14 8 4 7 2 5 3 6 1 21 11 13 10 12 9 15 17 20 18 16 19
12 10 13 11 14 8 4 7 2 5 3 6 1 21 9 15 17 20 18 16 19
3 6 1 21 5 2 7 4 8 14 11 13 10 12 9 15 17 20 18 16 19
11 14 8 4 7 2 5 3 6 1 21 13 10 12 9 15 17 20 18 16 19
17 15 9 12 10 13 11 14 8 4 7 2 5 3 6 1 21 20 18 16 19
4 7 2 5 3 6 1 21 8 14 11 13 10 12 9 15 17 20 18 16 19
7 2 5 3 6 1 21 4 8 14 11 13 10 12 9 15 17 20 18 16 19
19 17 20 13 11 14 9 12 8 5 2 7 4 1 6 3 21 16 18 15 10
4 1 6 3 21 7 2 5 8 12 9 14 11 13 20 17 19 16 18 15 10
11 14 9 12 8 5 2 7 4 1 6 3 21 13 20 17 19 16 18 15 10
2 7 4 1 6 3 21 5 8 12 9 14 11 13 20 17 19 16 18 15 10
6 3 21 1 4 7 2 5 8 12 9 14 11 13 20 17 19 16 18 15 10
14 9 12 8 5 2 7 4 1 6 3 21 11 13 20 17 19 16 18 15 10
7 4 1 6 3 21 2 5 8 12 9 14 11 13 20 17 19 16 18 15 10
1 6 3 21 4 7 2 5 8 12 9 14 11 13 20 17 19 16 18 15 10
14 9 12 8 4 7 2 5 3 6 1 21 11 13 10 15 20 17 19 16 18
13 11 14 9 12 8 4 7 2 5 3 6 1 21 10 15 20 17 19 16 18
15 10 13 11 14 9 12 8 4 7 2 5 3 6 1 21 20 17 19 16 18
8 4 7 2 5 3 6 1 21 12 9 14 11 13 10 15 20 17 19 16 18
2 5 3 6 1 21 7 4 8 12 9 14 11 13 10 15 20 17 19 16 18
12 8 4 7 2 5 3 6 1 21 9 14 11 13 10 15 20 17 19 16 18
15 18 16 19 17 20 10 14 12 8 4 2 6 3 5 7 1 21 9 11 13
12 8 4 2 6 3 5 7 1 21 14 10 20 17 19 16 18 15 9 11 13
8 4 2 6 3 5 7 1 21 12 14 10 20 17 19 16 18 15 9 11 13
4 2 6 3 5 7 1 21 8 12 14 10 20 17 19 16 18 15 9 11 13
20 10 14 12 8 4 2 6 3 5 7 1 21 17 19 16 18 15 9 11 13
3 5 7 1 21 6 2 4 8 12 14 10 20 17 19 16 18 15 9 11 13
1 21 7 5 3 6 2 4 8 12 14 10 20 17 19 16 18 15 9 11 13
3 7 5 1 21 6 4 2 8 14 12 10 13 11 9 20 17 19 16 18 15
10 12 14 8 2 4 6 3 7 5 1 21 13 11 9 20 17 19 16 18 15
13 10 12 14 8 2 4 6 3 7 5 1 21 11 9 20 17 19 16 18 15
14 8 2 4 6 3 7 5 1 21 12 10 13 11 9 20 17 19 16 18 15
4 6 3 7 5 1 21 2 8 14 12 10 13 11 9 20 17 19 16 18 15
2 4 6 3 7 5 1 21 8 14 12 10 13 11 9 20 17 19 16 18 15
1 21 5 7 3 6 4 2 8 14 12 10 13 11 9 20 17 19 16 18 15
3 21 5 2 7 4 6 1 8 14 12 10 13 11 9 20 17 19 16 18 15
10 12 14 8 1 6 4 7 2 5 3 21 13 11 9 20 17 19 16 18 15
17 20 9 11 13 10 12 14 8 1 6 4 7 2 5 3 21 19 16 18 15
4 7 2 5 3 21 6 1 8 14 12 10 13 11 9 20 17 19 16 18 15
5 3 21 2 7 4 6 1 8 14 12 10 13 11 9 20 17 19 16 18 15
1 6 4 7 2 5 3 21 8 14 12 10 13 11 9 20 17 19 16 18 15
14 12 8 6 2 4 7 3 5 1 21 10 13 11 9 15 18 16 20 17 19
8 6 2 4 7 3 5 1 21 12 14 10 13 11 9 15 18 16 20 17 19
10 14 12 8 6 2 4 7 3 5 1 21 13 11 9 15 18 16 20 17 19
12 8 6 2 4 7 3 5 1 21 14 10 13 11 9 15 18 16 20 17 19
16 18 15 9 11 13 10 14 12 8 6 2 4 7 3 5 1 21 20 17 19
17 20 13 3 9 4 7 11 5 8 10 6 12 2 14 21 19 16 18 15 1
14 21 2 12 6 10 8 5 11 7 4 9 3 13 20 17 19 16 18 15 1
4 7 11 5 8 10 6 12 2 14 21 9 3 13 20 17 19 16 18 15 1
18 16 19 17 20 13 3 9 4 7 11 5 8 10 6 12 2 14 21 15 1
8 10 6 12 2 14 21 5 11 7 4 9 3 13 20 17 19 16 18 15 1
9 4 7 11 5 8 10 6 12 2 14 21 3 13 20 17 19 16 18 15 1
5 8 10 6 12 2 14 21 11 7 4 9 3 13 20 17 19 16 18 15 1
1 15 18 16 19 17 20 13 3 9 4 7 11 5 8 10 6 12 2 14 21
17 20 9 12 10 13 11 14 8 6 2 4 7 3 5 1 21 19 16 18 15
14 8 6 2 4 7 3 5 1 21 11 13 10 12 9 20 17 19 16 18 15
20 9 12 10 13 11 14 8 6 2 4 7 3 5 1 21 17 19 16 18 15
11 14 8 6 2 4 7 3 5 1 21 13 10 12 9 20 17 19 16 18 15
13 11 14 8 6 2 4 7 3 5 1 21 10 12 9 20 17 19 16 18 15
1 21 5 3 7 4 2 6 8 14 11 13 10 12 9 20 17 19 16 18 15
9 12 10 14 11 13 8 4 6 2 7 3 5 1 21 15 18 20 17 19 16
2 7 3 5 1 21 6 4 8 13 11 14 10 12 9 15 18 20 17 19 16
14 11 13 8 4 6 2 7 3 5 1 21 10 12 9 15 18 20 17 19 16
13 8 2 4 6 3 7 5 1 21 11 14 10 12 9 20 17 19 16 18 15
6 3 7 5 1 21 4 2 8 13 11 14 10 12 9 20 17 19 16 18 15
5 1 21 7 3 6 4 2 8 13 11 14 10 12 9 20 17 19 16 18 15
10 14 11 13 8 2 4 6 3 7 5 1 21 12 9 20 17 19 16 18 15
7 5 1 21 3 6 4 2 8 13 11 14 10 12 9 20 17 19 16 18 15
14 11 13 8 2 4 6 3 7 5 1 21 10 12 9 20 17 19 16 18 15
1 21 5 7 3 6 4 2 8 13 11 14 10 12 9 20 17 19 16 18 15
2 5 3 21 7 4 6 1 8 12 10 14 9 13 11 15 20 18 16 19 17
10 12 8 1 6 4 7 2 5 3 21 14 9 13 11 15 20 18 16 19 17
11 13 9 14 10 12 8 1 6 4 7 2 5 3 21 15 20 18 16 19 17
4 7 2 5 3 21 6 1 8 12 10 14 9 13 11 15 20 18 16 19 17
1 6 4 7 2 5 3 21 8 12 10 14 9 13 11 15 20 18 16 19 17
3 7 5 1 21 6 4 2 8 14 11 13 9 12 20 18 16 19 17 15 10
2 4 6 3 7 5 1 21 8 14 11 13 9 12 20 18 16 19 17 15 10
16 18 20 12 9 13 11 14 8 2 4 6 3 7 5 1 21 19 17 15 10
14 8 2 4 6 3 7 5 1 21 11 13 9 12 20 18 16 19 17 15 10
4 6 3 7 5 1 21 2 8 14 11 13 9 12 20 18 16 19 17 15 10
6 3 7 5 1 21 4 2 8 14 11 13 9 12 20 18 16 19 17 15 10
18 20 12 9 13 11 14 8 2 4 6 3 7 5 1 21 16 19 17 15 10
7 1 21 4 6 2 5 3 8 14 11 20 17 19 16 18 15 9 12 10 13
18 16 19 17 20 11 14 8 3 5 2 6 4 7 1 21 15 9 12 10 13
19 17 20 11 14 8 3 5 2 6 4 7 1 21 16 18 15 9 12 10 13
6 4 7 1 21 2 5 3 8 14 11 20 17 19 16 18 15 9 12 10 13
8 3 5 2 6 4 7 1 21 14 11 20 17 19 16 18 15 9 12 10 13
16 19 17 20 11 14 8 3 5 2 6 4 7 1 21 18 15 9 12 10 13
1 21 7 4 6 2 5 3 8 14 11 20 17 19 16 18 15 9 12 10 13
13 1 4 8 10 6 9 7 5 11 14 2 12 21 3 15 20 17 19 16 18
2 12 21 14 11 5 7 9 6 10 8 4 1 13 3 15 20 17 19 16 18
8 10 6 9 7 5 11 14 2 12 21 4 1 13 3 15 20 17 19 16 18
4 8 10 6 9 7 5 11 14 2 12 21 1 13 3 15 20 17 19 16 18
1 4 8 10 6 9 7 5 11 14 2 12 21 13 3 15 20 17 19 16 18
4 1 6 3 21 7 2 5 8 14 12 10 13 9 11 15 20 18 16 19 17
15 11 9 13 10 12 14 8 5 2 7 4 1 6 3 21 20 18 16 19 17
12 14 8 5 2 7 4 1 6 3 21 10 13 9 11 15 20 18 16 19 17
9 13 10 12 14 8 5 2 7 4 1 6 3 21 11 15 20 18 16 19 17
5 1 7 3 6 4 21 2 8 12 14 10 13 11 9 20 17 19 16 18 15
16 19 17 20 9 11 13 10 14 12 8 2 5 1 7 3 6 4 21 18 15
3 6 4 21 7 1 5 2 8 12 14 10 13 11 9 20 17 19 16 18 15
1 7 3 6 4 21 5 2 8 12 14 10 13 11 9 20 17 19 16 18 15
18 16 19 17 20 13 3 7 10 5 8 11 6 9 4 12 2 14 21 15 1
6 9 4 12 2 14 21 11 8 5 10 7 3 13 20 17 19 16 18 15 1
20 13 3 7 10 5 8 11 6 9 4 12 2 14 21 17 19 16 18 15 1
10 5 8 11 6 9 4 12 2 14 21 7 3 13 20 17 19 16 18 15 1
17 20 13 3 7 10 5 8 11 6 9 4 12 2 14 21 19 16 18 15 1
19 17 20 13 3 7 10 5 8 11 6 9 4 12 2 14 21 16 18 15 1
16 19 17 20 13 3 7 10 5 8 11 6 9 4 12 2 14 21 18 15 1
12 2 14 21 4 9 6 11 8 5 10 7 3 13 20 17 19 16 18 15 1
1 15 18 16 19 17 20 13 3 7 10 5 8 11 6 9 4 12 2 14 21
8 5 2 7 4 1 6 3 21 12 9 14 11 13 20 18 16 19 17 15 10
2 7 4 1 6 3 21 5 8 12 9 14 11 13 20 18 16 19 17 15 10
20 13 11 14 9 12 8 5 2 7 4 1 6 3 21 18 16 19 17 15 10
18 20 13 11 14 9 12 8 5 2 7 4 1 6 3 21 16 19 17 15 10
14 11 13 8 4 6 2 5 1 3 7 21 10 12 20 17 19 16 18 15 9
18 16 19 17 20 12 10 14 11 13 8 4 6 2 5 1 3 7 21 15 9
3 7 21 1 5 2 6 4 8 13 11 14 10 12 20 17 19 16 18 15 9
6 2 5 1 3 7 21 4 8 13 11 14 10 12 20 17 19 16 18 15 9
17 20 12 10 14 11 13 8 4 6 2 5 1 3 7 21 19 16 18 15 9
20 12 10 14 11 13 8 4 6 2 5 1 3 7 21 17 19 16 18 15 9
3 6 1 21 5 2 7 4 8 14 11 13 9 12 10 15 18 20 17 19 16
10 12 9 13 11 14 8 4 7 2 5 3 6 1 21 15 18 20 17 19 16
18 15 10 12 9 13 11 14 8 4 7 2 5 3 6 1 21 20 17 19 16
7 2 5 3 6 1 21 4 8 14 11 13 9 12 10 15 18 20 17 19 16
12 9 13 11 14 8 4 7 2 5 3 6 1 21 10 15 18 20 17 19 16
9 13 11 14 8 4 7 2 5 3 6 1 21 12 10 15 18 20 17 19 16
8 2 4 6 3 5 7 1 21 12 9 14 11 13 20 17 19 16 18 15 10
16 19 17 20 13 11 14 9 12 8 2 4 6 3 5 7 1 21 18 15 10
4 6 3 5 7 1 21 2 8 12 9 14 11 13 20 17 19 16 18 15 10
9 12 8 2 4 6 3 5 7 1 21 14 11 13 20 17 19 16 18 15 10
5 7 1 21 3 6 4 2 8 12 9 14 11 13 20 17 19 16 18 15 10
15 18 16 19 17 20 13 11 14 9 12 8 2 4 6 3 5 7 1 21 10
20 13 11 14 9 12 8 2 4 6 3 5 7 1 21 17 19 16 18 15 10
4 6 1 21 7 3 5 2 8 14 12 10 13 11 20 18 16 19 17 15 9
17 19 16 18 20 11 13 10 12 14 8 2 5 3 7 4 6 1 21 15 9
19 16 18 20 11 13 10 12 14 8 2 5 3 7 4 6 1 21 17 15 9
14 8 2 5 3 7 4 6 1 21 12 10 13 11 20 18 16 19 17 15 9
8 2 5 3 7 4 6 1 21 14 12 10 13 11 20 18 16 19 17 15 9
20 11 13 10 12 14 8 2 5 3 7 4 6 1 21 18 16 19 17 15 9
9 15 18 16 19 17 20 14 8 2 4 6 3 5 7 1 21 11 13 10 12
5 7 1 21 3 6 4 2 8 14 20 17 19 16 18 15 9 11 13 10 12
1 21 7 5 3 6 4 2 8 14 20 17 19 16 18 15 9 11 13 10 12
17 20 14 8 2 4 6 3 5 7 1 21 19 16 18 15 9 11 13 10 12
3 5 7 1 21 6 4 2 8 14 20 17 19 16 18 15 9 11 13 10 12
2 4 6 3 5 7 1 21 8 14 20 17 19 16 18 15 9 11 13 10 12
12 14 8 2 4 6 3 5 7 1 21 10 13 11 9 20 18 16 19 17 15
16 18 20 9 11 13 10 12 14 8 2 4 6 3 5 7 1 21 19 17 15
5 7 1 21 3 6 4 2 8 14 12 10 13 11 9 20 18 16 19 17 15
13 10 12 14 8 2 4 6 3 5 7 1 21 11 9 20 18 16 19 17 15
18 20 9 11 13 10 12 14 8 2 4 6 3 5 7 1 21 16 19 17 15
10 12 14 8 2 4 6 3 5 7 1 21 13 11 9 20 18 16 19 17 15
2 4 6 3 5 7 1 21 8 14 12 10 13 11 9 20 18 16 19 17 15
2 4 7 5 1 21 6 3 8 14 11 13 10 12 9 15 18 20 17 19 16
9 12 10 13 11 14 8 3 6 2 4 7 5 1 21 15 18 20 17 19 16
14 8 3 6 2 4 7 5 1 21 11 13 10 12 9 15 18 20 17 19 16
6 2 4 7 5 1 21 3 8 14 11 13 10 12 9 15 18 20 17 19 16
14 8 4 6 2 5 1 3 7 21 20 18 16 19 17 15 9 12 10 13 11
5 1 3 7 21 2 6 4 8 14 20 18 16 19 17 15 9 12 10 13 11
8 4 6 2 5 1 3 7 21 14 20 18 16 19 17 15 9 12 10 13 11
12 9 13 11 14 8 3 6 1 4 7 2 5 21 10 15 17 20 18 16 19
4 7 2 5 21 1 6 3 8 14 11 13 9 12 10 15 17 20 18 16 19
2 5 21 7 4 1 6 3 8 14 11 13 9 12 10 15 17 20 18 16 19
9 13 11 14 8 3 6 1 4 7 2 5 21 12 10 15 17 20 18 16 19
11 2 8 5 7 3 6 4 9 21 13 1 10 14 20 18 16 19 17 15 12
18 20 14 10 1 13 11 2 8 5 7 3 6 4 9 21 16 19 17 15 12
17 19 16 18 20 14 10 1 13 11 2 8 5 7 3 6 4 9 21 15 12
1 13 11 2 8 5 7 3 6 4 9 21 10 14 20 18 16 19 17 15 12
20 14 10 1 13 11 2 8 5 7 3 6 4 9 21 18 16 19 17 15 12
8 5 2 7 4 1 6 3 21 10 14 12 9 13 11 20 18 16 19 17 15
9 12 14 10 8 5 2 7 4 1 6 3 21 13 11 20 18 16 19 17 15
20 11 13 9 12 14 10 8 5 2 7 4 1 6 3 21 18 16 19 17 15
2 7 4 1 6 3 21 5 8 10 14 12 9 13 11 20 18 16 19 17 15
14 10 8 5 2 7 4 1 6 3 21 12 9 13 11 20 18 16 19 17 15
1 6 3 21 4 7 2 5 8 10 14 12 9 13 11 20 18 16 19 17 15
16 19 17 20 1 7 3 5 8 2 6 9 13 11 21 18 15 12 14 10 4
17 20 1 7 3 5 8 2 6 9 13 11 21 19 16 18 15 12 14 10 4
19 17 20 1 7 3 5 8 2 6 9 13 11 21 16 18 15 12 14 10 4
15 18 16 19 17 20 1 7 3 5 8 2 6 9 13 11 21 12 14 10 4
12 15 18 16 19 17 20 1 7 3 5 8 2 6 9 13 11 21 14 10 4
11 21 13 9 6 2 8 5 3 7 1 20 17 19 16 18 15 12 14 10 4
13 11 21 9 6 2 8 5 3 7 1 20 17 19 16 18 15 12 14 10 4
7 3 5 8 2 6 9 13 11 21 1 20 17 19 16 18 15 12 14 10 4
1 7 3 5 8 2 6 9 13 11 21 20 17 19 16 18 15 12 14 10 4
18 16 19 17 20 10 14 11 13 8 1 6 4 7 2 5 3 21 15 9 12
2 5 3 21 7 4 6 1 8 13 11 14 10 20 17 19 16 18 15 9 12
6 2 4 7 5 1 21 3 8 14 12 10 13 9 11 15 17 20 18 16 19
12 14 8 3 6 2 4 7 5 1 21 10 13 9 11 15 17 20 18 16 19
13 10 12 14 8 3 6 2 4 7 5 1 21 9 11 15 17 20 18 16 19
11 9 13 10 12 14 8 3 6 2 4 7 5 1 21 15 17 20 18 16 19
9 13 10 12 14 8 3 6 2 4 7 5 1 21 11 15 17 20 18 16 19
10 12 14 8 3 6 2 4 7 5 1 21 13 9 11 15 17 20 18 16 19
14 8 3 6 2 4 7 5 1 21 12 10 13 9 11 15 17 20 18 16 19
17 15 11 9 13 10 12 14 8 3 6 2 4 7 5 1 21 20 18 16 19
7 3 5 1 21 4 2 6 8 10 14 12 9 13 11 15 20 17 19 16 18
8 6 2 4 7 3 5 1 21 10 14 12 9 13 11 15 20 17 19 16 18
11 13 9 12 14 10 8 6 2 4 7 3 5 1 21 15 20 17 19 16 18
13 9 12 14 10 8 6 2 4 7 3 5 1 21 11 15 20 17 19 16 18
12 14 8 3 6 4 7 2 5 1 21 10 13 9 11 15 20 17 19 16 18
14 8 3 6 4 7 2 5 1 21 12 10 13 9 11 15 20 17 19 16 18
6 4 7 2 5 1 21 3 8 14 12 10 13 9 11 15 20 17 19 16 18
2 5 1 21 7 4 6 3 8 14 12 10 13 9 11 15 20 17 19 16 18
8 3 6 4 7 2 5 1 21 14 12 10 13 9 11 15 20 17 19 16 18
7 2 5 1 21 4 6 3 8 14 12 10 13 9 11 15 20 17 19 16 18
17 20 12 10 14 11 13 8 2 4 6 3 7 5 1 21 19 16 18 15 9
7 5 1 21 3 6 4 2 8 13 11 14 10 12 20 17 19 16 18 15 9
4 6 3 7 5 1 21 2 8 13 11 14 10 12 20 17 19 16 18 15 9
10 14 11 13 8 2 4 6 3 7 5 1 21 12 20 17 19 16 18 15 9
20 12 10 14 11 13 8 2 4 6 3 7 5 1 21 17 19 16 18 15 9
19 17 20 12 10 14 11 13 8 2 4 6 3 7 5 1 21 16 18 15 9
14 11 13 8 2 4 6 3 7 5 1 21 10 12 20 17 19 16 18 15 9
8 2 6 9 13 11 21 5 3 7 1 4 10 20 18 16 19 17 15 12 14
10 4 1 7 3 5 8 2 6 9 13 11 21 20 18 16 19 17 15 12 14
20 10 4 1 7 3 5 8 2 6 9 13 11 21 18 16 19 17 15 12 14
19 16 18 20 10 4 1 7 3 5 8 2 6 9 13 11 21 17 15 12 14
1 7 3 5 8 2 6 9 13 11 21 4 10 20 18 16 19 17 15 12 14
18 20 10 4 1 7 3 5 8 2 6 9 13 11 21 16 19 17 15 12 14
3 5 8 2 6 9 13 11 21 7 1 4 10 20 18 16 19 17 15 12 14
6 1 4 7 2 5 21 3 8 12 14 20 17 19 16 18 15 9 11 13 10
16 19 17 20 14 12 8 3 6 1 4 7 2 5 21 18 15 9 11 13 10
11 9 15 18 16 19 17 20 14 12 8 3 6 1 4 7 2 5 21 13 10
4 7 2 5 21 1 6 3 8 12 14 20 17 19 16 18 15 9 11 13 10
12 8 3 6 1 4 7 2 5 21 14 20 17 19 16 18 15 9 11 13 10
18 16 19 17 20 14 12 8 3 6 1 4 7 2 5 21 15 9 11 13 10
7 2 5 21 4 1 6 3 8 12 14 20 17 19 16 18 15 9 11 13 10
1 4 7 2 5 21 6 3 8 12 14 20 17 19 16 18 15 9 11 13 10
16 19 17 15 12 9 13 10 14 11 8 2 4 6 3 7 5 1 21 20 18
3 7 5 1 21 6 4 2 8 11 14 10 13 9 12 15 17 19 16 20 18
13 10 14 11 8 2 4 6 3 7 5 1 21 9 12 15 17 19 16 20 18
9 13 10 14 11 8 2 4 6 3 7 5 1 21 12 15 17 19 16 20 18
11 8 2 4 6 3 7 5 1 21 14 10 13 9 12 15 17 19 16 20 18
2 4 6 3 7 5 1 21 8 11 14 10 13 9 12 15 17 19 16 20 18
12 9 13 10 14 11 8 2 4 6 3 7 5 1 21 15 17 19 16 20 18
12 9 13 10 14 11 8 4 7 2 5 3 6 1 21 15 17 19 16 18 20
2 5 3 6 1 21 7 4 8 11 14 10 13 9 12 15 17 19 16 18 20
11 8 4 7 2 5 3 6 1 21 14 10 13 9 12 15 17 19 16 18 20
10 14 11 8 4 7 2 5 3 6 1 21 13 9 12 15 17 19 16 18 20
8 4 7 2 5 3 6 1 21 11 14 10 13 9 12 15 17 19 16 18 20
7 5 1 21 3 6 4 2 8 11 14 10 13 9 12 20 18 16 19 17 15
3 7 5 1 21 6 4 2 8 11 14 10 13 9 12 20 18 16 19 17 15
5 1 21 7 3 6 4 2 8 11 14 10 13 9 12 20 18 16 19 17 15
2 4 6 3 7 5 1 21 8 11 14 10 13 9 12 20 18 16 19 17 15
9 13 10 14 11 8 2 4 6 3 7 5 1 21 12 20 18 16 19 17 15
6 3 7 5 1 21 4 2 8 11 14 10 13 9 12 20 18 16 19 17 15
20 10 7 2 4 1 6 3 5 21 18 16 19 17 15 12 9 14 11 8 13
16 18 20 10 7 2 4 1 6 3 5 21 19 17 15 12 9 14 11 8 13
3 5 21 6 1 4 2 7 10 20 18 16 19 17 15 12 9 14 11 8 13
8 11 14 9 12 15 17 19 16 18 20 10 7 2 4 1 6 3 5 21 13
8 4 6 2 5 7 3 1 21 12 10 14 9 13 11 15 20 17 19 16 18
9 14 10 12 8 4 6 2 5 7 3 1 21 13 11 15 20 17 19 16 18
6 2 5 7 3 1 21 4 8 12 10 14 9 13 11 15 20 17 19 16 18
10 12 8 4 6 2 5 7 3 1 21 14 9 13 11 15 20 17 19 16 18
14 10 12 8 4 6 2 5 7 3 1 21 9 13 11 15 20 17 19 16 18
11 13 9 14 10 12 8 4 6 2 5 7 3 1 21 15 20 17 19 16 18
3 7 5 21 1 6 2 4 8 11 14 10 13 9 12 15 20 18 16 19 17
7 5 21 3 1 6 2 4 8 11 14 10 13 9 12 15 20 18 16 19 17
13 10 14 11 8 4 2 6 1 3 7 5 21 9 12 15 20 18 16 19 17
9 13 10 14 11 8 4 2 6 1 3 7 5 21 12 15 20 18 16 19 17
6 1 3 7 5 21 2 4 8 11 14 10 13 9 12 15 20 18 16 19 17
19 16 18 20 14 8 2 5 3 6 4 7 1 21 17 15 9 11 13 10 12
16 18 20 14 8 2 5 3 6 4 7 1 21 19 17 15 9 11 13 10 12
15 17 19 16 18 20 14 8 2 5 3 6 4 7 1 21 9 11 13 10 12
2 5 3 6 4 7 1 21 8 14 20 18 16 19 17 15 9 11 13 10 12
6 4 7 1 21 3 5 2 8 14 20 18 16 19 17 15 9 11 13 10 12
1 21 7 4 6 3 5 2 8 14 20 18 16 19 17 15 9 11 13 10 12
7 1 21 4 6 3 5 2 8 14 20 18 16 19 17 15 9 11 13 10 12
17 19 16 18 20 14 8 2 5 3 6 4 7 1 21 15 9 11 13 10 12
6 2 5 1 3 7 21 4 8 12 14 10 13 11 9 15 20 18 16 19 17
8 4 6 2 5 1 3 7 21 12 14 10 13 11 9 15 20 18 16 19 17
3 7 21 1 5 2 6 4 8 12 14 10 13 11 9 15 20 18 16 19 17
9 11 13 10 14 12 8 4 6 2 5 1 3 7 21 15 20 18 16 19 17
2 6 4 7 1 21 5 3 8 14 11 13 20 17 19 16 18 15 9 12 10
11 14 8 3 5 2 6 4 7 1 21 13 20 17 19 16 18 15 9 12 10
4 7 1 21 6 2 5 3 8 14 11 13 20 17 19 16 18 15 9 12 10
1 21 7 4 6 2 5 3 8 14 11 13 20 17 19 16 18 15 9 12 10
16 18 20 4 21 19 17 15 10 12 9 13 11 14 8 2 5 1 7 3 6
18 20 4 21 16 19 17 15 10 12 9 13 11 14 8 2 5 1 7 3 6
5 2 8 14 11 13 9 12 10 15 17 19 16 18 20 4 21 1 7 3 6
13 9 12 10 15 17 19 16 18 20 4 21 11 14 8 2 5 1 7 3 6
14 11 13 9 12 10 15 17 19 16 18 20 4 21 8 2 5 1 7 3 6
12 10 15 17 19 16 18 20 4 21 9 13 11 14 8 2 5 1 7 3 6
19 16 18 20 4 21 17 15 10 12 9 13 11 14 8 2 5 1 7 3 6
20 4 21 18 16 19 17 15 10 12 9 13 11 14 8 2 5 1 7 3 6
3 1 21 7 5 2 6 4 8 14 11 13 10 12 9 15 17 19 16 18 20
13 11 14 8 4 6 2 5 7 3 1 21 10 12 9 15 17 19 16 18 20
2 5 7 3 1 21 6 4 8 14 11 13 10 12 9 15 17 19 16 18 20
10 13 11 14 8 4 6 2 5 7 3 1 21 12 9 15 17 19 16 18 20
10 12 8 2 5 3 6 4 7 1 21 14 20 17 19 16 18 15 11 13 9
4 7 1 21 6 3 5 2 8 12 10 14 20 17 19 16 18 15 11 13 9
20 14 10 12 8 2 5 3 6 4 7 1 21 17 19 16 18 15 11 13 9
5 9 21 3 7 4 6 8 2 11 13 1 10 14 12 15 18 16 20 17 19
7 3 5 9 21 4 6 8 2 11 13 1 10 14 12 15 18 16 20 17 19
3 5 9 21 7 4 6 8 2 11 13 1 10 14 12 15 18 16 20 17 19
12 14 10 1 13 11 2 8 6 4 7 3 5 9 21 15 18 16 20 17 19
10 1 13 11 2 8 6 4 7 3 5 9 21 14 12 15 18 16 20 17 19
1 13 11 2 8 6 4 7 3 5 9 21 10 14 12 15 18 16 20 17 19
18 16 19 17 20 11 14 8 3 6 1 4 7 2 5 21 15 10 12 9 13
17 20 11 14 8 3 6 1 4 7 2 5 21 19 16 18 15 10 12 9 13
9 12 10 15 18 16 19 17 20 11 14 8 3 6 1 4 7 2 5 21 13
6 1 4 7 2 5 21 3 8 14 11 20 17 19 16 18 15 10 12 9 13
14 8 3 6 1 4 7 2 5 21 11 20 17 19 16 18 15 10 12 9 13
1 4 7 2 5 21 6 3 8 14 11 20 17 19 16 18 15 10 12 9 13
12 14 9 11 13 8 2 5 1 7 3 6 4 21 10 20 18 16 19 17 15
1 7 3 6 4 21 5 2 8 13 11 9 14 12 10 20 18 16 19 17 15
20 10 12 14 9 11 13 8 2 5 1 7 3 6 4 21 18 16 19 17 15
8 2 5 1 7 3 6 4 21 13 11 9 14 12 10 20 18 16 19 17 15
16 18 20 10 12 14 9 11 13 8 2 5 1 7 3 6 4 21 19 17 15
2 5 1 7 3 6 4 21 8 13 11 9 14 12 10 20 18 16 19 17 15
3 6 4 21 7 1 5 2 8 13 11 9 14 12 10 20 18 16 19 17 15
19 16 18 20 11 13 9 12 14 10 8 2 5 3 7 4 6 1 21 17 15
2 5 3 7 4 6 1 21 8 10 14 12 9 13 11 20 18 16 19 17 15
18 20 11 13 9 12 14 10 8 2 5 3 7 4 6 1 21 16 19 17 15
12 14 10 8 2 5 3 7 4 6 1 21 9 13 11 20 18 16 19 17 15
6 1 21 4 7 3 5 2 8 10 14 12 9 13 11 20 18 16 19 17 15
20 10 14 11 13 8 4 6 2 5 7 3 1 21 18 16 19 17 15 9 12
8 4 6 2 5 7 3 1 21 13 11 14 10 20 18 16 19 17 15 9 12
13 8 4 6 2 5 7 3 1 21 11 14 10 20 18 16 19 17 15 9 12
17 19 16 18 20 10 14 11 13 8 4 6 2 5 7 3 1 21 15 9 12
16 18 20 10 14 11 13 8 4 6 2 5 7 3 1 21 19 17 15 9 12
18 20 10 14 11 13 8 4 6 2 5 7 3 1 21 16 19 17 15 9 12
5 7 3 1 21 2 6 4 8 13 11 14 10 20 18 16 19 17 15 9 12
6 2 5 7 3 1 21 4 8 13 11 14 10 20 18 16 19 17 15 9 12
1 21 3 7 5 2 6 4 8 13 11 14 10 20 18 16 19 17 15 9 12
1 21 7 5 3 6 4 2 8 10 14 12 20 17 19 16 18 15 11 13 9
10 8 2 4 6 3 5 7 1 21 14 12 20 17 19 16 18 15 11 13 9
18 16 19 17 20 12 14 10 8 2 4 6 3 5 7 1 21 15 11 13 9
16 19 17 20 12 14 10 8 2 4 6 3 5 7 1 21 18 15 11 13 9
3 5 7 1 21 6 4 2 8 10 14 12 20 17 19 16 18 15 11 13 9
4 6 3 5 7 1 21 2 8 10 14 12 20 17 19 16 18 15 11 13 9
19 17 20 12 14 10 8 2 4 6 3 5 7 1 21 16 18 15 11 13 9
7 12 2 14 21 10 4 9 6 11 8 5 3 13 1 15 17 19 16 18 20
10 7 12 2 14 21 4 9 6 11 8 5 3 13 1 15 17 19 16 18 20
12 2 14 21 7 10 4 9 6 11 8 5 3 13 1 15 17 19 16 18 20
11 6 9 4 10 7 12 2 14 21 8 5 3 13 1 15 17 19 16 18 20
3 6 2 4 7 5 1 21 8 14 20 18 16 19 17 15 10 12 9 13 11
6 2 4 7 5 1 21 3 8 14 20 18 16 19 17 15 10 12 9 13 11
8 3 6 2 4 7 5 1 21 14 20 18 16 19 17 15 10 12 9 13 11
7 5 1 21 4 2 6 3 8 14 20 18 16 19 17 15 10 12 9 13 11
1 21 5 7 4 2 6 3 8 14 20 18 16 19 17 15 10 12 9 13 11
2 6 4 7 1 21 5 3 8 14 12 10 13 11 20 17 19 16 18 15 9
10 12 14 8 3 5 2 6 4 7 1 21 13 11 20 17 19 16 18 15 9
18 16 19 17 20 11 13 10 12 14 8 3 5 2 6 4 7 1 21 15 9
5 2 6 4 7 1 21 3 8 14 12 10 13 11 20 17 19 16 18 15 9
17 20 11 13 10 12 14 8 3 5 2 6 4 7 1 21 19 16 18 15 9
15 18 16 19 17 20 11 13 10 12 14 8 3 5 2 6 4 7 1 21 9
1 21 7 4 6 2 5 3 8 14 12 10 13 11 20 17 19 16 18 15 9
4 8 11 21 2 6 3 5 7 1 12 9 14 10 13 20 17 19 16 18 15
8 11 21 4 2 6 3 5 7 1 12 9 14 10 13 20 17 19 16 18 15
12 1 7 5 3 6 2 4 8 11 21 9 14 10 13 20 17 19 16 18 15
6 2 4 8 11 21 3 5 7 1 12 9 14 10 13 20 17 19 16 18 15
14 10 12 8 3 6 4 7 2 5 1 21 9 13 11 15 18 20 17 19 16
2 5 1 21 7 4 6 3 8 12 10 14 9 13 11 15 18 20 17 19 16
6 4 7 2 5 1 21 3 8 12 10 14 9 13 11 15 18 20 17 19 16
10 12 8 3 6 4 7 2 5 1 21 14 9 13 11 15 18 20 17 19 16
7 3 6 4 21 1 5 2 8 14 20 18 16 19 17 15 11 9 13 10 12
3 6 4 21 7 1 5 2 8 14 20 18 16 19 17 15 11 9 13 10 12
11 15 17 19 16 18 20 14 8 2 5 1 7 3 6 4 21 9 13 10 12
2 5 1 7 3 6 4 21 8 14 20 18 16 19 17 15 11 9 13 10 12
4 7 1 21 6 3 5 2 8 10 14 12 9 13 11 15 18 16 20 17 19
9 12 14 10 8 2 5 3 6 4 7 1 21 13 11 15 18 16 20 17 19
11 13 9 12 14 10 8 2 5 3 6 4 7 1 21 15 18 16 20 17 19
12 14 10 8 2 5 3 6 4 7 1 21 9 13 11 15 18 16 20 17 19
16 18 15 11 13 9 12 14 10 8 2 5 3 6 4 7 1 21 20 17 19
10 13 11 14 8 4 2 6 3 5 7 1 21 12 9 15 18 16 20 17 19
13 11 14 8 4 2 6 3 5 7 1 21 10 12 9 15 18 16 20 17 19
14 8 4 2 6 3 5 7 1 21 11 13 10 12 9 15 18 16 20 17 19
9 12 10 13 11 14 8 4 2 6 3 5 7 1 21 15 18 16 20 17 19
11 14 8 4 2 6 3 5 7 1 21 13 10 12 9 15 18 16 20 17 19
3 5 7 1 21 6 2 4 8 14 11 13 10 12 9 15 18 16 20 17 19
16 18 15 9 12 10 13 11 14 8 4 2 6 3 5 7 1 21 20 17 19
4 2 6 3 5 7 1 21 8 14 11 13 10 12 9 15 18 16 20 17 19
17 20 11 13 10 14 12 8 4 6 2 5 1 3 7 21 19 16 18 15 9
12 8 4 6 2 5 1 3 7 21 14 10 13 11 20 17 19 16 18 15 9
13 10 14 12 8 4 6 2 5 1 3 7 21 11 20 17 19 16 18 15 9
14 12 8 4 6 2 5 1 3 7 21 10 13 11 20 17 19 16 18 15 9
18 16 19 17 20 11 13 10 14 12 8 4 6 2 5 1 3 7 21 15 9
12 15 17 19 16 18 20 13 10 7 3 1 5 2 6 4 21 9 14 11 8
17 19 16 18 20 13 10 7 3 1 5 2 6 4 21 15 12 9 14 11 8
4 21 6 2 5 1 3 7 10 13 20 18 16 19 17 15 12 9 14 11 8
18 20 13 10 7 3 1 5 2 6 4 21 16 19 17 15 12 9 14 11 8
11 14 9 12 15 17 19 16 18 20 13 10 7 3 1 5 2 6 4 21 8
15 17 19 16 18 20 13 10 7 3 1 5 2 6 4 21 12 9 14 11 8
2 6 4 21 5 1 3 7 10 13 20 18 16 19 17 15 12 9 14 11 8
1 5 2 6 4 21 3 7 10 13 20 18 16 19 17 15 12 9 14 11 8
12 14 10 8 5 2 7 4 1 6 3 21 9 13 11 15 20 17 19 16 18
14 10 8 5 2 7 4 1 6 3 21 12 9 13 11 15 20 17 19 16 18
8 2 4 6 3 7 5 1 21 10 14 20 18 16 19 17 15 11 13 9 12
5 1 21 7 3 6 4 2 8 10 14 20 18 16 19 17 15 11 13 9 12
19 16 18 20 14 10 8 2 4 6 3 7 5 1 21 17 15 11 13 9 12
16 18 20 14 10 8 2 4 6 3 7 5 1 21 19 17 15 11 13 9 12
18 20 14 10 8 2 4 6 3 7 5 1 21 16 19 17 15 11 13 9 12
1 21 5 7 3 6 4 2 8 10 14 20 18 16 19 17 15 11 13 9 12
10 12 14 8 2 5 3 7 4 6 1 21 13 9 11 15 18 16 20 17 19
2 5 3 7 4 6 1 21 8 14 12 10 13 9 11 15 18 16 20 17 19
7 4 6 1 21 3 5 2 8 14 12 10 13 9 11 15 18 16 20 17 19
8 6 2 4 7 3 5 1 21 14 12 10 13 11 9 15 20 18 16 19 17
11 13 10 12 14 8 6 2 4 7 3 5 1 21 9 15 20 18 16 19 17
12 14 8 6 2 4 7 3 5 1 21 10 13 11 9 15 20 18 16 19 17
5 1 21 3 7 4 2 6 8 14 12 10 13 11 9 15 20 18 16 19 17
6 2 4 7 3 5 1 21 8 14 12 10 13 11 9 15 20 18 16 19 17
20 12 14 8 1 6 4 7 2 5 3 21 18 16 19 17 15 11 9 13 10
7 2 5 3 21 4 6 1 8 14 12 20 18 16 19 17 15 11 9 13 10
18 20 12 14 8 1 6 4 7 2 5 3 21 16 19 17 15 11 9 13 10
14 8 1 6 4 7 2 5 3 21 12 20 18 16 19 17 15 11 9 13 10
11 15 17 19 16 18 20 12 14 8 1 6 4 7 2 5 3 21 9 13 10
5 3 21 2 7 4 6 1 8 14 12 20 18 16 19 17 15 11 9 13 10
1 6 4 7 2 5 3 21 8 14 12 20 18 16 19 17 15 11 9 13 10
12 3 5 8 4 7 10 6 9 11 21 1 14 2 13 15 20 18 16 19 17
3 5 8 4 7 10 6 9 11 21 12 1 14 2 13 15 20 18 16 19 17
13 2 14 1 12 3 5 8 4 7 10 6 9 11 21 15 20 18 16 19 17
13 11 14 8 4 2 6 1 3 7 5 21 10 12 9 15 18 20 17 19 16
11 14 8 4 2 6 1 3 7 5 21 13 10 12 9 15 18 20 17 19 16
6 1 3 7 5 21 2 4 8 14 11 13 10 12 9 15 18 20 17 19 16
12 10 13 11 14 8 4 2 6 1 3 7 5 21 9 15 18 20 17 19 16
3 7 5 21 1 6 2 4 8 14 11 13 10 12 9 15 18 20 17 19 16
11 14 8 4 6 2 5 1 3 7 21 13 9 12 10 15 18 20 17 19 16
14 8 4 6 2 5 1 3 7 21 11 13 9 12 10 15 18 20 17 19 16
10 12 9 13 11 14 8 4 6 2 5 1 3 7 21 15 18 20 17 19 16
13 11 14 8 4 6 2 5 1 3 7 21 9 12 10 15 18 20 17 19 16
7 10 12 2 14 21 4 9 6 11 5 8 3 13 1 15 17 19 16 20 18
9 4 7 10 12 2 14 21 6 11 5 8 3 13 1 15 17 19 16 20 18
12 2 14 21 10 7 4 9 6 11 5 8 3 13 1 15 17 19 16 20 18
16 19 17 15 1 13 3 8 5 11 6 9 4 7 10 12 2 14 21 20 18
5 11 6 9 4 7 10 12 2 14 21 8 3 13 1 15 17 19 16 20 18
11 6 9 4 7 10 12 2 14 21 5 8 3 13 1 15 17 19 16 20 18
13 3 8 5 11 6 9 4 7 10 12 2 14 21 1 15 17 19 16 20 18
2 14 21 12 10 7 4 9 6 11 5 8 3 13 1 15 17 19 16 20 18
12 7 10 6 2 14 3 5 1 21 9 20 18 16 19 17 15 4 13 8 11
8 13 4 15 17 19 16 18 20 9 12 7 10 6 2 14 3 5 1 21 11
3 5 1 21 14 2 6 10 7 12 9 20 18 16 19 17 15 4 13 8 11
10 6 2 14 3 5 1 21 7 12 9 20 18 16 19 17 15 4 13 8 11
1 21 5 3 14 2 6 10 7 12 9 20 18 16 19 17 15 4 13 8 11
2 5 7 3 1 21 6 4 8 14 20 18 16 19 17 15 10 12 9 13 11
6 2 5 7 3 1 21 4 8 14 20 18 16 19 17 15 10 12 9 13 11
1 21 3 7 5 2 6 4 8 14 20 18 16 19 17 15 10 12 9 13 11
2 5 3 6 1 21 7 4 8 12 14 10 13 11 9 15 18 20 17 19 16
12 8 4 7 2 5 3 6 1 21 14 10 13 11 9 15 18 20 17 19 16
4 7 2 5 3 6 1 21 8 12 14 10 13 11 9 15 18 20 17 19 16
11 13 10 12 14 8 4 6 2 5 1 3 7 21 9 15 20 17 19 16 18
3 7 21 1 5 2 6 4 8 14 12 10 13 11 9 15 20 17 19 16 18
12 14 8 4 6 2 5 1 3 7 21 10 13 11 9 15 20 17 19 16 18
2 5 1 7 3 6 4 21 8 14 11 13 9 12 10 20 18 16 19 17 15
3 6 4 21 7 1 5 2 8 14 11 13 9 12 10 20 18 16 19 17 15
14 8 2 5 1 7 3 6 4 21 11 13 9 12 10 20 18 16 19 17 15
12 9 13 11 14 8 2 5 1 7 3 6 4 21 10 20 18 16 19 17 15
6 4 21 3 7 1 5 2 8 14 11 13 9 12 10 20 18 16 19 17 15
16 18 20 10 12 9 13 11 14 8 2 5 1 7 3 6 4 21 19 17 15
19 16 18 20 10 12 9 13 11 14 8 2 5 1 7 3 6 4 21 17 15
1 7 3 6 4 21 5 2 8 14 11 13 9 12 10 20 18 16 19 17 15
19 16 18 20 6 2 5 1 3 7 21 17 15 9 12 10 13 11 14 8 4
15 17 19 16 18 20 6 2 5 1 3 7 21 9 12 10 13 11 14 8 4
11 13 10 12 9 15 17 19 16 18 20 6 2 5 1 3 7 21 14 8 4
17 19 16 18 20 6 2 5 1 3 7 21 15 9 12 10 13 11 14 8 4
20 6 2 5 1 3 7 21 18 16 19 17 15 9 12 10 13 11 14 8 4
12 9 15 17 19 16 18 20 6 2 5 1 3 7 21 10 13 11 14 8 4
14 11 13 10 12 9 15 17 19 16 18 20 6 2 5 1 3 7 21 8 4
3 7 21 1 5 2 6 20 18 16 19 17 15 9 12 10 13 11 14 8 4
13 15 18 16 19 17 20 4 7 11 8 5 10 21 2 14 1 12 3 6 9
1 14 2 13 15 18 16 19 17 20 4 7 11 8 5 10 21 12 3 6 9
15 18 16 19 17 20 4 7 11 8 5 10 21 13 2 14 1 12 3 6 9
20 4 7 11 8 5 10 21 17 19 16 18 15 13 2 14 1 12 3 6 9
