16 24 26 25 27 22 19 21 23 17 20 18 15 9 12 10 14 11 13 8 4 6 2 5 7 3 1
15 18 20 17 23 21 19 22 16 24 26 25 27 9 12 10 14 11 13 8 4 6 2 5 7 3 1
12 9 15 18 20 17 23 21 19 22 16 24 26 25 27 10 14 11 13 8 4 6 2 5 7 3 1
9 15 18 20 17 23 21 19 22 16 24 26 25 27 12 10 14 11 13 8 4 6 2 5 7 3 1
14 10 12 9 15 18 20 17 23 21 19 22 16 24 26 25 27 11 13 8 4 6 2 5 7 3 1
23 21 19 22 16 24 26 25 27 17 20 18 15 9 12 10 14 11 13 8 4 6 2 5 7 3 1
18 20 17 23 21 19 22 16 24 26 25 27 15 9 12 10 14 11 13 8 4 6 2 5 7 3 1
21 19 22 16 24 26 25 27 23 17 20 18 15 9 12 10 14 11 13 8 4 6 2 5 7 3 1
6 4 8 13 11 14 10 12 9 15 18 20 17 23 21 19 22 16 24 26 25 27 2 5 7 3 1
17 23 21 19 22 16 24 26 25 27 20 18 15 9 12 10 14 11 13 8 4 6 2 5 7 3 1
22 16 24 26 25 27 19 21 23 17 20 18 15 9 12 10 14 11 13 8 4 6 2 5 7 3 1
4 8 13 11 14 10 12 9 15 18 20 17 23 21 19 22 16 24 26 25 27 6 2 5 7 3 1
24 26 25 27 16 22 19 21 23 17 20 18 15 9 12 10 14 11 13 8 4 6 2 5 7 3 1
11 14 10 12 9 15 18 20 17 23 21 19 22 16 24 26 25 27 13 8 4 6 2 5 7 3 1
20 17 23 21 19 22 16 24 26 25 27 18 15 9 12 10 14 11 13 8 4 6 2 5 7 3 1
19 22 16 24 26 25 27 21 23 17 20 18 15 9 12 10 14 11 13 8 4 6 2 5 7 3 1
16 24 26 25 27 22 19 21 23 17 20 18 15 9 11 13 10 14 12 8 4 6 2 5 7 3 1
23 21 19 22 16 24 26 25 27 17 20 18 15 9 11 13 10 14 12 8 4 6 2 5 7 3 1
22 16 24 26 25 27 19 21 23 17 20 18 15 9 11 13 10 14 12 8 4 6 2 5 7 3 1
15 18 20 17 23 21 19 22 16 24 26 25 27 9 11 13 10 14 12 8 4 6 2 5 7 3 1
9 15 18 20 17 23 21 19 22 16 24 26 25 27 11 13 10 14 12 8 4 6 2 5 7 3 1
11 9 15 18 20 17 23 21 19 22 16 24 26 25 27 13 10 14 12 8 4 6 2 5 7 3 1
13 11 9 15 18 20 17 23 21 19 22 16 24 26 25 27 10 14 12 8 4 6 2 5 7 3 1
18 20 17 23 21 19 22 16 24 26 25 27 15 9 11 13 10 14 12 8 4 6 2 5 7 3 1
21 19 22 16 24 26 25 27 23 17 20 18 15 9 11 13 10 14 12 8 4 6 2 5 7 3 1
24 26 25 27 16 22 19 21 23 17 20 18 15 9 11 13 10 14 12 8 4 6 2 5 7 3 1
17 23 21 19 22 16 24 26 25 27 20 18 15 9 11 13 10 14 12 8 4 6 2 5 7 3 1
4 8 12 14 10 13 11 9 15 18 20 17 23 21 19 22 16 24 26 25 27 6 2 5 7 3 1
6 4 8 12 14 10 13 11 9 15 18 20 17 23 21 19 22 16 24 26 25 27 2 5 7 3 1
19 22 16 24 26 25 27 21 23 17 20 18 15 9 11 13 10 14 12 8 4 6 2 5 7 3 1
20 17 23 21 19 22 16 24 26 25 27 18 15 9 11 13 10 14 12 8 4 6 2 5 7 3 1
14 10 13 11 9 15 18 20 17 23 21 19 22 16 24 26 25 27 12 8 4 6 2 5 7 3 1
24 26 25 27 16 19 17 22 18 21 23 20 15 10 12 9 13 11 14 8 4 6 2 5 7 3 1
16 24 26 25 27 19 17 22 18 21 23 20 15 10 12 9 13 11 14 8 4 6 2 5 7 3 1
18 22 17 19 16 24 26 25 27 21 23 20 15 10 12 9 13 11 14 8 4 6 2 5 7 3 1
22 17 19 16 24 26 25 27 18 21 23 20 15 10 12 9 13 11 14 8 4 6 2 5 7 3 1
15 20 23 21 18 22 17 19 16 24 26 25 27 10 12 9 13 11 14 8 4 6 2 5 7 3 1
10 15 20 23 21 18 22 17 19 16 24 26 25 27 12 9 13 11 14 8 4 6 2 5 7 3 1
23 21 18 22 17 19 16 24 26 25 27 20 15 10 12 9 13 11 14 8 4 6 2 5 7 3 1
9 12 10 15 20 23 21 18 22 17 19 16 24 26 25 27 13 11 14 8 4 6 2 5 7 3 1
20 23 21 18 22 17 19 16 24 26 25 27 15 10 12 9 13 11 14 8 4 6 2 5 7 3 1
13 9 12 10 15 20 23 21 18 22 17 19 16 24 26 25 27 11 14 8 4 6 2 5 7 3 1
12 10 15 20 23 21 18 22 17 19 16 24 26 25 27 9 13 11 14 8 4 6 2 5 7 3 1
24 26 25 27 16 19 17 22 18 21 23 20 15 9 12 10 14 11 13 8 4 6 2 5 7 3 1
16 24 26 25 27 19 17 22 18 21 23 20 15 9 12 10 14 11 13 8 4 6 2 5 7 3 1
18 22 17 19 16 24 26 25 27 21 23 20 15 9 12 10 14 11 13 8 4 6 2 5 7 3 1
22 17 19 16 24 26 25 27 18 21 23 20 15 9 12 10 14 11 13 8 4 6 2 5 7 3 1
23 21 18 22 17 19 16 24 26 25 27 20 15 9 12 10 14 11 13 8 4 6 2 5 7 3 1
15 20 23 21 18 22 17 19 16 24 26 25 27 9 12 10 14 11 13 8 4 6 2 5 7 3 1
9 15 20 23 21 18 22 17 19 16 24 26 25 27 12 10 14 11 13 8 4 6 2 5 7 3 1
12 9 15 20 23 21 18 22 17 19 16 24 26 25 27 10 14 11 13 8 4 6 2 5 7 3 1
20 23 21 18 22 17 19 16 24 26 25 27 15 9 12 10 14 11 13 8 4 6 2 5 7 3 1
14 10 12 9 15 20 23 21 18 22 17 19 16 24 26 25 27 11 13 8 4 6 2 5 7 3 1
8 4 6 2 5 7 3 1 25 27 12 14 10 13 11 9 15 23 26 24 16 22 19 17 20 18 21
14 12 8 4 6 2 5 7 3 1 25 27 10 13 11 9 15 23 26 24 16 22 19 17 20 18 21
12 8 4 6 2 5 7 3 1 25 27 14 10 13 11 9 15 23 26 24 16 22 19 17 20 18 21
13 10 14 12 8 4 6 2 5 7 3 1 25 27 11 9 15 23 26 24 16 22 19 17 20 18 21
10 14 12 8 4 6 2 5 7 3 1 25 27 13 11 9 15 23 26 24 16 22 19 17 20 18 21
23 15 9 11 13 10 14 12 8 4 6 2 5 7 3 1 25 27 26 24 16 22 19 17 20 18 21
16 24 26 25 27 22 19 17 20 18 21 23 15 9 11 13 10 14 12 8 4 6 2 5 7 3 1
24 26 25 27 16 22 19 17 20 18 21 23 15 9 11 13 10 14 12 8 4 6 2 5 7 3 1
22 16 24 26 25 27 19 17 20 18 21 23 15 9 11 13 10 14 12 8 4 6 2 5 7 3 1
23 21 18 20 17 19 22 16 24 26 25 27 15 9 11 13 10 14 12 8 4 6 2 5 7 3 1
15 23 21 18 20 17 19 22 16 24 26 25 27 9 11 13 10 14 12 8 4 6 2 5 7 3 1
9 15 23 21 18 20 17 19 22 16 24 26 25 27 11 13 10 14 12 8 4 6 2 5 7 3 1
11 9 15 23 21 18 20 17 19 22 16 24 26 25 27 13 10 14 12 8 4 6 2 5 7 3 1
13 11 9 15 23 21 18 20 17 19 22 16 24 26 25 27 10 14 12 8 4 6 2 5 7 3 1
19 22 16 24 26 25 27 17 20 18 21 23 15 9 11 13 10 14 12 8 4 6 2 5 7 3 1
20 17 19 22 16 24 26 25 27 18 21 23 15 9 11 13 10 14 12 8 4 6 2 5 7 3 1
8 4 6 2 5 7 3 1 25 27 14 11 13 9 12 10 15 23 26 24 16 22 19 17 20 18 21
14 8 4 6 2 5 7 3 1 25 27 11 13 9 12 10 15 23 26 24 16 22 19 17 20 18 21
11 14 8 4 6 2 5 7 3 1 25 27 13 9 12 10 15 23 26 24 16 22 19 17 20 18 21
9 13 11 14 8 4 6 2 5 7 3 1 25 27 12 10 15 23 26 24 16 22 19 17 20 18 21
23 15 10 12 9 13 11 14 8 4 6 2 5 7 3 1 25 27 26 24 16 22 19 17 20 18 21
16 24 26 25 27 22 19 17 20 18 21 23 15 10 12 9 13 11 14 8 4 6 2 5 7 3 1
22 16 24 26 25 27 19 17 20 18 21 23 15 10 12 9 13 11 14 8 4 6 2 5 7 3 1
24 26 25 27 16 22 19 17 20 18 21 23 15 10 12 9 13 11 14 8 4 6 2 5 7 3 1
19 22 16 24 26 25 27 17 20 18 21 23 15 10 12 9 13 11 14 8 4 6 2 5 7 3 1
15 23 21 18 20 17 19 22 16 24 26 25 27 10 12 9 13 11 14 8 4 6 2 5 7 3 1
10 15 23 21 18 20 17 19 22 16 24 26 25 27 12 9 13 11 14 8 4 6 2 5 7 3 1
12 10 15 23 21 18 20 17 19 22 16 24 26 25 27 9 13 11 14 8 4 6 2 5 7 3 1
23 21 18 20 17 19 22 16 24 26 25 27 15 10 12 9 13 11 14 8 4 6 2 5 7 3 1
9 12 10 15 23 21 18 20 17 19 22 16 24 26 25 27 13 11 14 8 4 6 2 5 7 3 1
13 9 12 10 15 23 21 18 20 17 19 22 16 24 26 25 27 11 14 8 4 6 2 5 7 3 1
20 17 19 22 16 24 26 25 27 18 21 23 15 10 12 9 13 11 14 8 4 6 2 5 7 3 1
24 26 25 27 16 19 17 22 18 21 23 20 15 9 12 10 13 11 14 8 4 6 2 5 7 3 1
16 24 26 25 27 19 17 22 18 21 23 20 15 9 12 10 13 11 14 8 4 6 2 5 7 3 1
18 22 17 19 16 24 26 25 27 21 23 20 15 9 12 10 13 11 14 8 4 6 2 5 7 3 1
22 17 19 16 24 26 25 27 18 21 23 20 15 9 12 10 13 11 14 8 4 6 2 5 7 3 1
23 21 18 22 17 19 16 24 26 25 27 20 15 9 12 10 13 11 14 8 4 6 2 5 7 3 1
15 20 23 21 18 22 17 19 16 24 26 25 27 9 12 10 13 11 14 8 4 6 2 5 7 3 1
20 23 21 18 22 17 19 16 24 26 25 27 15 9 12 10 13 11 14 8 4 6 2 5 7 3 1
9 15 20 23 21 18 22 17 19 16 24 26 25 27 12 10 13 11 14 8 4 6 2 5 7 3 1
12 9 15 20 23 21 18 22 17 19 16 24 26 25 27 10 13 11 14 8 4 6 2 5 7 3 1
10 12 9 15 20 23 21 18 22 17 19 16 24 26 25 27 13 11 14 8 4 6 2 5 7 3 1
13 10 12 9 15 20 23 21 18 22 17 19 16 24 26 25 27 11 14 8 4 6 2 5 7 3 1
8 4 6 2 5 7 3 1 25 27 13 11 14 10 12 9 15 23 26 24 16 22 19 17 20 18 21
13 8 4 6 2 5 7 3 1 25 27 11 14 10 12 9 15 23 26 24 16 22 19 17 20 18 21
11 13 8 4 6 2 5 7 3 1 25 27 14 10 12 9 15 23 26 24 16 22 19 17 20 18 21
14 11 13 8 4 6 2 5 7 3 1 25 27 10 12 9 15 23 26 24 16 22 19 17 20 18 21
10 14 11 13 8 4 6 2 5 7 3 1 25 27 12 9 15 23 26 24 16 22 19 17 20 18 21
23 15 9 12 10 14 11 13 8 4 6 2 5 7 3 1 25 27 26 24 16 22 19 17 20 18 21
16 24 26 25 27 22 19 17 20 18 21 23 15 9 12 10 14 11 13 8 4 6 2 5 7 3 1
22 16 24 26 25 27 19 17 20 18 21 23 15 9 12 10 14 11 13 8 4 6 2 5 7 3 1
24 26 25 27 16 22 19 17 20 18 21 23 15 9 12 10 14 11 13 8 4 6 2 5 7 3 1
19 22 16 24 26 25 27 17 20 18 21 23 15 9 12 10 14 11 13 8 4 6 2 5 7 3 1
23 21 18 20 17 19 22 16 24 26 25 27 15 9 12 10 14 11 13 8 4 6 2 5 7 3 1
15 23 21 18 20 17 19 22 16 24 26 25 27 9 12 10 14 11 13 8 4 6 2 5 7 3 1
9 15 23 21 18 20 17 19 22 16 24 26 25 27 12 10 14 11 13 8 4 6 2 5 7 3 1
12 9 15 23 21 18 20 17 19 22 16 24 26 25 27 10 14 11 13 8 4 6 2 5 7 3 1
20 17 19 22 16 24 26 25 27 18 21 23 15 9 12 10 14 11 13 8 4 6 2 5 7 3 1
14 10 12 9 15 23 21 18 20 17 19 22 16 24 26 25 27 11 13 8 4 6 2 5 7 3 1
3 1 25 27 7 5 2 6 4 8 14 11 13 10 12 9 15 23 26 24 16 18 20 22 19 17 21
2 5 7 3 1 25 27 6 4 8 14 11 13 10 12 9 15 23 26 24 16 18 20 22 19 17 21
6 2 5 7 3 1 25 27 4 8 14 11 13 10 12 9 15 23 26 24 16 18 20 22 19 17 21
8 4 6 2 5 7 3 1 25 27 14 11 13 10 12 9 15 23 26 24 16 18 20 22 19 17 21
4 6 2 5 7 3 1 25 27 8 14 11 13 10 12 9 15 23 26 24 16 18 20 22 19 17 21
11 14 8 4 6 2 5 7 3 1 25 27 13 10 12 9 15 23 26 24 16 18 20 22 19 17 21
14 8 4 6 2 5 7 3 1 25 27 11 13 10 12 9 15 23 26 24 16 18 20 22 19 17 21
13 11 14 8 4 6 2 5 7 3 1 25 27 10 12 9 15 23 26 24 16 18 20 22 19 17 21
10 13 11 14 8 4 6 2 5 7 3 1 25 27 12 9 15 23 26 24 16 18 20 22 19 17 21
9 12 10 13 11 14 8 4 6 2 5 7 3 1 25 27 15 23 26 24 16 18 20 22 19 17 21
23 15 9 12 10 13 11 14 8 4 6 2 5 7 3 1 25 27 26 24 16 18 20 22 19 17 21
24 26 25 27 16 18 20 22 19 17 21 23 15 9 12 10 13 11 14 8 4 6 2 5 7 3 1
20 18 16 24 26 25 27 22 19 17 21 23 15 9 12 10 13 11 14 8 4 6 2 5 7 3 1
16 24 26 25 27 18 20 22 19 17 21 23 15 9 12 10 13 11 14 8 4 6 2 5 7 3 1
22 20 18 16 24 26 25 27 19 17 21 23 15 9 12 10 13 11 14 8 4 6 2 5 7 3 1
19 22 20 18 16 24 26 25 27 17 21 23 15 9 12 10 13 11 14 8 4 6 2 5 7 3 1
15 23 21 17 19 22 20 18 16 24 26 25 27 9 12 10 13 11 14 8 4 6 2 5 7 3 1
9 15 23 21 17 19 22 20 18 16 24 26 25 27 12 10 13 11 14 8 4 6 2 5 7 3 1
12 9 15 23 21 17 19 22 20 18 16 24 26 25 27 10 13 11 14 8 4 6 2 5 7 3 1
10 12 9 15 23 21 17 19 22 20 18 16 24 26 25 27 13 11 14 8 4 6 2 5 7 3 1
13 10 12 9 15 23 21 17 19 22 20 18 16 24 26 25 27 11 14 8 4 6 2 5 7 3 1
23 21 17 19 22 20 18 16 24 26 25 27 15 9 12 10 13 11 14 8 4 6 2 5 7 3 1
17 19 22 20 18 16 24 26 25 27 21 23 15 9 12 10 13 11 14 8 4 6 2 5 7 3 1
3 1 25 27 7 5 2 6 4 8 13 11 14 10 12 9 15 17 23 26 24 16 18 20 22 19 21
2 5 7 3 1 25 27 6 4 8 13 11 14 10 12 9 15 17 23 26 24 16 18 20 22 19 21
6 2 5 7 3 1 25 27 4 8 13 11 14 10 12 9 15 17 23 26 24 16 18 20 22 19 21
4 6 2 5 7 3 1 25 27 8 13 11 14 10 12 9 15 17 23 26 24 16 18 20 22 19 21
8 4 6 2 5 7 3 1 25 27 13 11 14 10 12 9 15 17 23 26 24 16 18 20 22 19 21
13 8 4 6 2 5 7 3 1 25 27 11 14 10 12 9 15 17 23 26 24 16 18 20 22 19 21
11 13 8 4 6 2 5 7 3 1 25 27 14 10 12 9 15 17 23 26 24 16 18 20 22 19 21
14 11 13 8 4 6 2 5 7 3 1 25 27 10 12 9 15 17 23 26 24 16 18 20 22 19 21
10 14 11 13 8 4 6 2 5 7 3 1 25 27 12 9 15 17 23 26 24 16 18 20 22 19 21
9 12 10 14 11 13 8 4 6 2 5 7 3 1 25 27 15 17 23 26 24 16 18 20 22 19 21
23 17 15 9 12 10 14 11 13 8 4 6 2 5 7 3 1 25 27 26 24 16 18 20 22 19 21
24 26 25 27 16 18 20 22 19 21 23 17 15 9 12 10 14 11 13 8 4 6 2 5 7 3 1
16 24 26 25 27 18 20 22 19 21 23 17 15 9 12 10 14 11 13 8 4 6 2 5 7 3 1
20 18 16 24 26 25 27 22 19 21 23 17 15 9 12 10 14 11 13 8 4 6 2 5 7 3 1
18 16 24 26 25 27 20 22 19 21 23 17 15 9 12 10 14 11 13 8 4 6 2 5 7 3 1
22 20 18 16 24 26 25 27 19 21 23 17 15 9 12 10 14 11 13 8 4 6 2 5 7 3 1
23 21 19 22 20 18 16 24 26 25 27 17 15 9 12 10 14 11 13 8 4 6 2 5 7 3 1
15 17 23 21 19 22 20 18 16 24 26 25 27 9 12 10 14 11 13 8 4 6 2 5 7 3 1
9 15 17 23 21 19 22 20 18 16 24 26 25 27 12 10 14 11 13 8 4 6 2 5 7 3 1
12 9 15 17 23 21 19 22 20 18 16 24 26 25 27 10 14 11 13 8 4 6 2 5 7 3 1
17 23 21 19 22 20 18 16 24 26 25 27 15 9 12 10 14 11 13 8 4 6 2 5 7 3 1
14 10 12 9 15 17 23 21 19 22 20 18 16 24 26 25 27 11 13 8 4 6 2 5 7 3 1
11 14 10 12 9 15 17 23 21 19 22 20 18 16 24 26 25 27 13 8 4 6 2 5 7 3 1
19 22 20 18 16 24 26 25 27 21 23 17 15 9 12 10 14 11 13 8 4 6 2 5 7 3 1
6 4 8 13 11 14 10 12 9 15 17 23 21 19 22 20 18 16 24 26 25 27 2 5 7 3 1
4 8 13 11 14 10 12 9 15 17 23 21 19 22 20 18 16 24 26 25 27 6 2 5 7 3 1
3 1 25 27 7 5 2 6 4 8 13 11 14 10 12 9 15 23 26 24 16 18 20 22 19 17 21
2 5 7 3 1 25 27 6 4 8 13 11 14 10 12 9 15 23 26 24 16 18 20 22 19 17 21
6 2 5 7 3 1 25 27 4 8 13 11 14 10 12 9 15 23 26 24 16 18 20 22 19 17 21
4 6 2 5 7 3 1 25 27 8 13 11 14 10 12 9 15 23 26 24 16 18 20 22 19 17 21
8 4 6 2 5 7 3 1 25 27 13 11 14 10 12 9 15 23 26 24 16 18 20 22 19 17 21
13 8 4 6 2 5 7 3 1 25 27 11 14 10 12 9 15 23 26 24 16 18 20 22 19 17 21
11 13 8 4 6 2 5 7 3 1 25 27 14 10 12 9 15 23 26 24 16 18 20 22 19 17 21
10 14 11 13 8 4 6 2 5 7 3 1 25 27 12 9 15 23 26 24 16 18 20 22 19 17 21
14 11 13 8 4 6 2 5 7 3 1 25 27 10 12 9 15 23 26 24 16 18 20 22 19 17 21
9 12 10 14 11 13 8 4 6 2 5 7 3 1 25 27 15 23 26 24 16 18 20 22 19 17 21
23 15 9 12 10 14 11 13 8 4 6 2 5 7 3 1 25 27 26 24 16 18 20 22 19 17 21
24 26 25 27 16 18 20 22 19 17 21 23 15 9 12 10 14 11 13 8 4 6 2 5 7 3 1
20 18 16 24 26 25 27 22 19 17 21 23 15 9 12 10 14 11 13 8 4 6 2 5 7 3 1
16 24 26 25 27 18 20 22 19 17 21 23 15 9 12 10 14 11 13 8 4 6 2 5 7 3 1
22 20 18 16 24 26 25 27 19 17 21 23 15 9 12 10 14 11 13 8 4 6 2 5 7 3 1
23 21 17 19 22 20 18 16 24 26 25 27 15 9 12 10 14 11 13 8 4 6 2 5 7 3 1
15 23 21 17 19 22 20 18 16 24 26 25 27 9 12 10 14 11 13 8 4 6 2 5 7 3 1
9 15 23 21 17 19 22 20 18 16 24 26 25 27 12 10 14 11 13 8 4 6 2 5 7 3 1
12 9 15 23 21 17 19 22 20 18 16 24 26 25 27 10 14 11 13 8 4 6 2 5 7 3 1
14 10 12 9 15 23 21 17 19 22 20 18 16 24 26 25 27 11 13 8 4 6 2 5 7 3 1
19 22 20 18 16 24 26 25 27 17 21 23 15 9 12 10 14 11 13 8 4 6 2 5 7 3 1
17 19 22 20 18 16 24 26 25 27 21 23 15 9 12 10 14 11 13 8 4 6 2 5 7 3 1
3 1 25 27 7 5 2 6 4 8 12 10 14 9 13 11 15 23 26 24 16 22 19 17 20 18 21
8 4 6 2 5 7 3 1 25 27 12 10 14 9 13 11 15 23 26 24 16 22 19 17 20 18 21
12 8 4 6 2 5 7 3 1 25 27 10 14 9 13 11 15 23 26 24 16 22 19 17 20 18 21
10 12 8 4 6 2 5 7 3 1 25 27 14 9 13 11 15 23 26 24 16 22 19 17 20 18 21
9 14 10 12 8 4 6 2 5 7 3 1 25 27 13 11 15 23 26 24 16 22 19 17 20 18 21
13 9 14 10 12 8 4 6 2 5 7 3 1 25 27 11 15 23 26 24 16 22 19 17 20 18 21
23 15 11 13 9 14 10 12 8 4 6 2 5 7 3 1 25 27 26 24 16 22 19 17 20 18 21
16 24 26 25 27 22 19 17 20 18 21 23 15 11 13 9 14 10 12 8 4 6 2 5 7 3 1
22 16 24 26 25 27 19 17 20 18 21 23 15 11 13 9 14 10 12 8 4 6 2 5 7 3 1
24 26 25 27 16 22 19 17 20 18 21 23 15 11 13 9 14 10 12 8 4 6 2 5 7 3 1
19 22 16 24 26 25 27 17 20 18 21 23 15 11 13 9 14 10 12 8 4 6 2 5 7 3 1
20 17 19 22 16 24 26 25 27 18 21 23 15 11 13 9 14 10 12 8 4 6 2 5 7 3 1
11 15 23 21 18 20 17 19 22 16 24 26 25 27 13 9 14 10 12 8 4 6 2 5 7 3 1
13 11 15 23 21 18 20 17 19 22 16 24 26 25 27 9 14 10 12 8 4 6 2 5 7 3 1
23 21 18 20 17 19 22 16 24 26 25 27 15 11 13 9 14 10 12 8 4 6 2 5 7 3 1
9 13 11 15 23 21 18 20 17 19 22 16 24 26 25 27 14 10 12 8 4 6 2 5 7 3 1
14 9 13 11 15 23 21 18 20 17 19 22 16 24 26 25 27 10 12 8 4 6 2 5 7 3 1
10 14 9 13 11 15 23 21 18 20 17 19 22 16 24 26 25 27 12 8 4 6 2 5 7 3 1
15 23 21 18 20 17 19 22 16 24 26 25 27 11 13 9 14 10 12 8 4 6 2 5 7 3 1
16 24 26 25 27 22 19 21 23 17 20 18 15 11 9 13 10 12 14 8 4 6 2 5 7 3 1
22 16 24 26 25 27 19 21 23 17 20 18 15 11 9 13 10 12 14 8 4 6 2 5 7 3 1
23 21 19 22 16 24 26 25 27 17 20 18 15 11 9 13 10 12 14 8 4 6 2 5 7 3 1
21 19 22 16 24 26 25 27 23 17 20 18 15 11 9 13 10 12 14 8 4 6 2 5 7 3 1
24 26 25 27 16 22 19 21 23 17 20 18 15 11 9 13 10 12 14 8 4 6 2 5 7 3 1
17 23 21 19 22 16 24 26 25 27 20 18 15 11 9 13 10 12 14 8 4 6 2 5 7 3 1
15 18 20 17 23 21 19 22 16 24 26 25 27 11 9 13 10 12 14 8 4 6 2 5 7 3 1
11 15 18 20 17 23 21 19 22 16 24 26 25 27 9 13 10 12 14 8 4 6 2 5 7 3 1
9 11 15 18 20 17 23 21 19 22 16 24 26 25 27 13 10 12 14 8 4 6 2 5 7 3 1
13 9 11 15 18 20 17 23 21 19 22 16 24 26 25 27 10 12 14 8 4 6 2 5 7 3 1
10 13 9 11 15 18 20 17 23 21 19 22 16 24 26 25 27 12 14 8 4 6 2 5 7 3 1
18 20 17 23 21 19 22 16 24 26 25 27 15 11 9 13 10 12 14 8 4 6 2 5 7 3 1
19 22 16 24 26 25 27 21 23 17 20 18 15 11 9 13 10 12 14 8 4 6 2 5 7 3 1
6 4 8 14 12 10 13 9 11 15 18 20 17 23 21 19 22 16 24 26 25 27 2 5 7 3 1
20 17 23 21 19 22 16 24 26 25 27 18 15 11 9 13 10 12 14 8 4 6 2 5 7 3 1
4 8 14 12 10 13 9 11 15 18 20 17 23 21 19 22 16 24 26 25 27 6 2 5 7 3 1
3 1 25 27 7 5 2 6 4 8 14 11 13 9 12 10 15 23 26 24 16 18 20 22 19 17 21
2 5 7 3 1 25 27 6 4 8 14 11 13 9 12 10 15 23 26 24 16 18 20 22 19 17 21
6 2 5 7 3 1 25 27 4 8 14 11 13 9 12 10 15 23 26 24 16 18 20 22 19 17 21
4 6 2 5 7 3 1 25 27 8 14 11 13 9 12 10 15 23 26 24 16 18 20 22 19 17 21
8 4 6 2 5 7 3 1 25 27 14 11 13 9 12 10 15 23 26 24 16 18 20 22 19 17 21
14 8 4 6 2 5 7 3 1 25 27 11 13 9 12 10 15 23 26 24 16 18 20 22 19 17 21
11 14 8 4 6 2 5 7 3 1 25 27 13 9 12 10 15 23 26 24 16 18 20 22 19 17 21
9 13 11 14 8 4 6 2 5 7 3 1 25 27 12 10 15 23 26 24 16 18 20 22 19 17 21
12 9 13 11 14 8 4 6 2 5 7 3 1 25 27 10 15 23 26 24 16 18 20 22 19 17 21
10 12 9 13 11 14 8 4 6 2 5 7 3 1 25 27 15 23 26 24 16 18 20 22 19 17 21
23 15 10 12 9 13 11 14 8 4 6 2 5 7 3 1 25 27 26 24 16 18 20 22 19 17 21
24 26 25 27 16 18 20 22 19 17 21 23 15 10 12 9 13 11 14 8 4 6 2 5 7 3 1
20 18 16 24 26 25 27 22 19 17 21 23 15 10 12 9 13 11 14 8 4 6 2 5 7 3 1
16 24 26 25 27 18 20 22 19 17 21 23 15 10 12 9 13 11 14 8 4 6 2 5 7 3 1
22 20 18 16 24 26 25 27 19 17 21 23 15 10 12 9 13 11 14 8 4 6 2 5 7 3 1
15 23 21 17 19 22 20 18 16 24 26 25 27 10 12 9 13 11 14 8 4 6 2 5 7 3 1
19 22 20 18 16 24 26 25 27 17 21 23 15 10 12 9 13 11 14 8 4 6 2 5 7 3 1
10 15 23 21 17 19 22 20 18 16 24 26 25 27 12 9 13 11 14 8 4 6 2 5 7 3 1
12 10 15 23 21 17 19 22 20 18 16 24 26 25 27 9 13 11 14 8 4 6 2 5 7 3 1
9 12 10 15 23 21 17 19 22 20 18 16 24 26 25 27 13 11 14 8 4 6 2 5 7 3 1
13 9 12 10 15 23 21 17 19 22 20 18 16 24 26 25 27 11 14 8 4 6 2 5 7 3 1
23 21 17 19 22 20 18 16 24 26 25 27 15 10 12 9 13 11 14 8 4 6 2 5 7 3 1
17 19 22 20 18 16 24 26 25 27 21 23 15 10 12 9 13 11 14 8 4 6 2 5 7 3 1
3 1 25 27 7 5 2 6 4 8 14 11 13 9 12 10 15 17 23 26 24 16 18 20 22 19 21
2 5 7 3 1 25 27 6 4 8 14 11 13 9 12 10 15 17 23 26 24 16 18 20 22 19 21
6 2 5 7 3 1 25 27 4 8 14 11 13 9 12 10 15 17 23 26 24 16 18 20 22 19 21
4 6 2 5 7 3 1 25 27 8 14 11 13 9 12 10 15 17 23 26 24 16 18 20 22 19 21
8 4 6 2 5 7 3 1 25 27 14 11 13 9 12 10 15 17 23 26 24 16 18 20 22 19 21
14 8 4 6 2 5 7 3 1 25 27 11 13 9 12 10 15 17 23 26 24 16 18 20 22 19 21
11 14 8 4 6 2 5 7 3 1 25 27 13 9 12 10 15 17 23 26 24 16 18 20 22 19 21
9 13 11 14 8 4 6 2 5 7 3 1 25 27 12 10 15 17 23 26 24 16 18 20 22 19 21
12 9 13 11 14 8 4 6 2 5 7 3 1 25 27 10 15 17 23 26 24 16 18 20 22 19 21
10 12 9 13 11 14 8 4 6 2 5 7 3 1 25 27 15 17 23 26 24 16 18 20 22 19 21
23 17 15 10 12 9 13 11 14 8 4 6 2 5 7 3 1 25 27 26 24 16 18 20 22 19 21
20 18 16 24 26 25 27 22 19 21 23 17 15 10 12 9 13 11 14 8 4 6 2 5 7 3 1
24 26 25 27 16 18 20 22 19 21 23 17 15 10 12 9 13 11 14 8 4 6 2 5 7 3 1
18 16 24 26 25 27 20 22 19 21 23 17 15 10 12 9 13 11 14 8 4 6 2 5 7 3 1
22 20 18 16 24 26 25 27 19 21 23 17 15 10 12 9 13 11 14 8 4 6 2 5 7 3 1
16 24 26 25 27 18 20 22 19 21 23 17 15 10 12 9 13 11 14 8 4 6 2 5 7 3 1
15 17 23 21 19 22 20 18 16 24 26 25 27 10 12 9 13 11 14 8 4 6 2 5 7 3 1
10 15 17 23 21 19 22 20 18 16 24 26 25 27 12 9 13 11 14 8 4 6 2 5 7 3 1
23 21 19 22 20 18 16 24 26 25 27 17 15 10 12 9 13 11 14 8 4 6 2 5 7 3 1
12 10 15 17 23 21 19 22 20 18 16 24 26 25 27 9 13 11 14 8 4 6 2 5 7 3 1
9 12 10 15 17 23 21 19 22 20 18 16 24 26 25 27 13 11 14 8 4 6 2 5 7 3 1
13 9 12 10 15 17 23 21 19 22 20 18 16 24 26 25 27 11 14 8 4 6 2 5 7 3 1
17 23 21 19 22 20 18 16 24 26 25 27 15 10 12 9 13 11 14 8 4 6 2 5 7 3 1
19 22 20 18 16 24 26 25 27 21 23 17 15 10 12 9 13 11 14 8 4 6 2 5 7 3 1
6 4 8 14 11 13 9 12 10 15 17 23 21 19 22 20 18 16 24 26 25 27 2 5 7 3 1
4 8 14 11 13 9 12 10 15 17 23 21 19 22 20 18 16 24 26 25 27 6 2 5 7 3 1
24 26 25 27 16 19 17 22 18 21 23 20 15 11 9 13 10 12 14 8 4 6 2 5 7 3 1
16 24 26 25 27 19 17 22 18 21 23 20 15 11 9 13 10 12 14 8 4 6 2 5 7 3 1
22 17 19 16 24 26 25 27 18 21 23 20 15 11 9 13 10 12 14 8 4 6 2 5 7 3 1
18 22 17 19 16 24 26 25 27 21 23 20 15 11 9 13 10 12 14 8 4 6 2 5 7 3 1
15 20 23 21 18 22 17 19 16 24 26 25 27 11 9 13 10 12 14 8 4 6 2 5 7 3 1
11 15 20 23 21 18 22 17 19 16 24 26 25 27 9 13 10 12 14 8 4 6 2 5 7 3 1
23 21 18 22 17 19 16 24 26 25 27 20 15 11 9 13 10 12 14 8 4 6 2 5 7 3 1
13 9 11 15 20 23 21 18 22 17 19 16 24 26 25 27 10 12 14 8 4 6 2 5 7 3 1
9 11 15 20 23 21 18 22 17 19 16 24 26 25 27 13 10 12 14 8 4 6 2 5 7 3 1
10 13 9 11 15 20 23 21 18 22 17 19 16 24 26 25 27 12 14 8 4 6 2 5 7 3 1
20 23 21 18 22 17 19 16 24 26 25 27 15 11 9 13 10 12 14 8 4 6 2 5 7 3 1
3 1 25 27 7 5 2 6 4 8 14 11 13 10 12 9 15 23 26 24 16 22 19 17 20 18 21
8 4 6 2 5 7 3 1 25 27 14 11 13 10 12 9 15 23 26 24 16 22 19 17 20 18 21
14 8 4 6 2 5 7 3 1 25 27 11 13 10 12 9 15 23 26 24 16 22 19 17 20 18 21
11 14 8 4 6 2 5 7 3 1 25 27 13 10 12 9 15 23 26 24 16 22 19 17 20 18 21
13 11 14 8 4 6 2 5 7 3 1 25 27 10 12 9 15 23 26 24 16 22 19 17 20 18 21
10 13 11 14 8 4 6 2 5 7 3 1 25 27 12 9 15 23 26 24 16 22 19 17 20 18 21
23 15 9 12 10 13 11 14 8 4 6 2 5 7 3 1 25 27 26 24 16 22 19 17 20 18 21
24 26 25 27 16 22 19 17 20 18 21 23 15 9 12 10 13 11 14 8 4 6 2 5 7 3 1
16 24 26 25 27 22 19 17 20 18 21 23 15 9 12 10 13 11 14 8 4 6 2 5 7 3 1
22 16 24 26 25 27 19 17 20 18 21 23 15 9 12 10 13 11 14 8 4 6 2 5 7 3 1
19 22 16 24 26 25 27 17 20 18 21 23 15 9 12 10 13 11 14 8 4 6 2 5 7 3 1
20 17 19 22 16 24 26 25 27 18 21 23 15 9 12 10 13 11 14 8 4 6 2 5 7 3 1
15 23 21 18 20 17 19 22 16 24 26 25 27 9 12 10 13 11 14 8 4 6 2 5 7 3 1
9 15 23 21 18 20 17 19 22 16 24 26 25 27 12 10 13 11 14 8 4 6 2 5 7 3 1
12 9 15 23 21 18 20 17 19 22 16 24 26 25 27 10 13 11 14 8 4 6 2 5 7 3 1
10 12 9 15 23 21 18 20 17 19 22 16 24 26 25 27 13 11 14 8 4 6 2 5 7 3 1
13 10 12 9 15 23 21 18 20 17 19 22 16 24 26 25 27 11 14 8 4 6 2 5 7 3 1
23 21 18 20 17 19 22 16 24 26 25 27 15 9 12 10 13 11 14 8 4 6 2 5 7 3 1
3 1 25 27 7 5 2 6 4 8 14 12 10 13 9 11 15 17 23 26 24 16 18 20 22 19 21
2 5 7 3 1 25 27 6 4 8 14 12 10 13 9 11 15 17 23 26 24 16 18 20 22 19 21
6 2 5 7 3 1 25 27 4 8 14 12 10 13 9 11 15 17 23 26 24 16 18 20 22 19 21
4 6 2 5 7 3 1 25 27 8 14 12 10 13 9 11 15 17 23 26 24 16 18 20 22 19 21
8 4 6 2 5 7 3 1 25 27 14 12 10 13 9 11 15 17 23 26 24 16 18 20 22 19 21
14 8 4 6 2 5 7 3 1 25 27 12 10 13 9 11 15 17 23 26 24 16 18 20 22 19 21
12 14 8 4 6 2 5 7 3 1 25 27 10 13 9 11 15 17 23 26 24 16 18 20 22 19 21
10 12 14 8 4 6 2 5 7 3 1 25 27 13 9 11 15 17 23 26 24 16 18 20 22 19 21
9 13 10 12 14 8 4 6 2 5 7 3 1 25 27 11 15 17 23 26 24 16 18 20 22 19 21
11 9 13 10 12 14 8 4 6 2 5 7 3 1 25 27 15 17 23 26 24 16 18 20 22 19 21
23 17 15 11 9 13 10 12 14 8 4 6 2 5 7 3 1 25 27 26 24 16 18 20 22 19 21
24 26 25 27 16 18 20 22 19 21 23 17 15 11 9 13 10 12 14 8 4 6 2 5 7 3 1
18 16 24 26 25 27 20 22 19 21 23 17 15 11 9 13 10 12 14 8 4 6 2 5 7 3 1
20 18 16 24 26 25 27 22 19 21 23 17 15 11 9 13 10 12 14 8 4 6 2 5 7 3 1
16 24 26 25 27 18 20 22 19 21 23 17 15 11 9 13 10 12 14 8 4 6 2 5 7 3 1
22 20 18 16 24 26 25 27 19 21 23 17 15 11 9 13 10 12 14 8 4 6 2 5 7 3 1
23 21 19 22 20 18 16 24 26 25 27 17 15 11 9 13 10 12 14 8 4 6 2 5 7 3 1
15 17 23 21 19 22 20 18 16 24 26 25 27 11 9 13 10 12 14 8 4 6 2 5 7 3 1
11 15 17 23 21 19 22 20 18 16 24 26 25 27 9 13 10 12 14 8 4 6 2 5 7 3 1
9 11 15 17 23 21 19 22 20 18 16 24 26 25 27 13 10 12 14 8 4 6 2 5 7 3 1
13 9 11 15 17 23 21 19 22 20 18 16 24 26 25 27 10 12 14 8 4 6 2 5 7 3 1
10 13 9 11 15 17 23 21 19 22 20 18 16 24 26 25 27 12 14 8 4 6 2 5 7 3 1
17 23 21 19 22 20 18 16 24 26 25 27 15 11 9 13 10 12 14 8 4 6 2 5 7 3 1
19 22 20 18 16 24 26 25 27 21 23 17 15 11 9 13 10 12 14 8 4 6 2 5 7 3 1
6 4 8 14 12 10 13 9 11 15 17 23 21 19 22 20 18 16 24 26 25 27 2 5 7 3 1
4 8 14 12 10 13 9 11 15 17 23 21 19 22 20 18 16 24 26 25 27 6 2 5 7 3 1
16 24 26 25 27 22 19 21 23 17 20 18 15 9 11 13 10 14 12 8 3 6 4 7 2 5 1
24 26 25 27 16 22 19 21 23 17 20 18 15 9 11 13 10 14 12 8 3 6 4 7 2 5 1
22 16 24 26 25 27 19 21 23 17 20 18 15 9 11 13 10 14 12 8 3 6 4 7 2 5 1
23 21 19 22 16 24 26 25 27 17 20 18 15 9 11 13 10 14 12 8 3 6 4 7 2 5 1
21 19 22 16 24 26 25 27 23 17 20 18 15 9 11 13 10 14 12 8 3 6 4 7 2 5 1
17 23 21 19 22 16 24 26 25 27 20 18 15 9 11 13 10 14 12 8 3 6 4 7 2 5 1
15 18 20 17 23 21 19 22 16 24 26 25 27 9 11 13 10 14 12 8 3 6 4 7 2 5 1
9 15 18 20 17 23 21 19 22 16 24 26 25 27 11 13 10 14 12 8 3 6 4 7 2 5 1
11 9 15 18 20 17 23 21 19 22 16 24 26 25 27 13 10 14 12 8 3 6 4 7 2 5 1
13 11 9 15 18 20 17 23 21 19 22 16 24 26 25 27 10 14 12 8 3 6 4 7 2 5 1
18 20 17 23 21 19 22 16 24 26 25 27 15 9 11 13 10 14 12 8 3 6 4 7 2 5 1
19 22 16 24 26 25 27 21 23 17 20 18 15 9 11 13 10 14 12 8 3 6 4 7 2 5 1
20 17 23 21 19 22 16 24 26 25 27 18 15 9 11 13 10 14 12 8 3 6 4 7 2 5 1
3 8 12 14 10 13 11 9 15 18 20 17 23 21 19 22 16 24 26 25 27 6 4 7 2 5 1
6 3 8 12 14 10 13 11 9 15 18 20 17 23 21 19 22 16 24 26 25 27 4 7 2 5 1
7 4 6 3 8 12 14 10 13 11 9 15 18 20 17 23 21 19 22 16 24 26 25 27 2 5 1
8 4 6 2 5 7 3 1 25 27 14 12 10 13 9 11 15 23 26 24 16 22 19 17 20 18 21
14 8 4 6 2 5 7 3 1 25 27 12 10 13 9 11 15 23 26 24 16 22 19 17 20 18 21
12 14 8 4 6 2 5 7 3 1 25 27 10 13 9 11 15 23 26 24 16 22 19 17 20 18 21
10 12 14 8 4 6 2 5 7 3 1 25 27 13 9 11 15 23 26 24 16 22 19 17 20 18 21
23 15 11 9 13 10 12 14 8 4 6 2 5 7 3 1 25 27 26 24 16 22 19 17 20 18 21
16 24 26 25 27 22 19 17 20 18 21 23 15 11 9 13 10 12 14 8 4 6 2 5 7 3 1
22 16 24 26 25 27 19 17 20 18 21 23 15 11 9 13 10 12 14 8 4 6 2 5 7 3 1
24 26 25 27 16 22 19 17 20 18 21 23 15 11 9 13 10 12 14 8 4 6 2 5 7 3 1
19 22 16 24 26 25 27 17 20 18 21 23 15 11 9 13 10 12 14 8 4 6 2 5 7 3 1
23 21 18 20 17 19 22 16 24 26 25 27 15 11 9 13 10 12 14 8 4 6 2 5 7 3 1
15 23 21 18 20 17 19 22 16 24 26 25 27 11 9 13 10 12 14 8 4 6 2 5 7 3 1
11 15 23 21 18 20 17 19 22 16 24 26 25 27 9 13 10 12 14 8 4 6 2 5 7 3 1
9 11 15 23 21 18 20 17 19 22 16 24 26 25 27 13 10 12 14 8 4 6 2 5 7 3 1
13 9 11 15 23 21 18 20 17 19 22 16 24 26 25 27 10 12 14 8 4 6 2 5 7 3 1
10 13 9 11 15 23 21 18 20 17 19 22 16 24 26 25 27 12 14 8 4 6 2 5 7 3 1
20 17 19 22 16 24 26 25 27 18 21 23 15 11 9 13 10 12 14 8 4 6 2 5 7 3 1
24 26 25 27 16 19 17 22 18 21 23 20 15 9 11 13 10 12 14 8 4 6 2 5 7 3 1
16 24 26 25 27 19 17 22 18 21 23 20 15 9 11 13 10 12 14 8 4 6 2 5 7 3 1
22 17 19 16 24 26 25 27 18 21 23 20 15 9 11 13 10 12 14 8 4 6 2 5 7 3 1
18 22 17 19 16 24 26 25 27 21 23 20 15 9 11 13 10 12 14 8 4 6 2 5 7 3 1
20 23 21 18 22 17 19 16 24 26 25 27 15 9 11 13 10 12 14 8 4 6 2 5 7 3 1
15 20 23 21 18 22 17 19 16 24 26 25 27 9 11 13 10 12 14 8 4 6 2 5 7 3 1
23 21 18 22 17 19 16 24 26 25 27 20 15 9 11 13 10 12 14 8 4 6 2 5 7 3 1
9 15 20 23 21 18 22 17 19 16 24 26 25 27 11 13 10 12 14 8 4 6 2 5 7 3 1
11 9 15 20 23 21 18 22 17 19 16 24 26 25 27 13 10 12 14 8 4 6 2 5 7 3 1
13 11 9 15 20 23 21 18 22 17 19 16 24 26 25 27 10 12 14 8 4 6 2 5 7 3 1
10 13 11 9 15 20 23 21 18 22 17 19 16 24 26 25 27 12 14 8 4 6 2 5 7 3 1
3 1 25 27 7 5 2 6 4 8 14 12 10 13 9 11 15 23 26 24 16 18 20 22 19 17 21
2 5 7 3 1 25 27 6 4 8 14 12 10 13 9 11 15 23 26 24 16 18 20 22 19 17 21
6 2 5 7 3 1 25 27 4 8 14 12 10 13 9 11 15 23 26 24 16 18 20 22 19 17 21
4 6 2 5 7 3 1 25 27 8 14 12 10 13 9 11 15 23 26 24 16 18 20 22 19 17 21
8 4 6 2 5 7 3 1 25 27 14 12 10 13 9 11 15 23 26 24 16 18 20 22 19 17 21
14 8 4 6 2 5 7 3 1 25 27 12 10 13 9 11 15 23 26 24 16 18 20 22 19 17 21
12 14 8 4 6 2 5 7 3 1 25 27 10 13 9 11 15 23 26 24 16 18 20 22 19 17 21
10 12 14 8 4 6 2 5 7 3 1 25 27 13 9 11 15 23 26 24 16 18 20 22 19 17 21
9 13 10 12 14 8 4 6 2 5 7 3 1 25 27 11 15 23 26 24 16 18 20 22 19 17 21
11 9 13 10 12 14 8 4 6 2 5 7 3 1 25 27 15 23 26 24 16 18 20 22 19 17 21
23 15 11 9 13 10 12 14 8 4 6 2 5 7 3 1 25 27 26 24 16 18 20 22 19 17 21
24 26 25 27 16 18 20 22 19 17 21 23 15 11 9 13 10 12 14 8 4 6 2 5 7 3 1
20 18 16 24 26 25 27 22 19 17 21 23 15 11 9 13 10 12 14 8 4 6 2 5 7 3 1
16 24 26 25 27 18 20 22 19 17 21 23 15 11 9 13 10 12 14 8 4 6 2 5 7 3 1
22 20 18 16 24 26 25 27 19 17 21 23 15 11 9 13 10 12 14 8 4 6 2 5 7 3 1
19 22 20 18 16 24 26 25 27 17 21 23 15 11 9 13 10 12 14 8 4 6 2 5 7 3 1
15 23 21 17 19 22 20 18 16 24 26 25 27 11 9 13 10 12 14 8 4 6 2 5 7 3 1
11 15 23 21 17 19 22 20 18 16 24 26 25 27 9 13 10 12 14 8 4 6 2 5 7 3 1
9 11 15 23 21 17 19 22 20 18 16 24 26 25 27 13 10 12 14 8 4 6 2 5 7 3 1
13 9 11 15 23 21 17 19 22 20 18 16 24 26 25 27 10 12 14 8 4 6 2 5 7 3 1
10 13 9 11 15 23 21 17 19 22 20 18 16 24 26 25 27 12 14 8 4 6 2 5 7 3 1
23 21 17 19 22 20 18 16 24 26 25 27 15 11 9 13 10 12 14 8 4 6 2 5 7 3 1
17 19 22 20 18 16 24 26 25 27 21 23 15 11 9 13 10 12 14 8 4 6 2 5 7 3 1
24 26 25 27 16 19 17 22 18 21 23 20 15 9 11 13 10 14 12 8 3 6 4 7 2 5 1
16 24 26 25 27 19 17 22 18 21 23 20 15 9 11 13 10 14 12 8 3 6 4 7 2 5 1
22 17 19 16 24 26 25 27 18 21 23 20 15 9 11 13 10 14 12 8 3 6 4 7 2 5 1
18 22 17 19 16 24 26 25 27 21 23 20 15 9 11 13 10 14 12 8 3 6 4 7 2 5 1
23 21 18 22 17 19 16 24 26 25 27 20 15 9 11 13 10 14 12 8 3 6 4 7 2 5 1
15 20 23 21 18 22 17 19 16 24 26 25 27 9 11 13 10 14 12 8 3 6 4 7 2 5 1
9 15 20 23 21 18 22 17 19 16 24 26 25 27 11 13 10 14 12 8 3 6 4 7 2 5 1
20 23 21 18 22 17 19 16 24 26 25 27 15 9 11 13 10 14 12 8 3 6 4 7 2 5 1
13 11 9 15 20 23 21 18 22 17 19 16 24 26 25 27 10 14 12 8 3 6 4 7 2 5 1
11 9 15 20 23 21 18 22 17 19 16 24 26 25 27 13 10 14 12 8 3 6 4 7 2 5 1
24 26 25 27 16 19 17 22 18 21 23 20 15 11 13 9 14 10 12 8 3 6 4 7 2 5 1
16 24 26 25 27 19 17 22 18 21 23 20 15 11 13 9 14 10 12 8 3 6 4 7 2 5 1
18 22 17 19 16 24 26 25 27 21 23 20 15 11 13 9 14 10 12 8 3 6 4 7 2 5 1
22 17 19 16 24 26 25 27 18 21 23 20 15 11 13 9 14 10 12 8 3 6 4 7 2 5 1
23 21 18 22 17 19 16 24 26 25 27 20 15 11 13 9 14 10 12 8 3 6 4 7 2 5 1
20 23 21 18 22 17 19 16 24 26 25 27 15 11 13 9 14 10 12 8 3 6 4 7 2 5 1
11 15 20 23 21 18 22 17 19 16 24 26 25 27 13 9 14 10 12 8 3 6 4 7 2 5 1
13 11 15 20 23 21 18 22 17 19 16 24 26 25 27 9 14 10 12 8 3 6 4 7 2 5 1
9 13 11 15 20 23 21 18 22 17 19 16 24 26 25 27 14 10 12 8 3 6 4 7 2 5 1
14 9 13 11 15 20 23 21 18 22 17 19 16 24 26 25 27 10 12 8 3 6 4 7 2 5 1
10 14 9 13 11 15 20 23 21 18 22 17 19 16 24 26 25 27 12 8 3 6 4 7 2 5 1
15 20 23 21 18 22 17 19 16 24 26 25 27 11 13 9 14 10 12 8 3 6 4 7 2 5 1
3 1 25 27 7 5 2 6 4 8 14 12 10 13 11 9 15 23 26 24 16 18 20 22 19 17 21
2 5 7 3 1 25 27 6 4 8 14 12 10 13 11 9 15 23 26 24 16 18 20 22 19 17 21
6 2 5 7 3 1 25 27 4 8 14 12 10 13 11 9 15 23 26 24 16 18 20 22 19 17 21
4 6 2 5 7 3 1 25 27 8 14 12 10 13 11 9 15 23 26 24 16 18 20 22 19 17 21
8 4 6 2 5 7 3 1 25 27 14 12 10 13 11 9 15 23 26 24 16 18 20 22 19 17 21
14 8 4 6 2 5 7 3 1 25 27 12 10 13 11 9 15 23 26 24 16 18 20 22 19 17 21
12 14 8 4 6 2 5 7 3 1 25 27 10 13 11 9 15 23 26 24 16 18 20 22 19 17 21
10 12 14 8 4 6 2 5 7 3 1 25 27 13 11 9 15 23 26 24 16 18 20 22 19 17 21
13 10 12 14 8 4 6 2 5 7 3 1 25 27 11 9 15 23 26 24 16 18 20 22 19 17 21
9 11 13 10 12 14 8 4 6 2 5 7 3 1 25 27 15 23 26 24 16 18 20 22 19 17 21
23 15 9 11 13 10 12 14 8 4 6 2 5 7 3 1 25 27 26 24 16 18 20 22 19 17 21
24 26 25 27 16 18 20 22 19 17 21 23 15 9 11 13 10 12 14 8 4 6 2 5 7 3 1
20 18 16 24 26 25 27 22 19 17 21 23 15 9 11 13 10 12 14 8 4 6 2 5 7 3 1
22 20 18 16 24 26 25 27 19 17 21 23 15 9 11 13 10 12 14 8 4 6 2 5 7 3 1
16 24 26 25 27 18 20 22 19 17 21 23 15 9 11 13 10 12 14 8 4 6 2 5 7 3 1
19 22 20 18 16 24 26 25 27 17 21 23 15 9 11 13 10 12 14 8 4 6 2 5 7 3 1
23 21 17 19 22 20 18 16 24 26 25 27 15 9 11 13 10 12 14 8 4 6 2 5 7 3 1
15 23 21 17 19 22 20 18 16 24 26 25 27 9 11 13 10 12 14 8 4 6 2 5 7 3 1
9 15 23 21 17 19 22 20 18 16 24 26 25 27 11 13 10 12 14 8 4 6 2 5 7 3 1
11 9 15 23 21 17 19 22 20 18 16 24 26 25 27 13 10 12 14 8 4 6 2 5 7 3 1
13 11 9 15 23 21 17 19 22 20 18 16 24 26 25 27 10 12 14 8 4 6 2 5 7 3 1
10 13 11 9 15 23 21 17 19 22 20 18 16 24 26 25 27 12 14 8 4 6 2 5 7 3 1
17 19 22 20 18 16 24 26 25 27 21 23 15 9 11 13 10 12 14 8 4 6 2 5 7 3 1
3 1 25 27 7 5 2 6 4 8 14 12 10 13 11 9 15 23 26 24 16 22 19 17 20 18 21
8 4 6 2 5 7 3 1 25 27 14 12 10 13 11 9 15 23 26 24 16 22 19 17 20 18 21
12 14 8 4 6 2 5 7 3 1 25 27 10 13 11 9 15 23 26 24 16 22 19 17 20 18 21
14 8 4 6 2 5 7 3 1 25 27 12 10 13 11 9 15 23 26 24 16 22 19 17 20 18 21
13 10 12 14 8 4 6 2 5 7 3 1 25 27 11 9 15 23 26 24 16 22 19 17 20 18 21
10 12 14 8 4 6 2 5 7 3 1 25 27 13 11 9 15 23 26 24 16 22 19 17 20 18 21
23 15 9 11 13 10 12 14 8 4 6 2 5 7 3 1 25 27 26 24 16 22 19 17 20 18 21
16 24 26 25 27 22 19 17 20 18 21 23 15 9 11 13 10 12 14 8 4 6 2 5 7 3 1
22 16 24 26 25 27 19 17 20 18 21 23 15 9 11 13 10 12 14 8 4 6 2 5 7 3 1
24 26 25 27 16 22 19 17 20 18 21 23 15 9 11 13 10 12 14 8 4 6 2 5 7 3 1
19 22 16 24 26 25 27 17 20 18 21 23 15 9 11 13 10 12 14 8 4 6 2 5 7 3 1
15 23 21 18 20 17 19 22 16 24 26 25 27 9 11 13 10 12 14 8 4 6 2 5 7 3 1
9 15 23 21 18 20 17 19 22 16 24 26 25 27 11 13 10 12 14 8 4 6 2 5 7 3 1
11 9 15 23 21 18 20 17 19 22 16 24 26 25 27 13 10 12 14 8 4 6 2 5 7 3 1
13 11 9 15 23 21 18 20 17 19 22 16 24 26 25 27 10 12 14 8 4 6 2 5 7 3 1
10 13 11 9 15 23 21 18 20 17 19 22 16 24 26 25 27 12 14 8 4 6 2 5 7 3 1
23 21 18 20 17 19 22 16 24 26 25 27 15 9 11 13 10 12 14 8 4 6 2 5 7 3 1
20 17 19 22 16 24 26 25 27 18 21 23 15 9 11 13 10 12 14 8 4 6 2 5 7 3 1
8 5 2 6 3 7 4 1 25 27 12 9 14 11 13 10 15 23 26 24 16 22 19 17 20 18 21
9 12 8 5 2 6 3 7 4 1 25 27 14 11 13 10 15 23 26 24 16 22 19 17 20 18 21
14 9 12 8 5 2 6 3 7 4 1 25 27 11 13 10 15 23 26 24 16 22 19 17 20 18 21
23 15 10 13 11 14 9 12 8 5 2 6 3 7 4 1 25 27 26 24 16 22 19 17 20 18 21
16 24 26 25 27 22 19 17 20 18 21 23 15 10 13 11 14 9 12 8 5 2 6 3 7 4 1
24 26 25 27 16 22 19 17 20 18 21 23 15 10 13 11 14 9 12 8 5 2 6 3 7 4 1
22 16 24 26 25 27 19 17 20 18 21 23 15 10 13 11 14 9 12 8 5 2 6 3 7 4 1
19 22 16 24 26 25 27 17 20 18 21 23 15 10 13 11 14 9 12 8 5 2 6 3 7 4 1
23 21 18 20 17 19 22 16 24 26 25 27 15 10 13 11 14 9 12 8 5 2 6 3 7 4 1
20 17 19 22 16 24 26 25 27 18 21 23 15 10 13 11 14 9 12 8 5 2 6 3 7 4 1
10 15 23 21 18 20 17 19 22 16 24 26 25 27 13 11 14 9 12 8 5 2 6 3 7 4 1
13 10 15 23 21 18 20 17 19 22 16 24 26 25 27 11 14 9 12 8 5 2 6 3 7 4 1
15 23 21 18 20 17 19 22 16 24 26 25 27 10 13 11 14 9 12 8 5 2 6 3 7 4 1
14 11 13 10 15 23 21 18 20 17 19 22 16 24 26 25 27 9 12 8 5 2 6 3 7 4 1
11 13 10 15 23 21 18 20 17 19 22 16 24 26 25 27 14 9 12 8 5 2 6 3 7 4 1
9 14 11 13 10 15 23 21 18 20 17 19 22 16 24 26 25 27 12 8 5 2 6 3 7 4 1
24 26 25 27 16 19 17 22 18 21 23 20 15 10 12 9 13 11 14 8 3 6 4 7 2 5 1
16 24 26 25 27 19 17 22 18 21 23 20 15 10 12 9 13 11 14 8 3 6 4 7 2 5 1
22 17 19 16 24 26 25 27 18 21 23 20 15 10 12 9 13 11 14 8 3 6 4 7 2 5 1
18 22 17 19 16 24 26 25 27 21 23 20 15 10 12 9 13 11 14 8 3 6 4 7 2 5 1
15 20 23 21 18 22 17 19 16 24 26 25 27 10 12 9 13 11 14 8 3 6 4 7 2 5 1
10 15 20 23 21 18 22 17 19 16 24 26 25 27 12 9 13 11 14 8 3 6 4 7 2 5 1
12 10 15 20 23 21 18 22 17 19 16 24 26 25 27 9 13 11 14 8 3 6 4 7 2 5 1
9 12 10 15 20 23 21 18 22 17 19 16 24 26 25 27 13 11 14 8 3 6 4 7 2 5 1
13 9 12 10 15 20 23 21 18 22 17 19 16 24 26 25 27 11 14 8 3 6 4 7 2 5 1
20 23 21 18 22 17 19 16 24 26 25 27 15 10 12 9 13 11 14 8 3 6 4 7 2 5 1
23 21 18 22 17 19 16 24 26 25 27 20 15 10 12 9 13 11 14 8 3 6 4 7 2 5 1
8 3 6 4 7 2 5 1 25 27 12 14 10 13 11 9 15 23 26 24 16 22 19 17 20 18 21
14 12 8 3 6 4 7 2 5 1 25 27 10 13 11 9 15 23 26 24 16 22 19 17 20 18 21
12 8 3 6 4 7 2 5 1 25 27 14 10 13 11 9 15 23 26 24 16 22 19 17 20 18 21
13 10 14 12 8 3 6 4 7 2 5 1 25 27 11 9 15 23 26 24 16 22 19 17 20 18 21
10 14 12 8 3 6 4 7 2 5 1 25 27 13 11 9 15 23 26 24 16 22 19 17 20 18 21
23 15 9 11 13 10 14 12 8 3 6 4 7 2 5 1 25 27 26 24 16 22 19 17 20 18 21
16 24 26 25 27 22 19 17 20 18 21 23 15 9 11 13 10 14 12 8 3 6 4 7 2 5 1
24 26 25 27 16 22 19 17 20 18 21 23 15 9 11 13 10 14 12 8 3 6 4 7 2 5 1
22 16 24 26 25 27 19 17 20 18 21 23 15 9 11 13 10 14 12 8 3 6 4 7 2 5 1
19 22 16 24 26 25 27 17 20 18 21 23 15 9 11 13 10 14 12 8 3 6 4 7 2 5 1
20 17 19 22 16 24 26 25 27 18 21 23 15 9 11 13 10 14 12 8 3 6 4 7 2 5 1
23 21 18 20 17 19 22 16 24 26 25 27 15 9 11 13 10 14 12 8 3 6 4 7 2 5 1
15 23 21 18 20 17 19 22 16 24 26 25 27 9 11 13 10 14 12 8 3 6 4 7 2 5 1
9 15 23 21 18 20 17 19 22 16 24 26 25 27 11 13 10 14 12 8 3 6 4 7 2 5 1
11 9 15 23 21 18 20 17 19 22 16 24 26 25 27 13 10 14 12 8 3 6 4 7 2 5 1
13 11 9 15 23 21 18 20 17 19 22 16 24 26 25 27 10 14 12 8 3 6 4 7 2 5 1
16 24 26 25 27 22 19 21 23 17 20 18 15 9 12 10 14 11 13 8 3 6 4 7 2 5 1
22 16 24 26 25 27 19 21 23 17 20 18 15 9 12 10 14 11 13 8 3 6 4 7 2 5 1
24 26 25 27 16 22 19 21 23 17 20 18 15 9 12 10 14 11 13 8 3 6 4 7 2 5 1
23 21 19 22 16 24 26 25 27 17 20 18 15 9 12 10 14 11 13 8 3 6 4 7 2 5 1
21 19 22 16 24 26 25 27 23 17 20 18 15 9 12 10 14 11 13 8 3 6 4 7 2 5 1
18 20 17 23 21 19 22 16 24 26 25 27 15 9 12 10 14 11 13 8 3 6 4 7 2 5 1
15 18 20 17 23 21 19 22 16 24 26 25 27 9 12 10 14 11 13 8 3 6 4 7 2 5 1
9 15 18 20 17 23 21 19 22 16 24 26 25 27 12 10 14 11 13 8 3 6 4 7 2 5 1
12 9 15 18 20 17 23 21 19 22 16 24 26 25 27 10 14 11 13 8 3 6 4 7 2 5 1
17 23 21 19 22 16 24 26 25 27 20 18 15 9 12 10 14 11 13 8 3 6 4 7 2 5 1
14 10 12 9 15 18 20 17 23 21 19 22 16 24 26 25 27 11 13 8 3 6 4 7 2 5 1
19 22 16 24 26 25 27 21 23 17 20 18 15 9 12 10 14 11 13 8 3 6 4 7 2 5 1
20 17 23 21 19 22 16 24 26 25 27 18 15 9 12 10 14 11 13 8 3 6 4 7 2 5 1
3 8 13 11 14 10 12 9 15 18 20 17 23 21 19 22 16 24 26 25 27 6 4 7 2 5 1
6 3 8 13 11 14 10 12 9 15 18 20 17 23 21 19 22 16 24 26 25 27 4 7 2 5 1
7 4 6 3 8 13 11 14 10 12 9 15 18 20 17 23 21 19 22 16 24 26 25 27 2 5 1
2 5 1 25 27 7 4 6 3 8 12 14 10 13 11 9 15 17 23 26 24 16 18 20 22 19 21
7 2 5 1 25 27 4 6 3 8 12 14 10 13 11 9 15 17 23 26 24 16 18 20 22 19 21
4 7 2 5 1 25 27 6 3 8 12 14 10 13 11 9 15 17 23 26 24 16 18 20 22 19 21
6 4 7 2 5 1 25 27 3 8 12 14 10 13 11 9 15 17 23 26 24 16 18 20 22 19 21
3 6 4 7 2 5 1 25 27 8 12 14 10 13 11 9 15 17 23 26 24 16 18 20 22 19 21
8 3 6 4 7 2 5 1 25 27 12 14 10 13 11 9 15 17 23 26 24 16 18 20 22 19 21
12 8 3 6 4 7 2 5 1 25 27 14 10 13 11 9 15 17 23 26 24 16 18 20 22 19 21
14 12 8 3 6 4 7 2 5 1 25 27 10 13 11 9 15 17 23 26 24 16 18 20 22 19 21
10 14 12 8 3 6 4 7 2 5 1 25 27 13 11 9 15 17 23 26 24 16 18 20 22 19 21
13 10 14 12 8 3 6 4 7 2 5 1 25 27 11 9 15 17 23 26 24 16 18 20 22 19 21
9 11 13 10 14 12 8 3 6 4 7 2 5 1 25 27 15 17 23 26 24 16 18 20 22 19 21
23 17 15 9 11 13 10 14 12 8 3 6 4 7 2 5 1 25 27 26 24 16 18 20 22 19 21
24 26 25 27 16 18 20 22 19 21 23 17 15 9 11 13 10 14 12 8 3 6 4 7 2 5 1
20 18 16 24 26 25 27 22 19 21 23 17 15 9 11 13 10 14 12 8 3 6 4 7 2 5 1
18 16 24 26 25 27 20 22 19 21 23 17 15 9 11 13 10 14 12 8 3 6 4 7 2 5 1
16 24 26 25 27 18 20 22 19 21 23 17 15 9 11 13 10 14 12 8 3 6 4 7 2 5 1
22 20 18 16 24 26 25 27 19 21 23 17 15 9 11 13 10 14 12 8 3 6 4 7 2 5 1
23 21 19 22 20 18 16 24 26 25 27 17 15 9 11 13 10 14 12 8 3 6 4 7 2 5 1
15 17 23 21 19 22 20 18 16 24 26 25 27 9 11 13 10 14 12 8 3 6 4 7 2 5 1
17 23 21 19 22 20 18 16 24 26 25 27 15 9 11 13 10 14 12 8 3 6 4 7 2 5 1
9 15 17 23 21 19 22 20 18 16 24 26 25 27 11 13 10 14 12 8 3 6 4 7 2 5 1
13 11 9 15 17 23 21 19 22 20 18 16 24 26 25 27 10 14 12 8 3 6 4 7 2 5 1
11 9 15 17 23 21 19 22 20 18 16 24 26 25 27 13 10 14 12 8 3 6 4 7 2 5 1
19 22 20 18 16 24 26 25 27 21 23 17 15 9 11 13 10 14 12 8 3 6 4 7 2 5 1
3 8 12 14 10 13 11 9 15 17 23 21 19 22 20 18 16 24 26 25 27 6 4 7 2 5 1
6 3 8 12 14 10 13 11 9 15 17 23 21 19 22 20 18 16 24 26 25 27 4 7 2 5 1
7 4 6 3 8 12 14 10 13 11 9 15 17 23 21 19 22 20 18 16 24 26 25 27 2 5 1
24 26 25 27 16 19 17 22 18 21 23 20 15 9 12 10 13 11 14 8 3 6 4 7 2 5 1
16 24 26 25 27 19 17 22 18 21 23 20 15 9 12 10 13 11 14 8 3 6 4 7 2 5 1
22 17 19 16 24 26 25 27 18 21 23 20 15 9 12 10 13 11 14 8 3 6 4 7 2 5 1
18 22 17 19 16 24 26 25 27 21 23 20 15 9 12 10 13 11 14 8 3 6 4 7 2 5 1
20 23 21 18 22 17 19 16 24 26 25 27 15 9 12 10 13 11 14 8 3 6 4 7 2 5 1
23 21 18 22 17 19 16 24 26 25 27 20 15 9 12 10 13 11 14 8 3 6 4 7 2 5 1
15 20 23 21 18 22 17 19 16 24 26 25 27 9 12 10 13 11 14 8 3 6 4 7 2 5 1
9 15 20 23 21 18 22 17 19 16 24 26 25 27 12 10 13 11 14 8 3 6 4 7 2 5 1
12 9 15 20 23 21 18 22 17 19 16 24 26 25 27 10 13 11 14 8 3 6 4 7 2 5 1
10 12 9 15 20 23 21 18 22 17 19 16 24 26 25 27 13 11 14 8 3 6 4 7 2 5 1
13 10 12 9 15 20 23 21 18 22 17 19 16 24 26 25 27 11 14 8 3 6 4 7 2 5 1
2 5 1 25 27 7 4 6 3 8 12 10 14 9 13 11 15 23 26 24 16 18 20 22 19 17 21
7 2 5 1 25 27 4 6 3 8 12 10 14 9 13 11 15 23 26 24 16 18 20 22 19 17 21
4 7 2 5 1 25 27 6 3 8 12 10 14 9 13 11 15 23 26 24 16 18 20 22 19 17 21
6 4 7 2 5 1 25 27 3 8 12 10 14 9 13 11 15 23 26 24 16 18 20 22 19 17 21
3 6 4 7 2 5 1 25 27 8 12 10 14 9 13 11 15 23 26 24 16 18 20 22 19 17 21
8 3 6 4 7 2 5 1 25 27 12 10 14 9 13 11 15 23 26 24 16 18 20 22 19 17 21
12 8 3 6 4 7 2 5 1 25 27 10 14 9 13 11 15 23 26 24 16 18 20 22 19 17 21
10 12 8 3 6 4 7 2 5 1 25 27 14 9 13 11 15 23 26 24 16 18 20 22 19 17 21
9 14 10 12 8 3 6 4 7 2 5 1 25 27 13 11 15 23 26 24 16 18 20 22 19 17 21
13 9 14 10 12 8 3 6 4 7 2 5 1 25 27 11 15 23 26 24 16 18 20 22 19 17 21
11 13 9 14 10 12 8 3 6 4 7 2 5 1 25 27 15 23 26 24 16 18 20 22 19 17 21
23 15 11 13 9 14 10 12 8 3 6 4 7 2 5 1 25 27 26 24 16 18 20 22 19 17 21
24 26 25 27 16 18 20 22 19 17 21 23 15 11 13 9 14 10 12 8 3 6 4 7 2 5 1
16 24 26 25 27 18 20 22 19 17 21 23 15 11 13 9 14 10 12 8 3 6 4 7 2 5 1
20 18 16 24 26 25 27 22 19 17 21 23 15 11 13 9 14 10 12 8 3 6 4 7 2 5 1
22 20 18 16 24 26 25 27 19 17 21 23 15 11 13 9 14 10 12 8 3 6 4 7 2 5 1
19 22 20 18 16 24 26 25 27 17 21 23 15 11 13 9 14 10 12 8 3 6 4 7 2 5 1
23 21 17 19 22 20 18 16 24 26 25 27 15 11 13 9 14 10 12 8 3 6 4 7 2 5 1
17 19 22 20 18 16 24 26 25 27 21 23 15 11 13 9 14 10 12 8 3 6 4 7 2 5 1
11 15 23 21 17 19 22 20 18 16 24 26 25 27 13 9 14 10 12 8 3 6 4 7 2 5 1
13 11 15 23 21 17 19 22 20 18 16 24 26 25 27 9 14 10 12 8 3 6 4 7 2 5 1
9 13 11 15 23 21 17 19 22 20 18 16 24 26 25 27 14 10 12 8 3 6 4 7 2 5 1
14 9 13 11 15 23 21 17 19 22 20 18 16 24 26 25 27 10 12 8 3 6 4 7 2 5 1
10 14 9 13 11 15 23 21 17 19 22 20 18 16 24 26 25 27 12 8 3 6 4 7 2 5 1
15 23 21 17 19 22 20 18 16 24 26 25 27 11 13 9 14 10 12 8 3 6 4 7 2 5 1
7 2 5 1 25 27 4 6 3 8 12 10 14 9 13 11 15 23 26 24 16 22 19 17 20 18 21
8 3 6 4 7 2 5 1 25 27 12 10 14 9 13 11 15 23 26 24 16 22 19 17 20 18 21
12 8 3 6 4 7 2 5 1 25 27 10 14 9 13 11 15 23 26 24 16 22 19 17 20 18 21
10 12 8 3 6 4 7 2 5 1 25 27 14 9 13 11 15 23 26 24 16 22 19 17 20 18 21
9 14 10 12 8 3 6 4 7 2 5 1 25 27 13 11 15 23 26 24 16 22 19 17 20 18 21
13 9 14 10 12 8 3 6 4 7 2 5 1 25 27 11 15 23 26 24 16 22 19 17 20 18 21
23 15 11 13 9 14 10 12 8 3 6 4 7 2 5 1 25 27 26 24 16 22 19 17 20 18 21
24 26 25 27 16 22 19 17 20 18 21 23 15 11 13 9 14 10 12 8 3 6 4 7 2 5 1
16 24 26 25 27 22 19 17 20 18 21 23 15 11 13 9 14 10 12 8 3 6 4 7 2 5 1
22 16 24 26 25 27 19 17 20 18 21 23 15 11 13 9 14 10 12 8 3 6 4 7 2 5 1
19 22 16 24 26 25 27 17 20 18 21 23 15 11 13 9 14 10 12 8 3 6 4 7 2 5 1
20 17 19 22 16 24 26 25 27 18 21 23 15 11 13 9 14 10 12 8 3 6 4 7 2 5 1
23 21 18 20 17 19 22 16 24 26 25 27 15 11 13 9 14 10 12 8 3 6 4 7 2 5 1
15 23 21 18 20 17 19 22 16 24 26 25 27 11 13 9 14 10 12 8 3 6 4 7 2 5 1
11 15 23 21 18 20 17 19 22 16 24 26 25 27 13 9 14 10 12 8 3 6 4 7 2 5 1
13 11 15 23 21 18 20 17 19 22 16 24 26 25 27 9 14 10 12 8 3 6 4 7 2 5 1
9 13 11 15 23 21 18 20 17 19 22 16 24 26 25 27 14 10 12 8 3 6 4 7 2 5 1
10 14 9 13 11 15 23 21 18 20 17 19 22 16 24 26 25 27 12 8 3 6 4 7 2 5 1
14 9 13 11 15 23 21 18 20 17 19 22 16 24 26 25 27 10 12 8 3 6 4 7 2 5 1
2 5 1 25 27 7 4 6 3 8 12 14 10 13 11 9 15 23 26 24 16 18 20 22 19 17 21
7 2 5 1 25 27 4 6 3 8 12 14 10 13 11 9 15 23 26 24 16 18 20 22 19 17 21
4 7 2 5 1 25 27 6 3 8 12 14 10 13 11 9 15 23 26 24 16 18 20 22 19 17 21
6 4 7 2 5 1 25 27 3 8 12 14 10 13 11 9 15 23 26 24 16 18 20 22 19 17 21
3 6 4 7 2 5 1 25 27 8 12 14 10 13 11 9 15 23 26 24 16 18 20 22 19 17 21
8 3 6 4 7 2 5 1 25 27 12 14 10 13 11 9 15 23 26 24 16 18 20 22 19 17 21
12 8 3 6 4 7 2 5 1 25 27 14 10 13 11 9 15 23 26 24 16 18 20 22 19 17 21
14 12 8 3 6 4 7 2 5 1 25 27 10 13 11 9 15 23 26 24 16 18 20 22 19 17 21
10 14 12 8 3 6 4 7 2 5 1 25 27 13 11 9 15 23 26 24 16 18 20 22 19 17 21
13 10 14 12 8 3 6 4 7 2 5 1 25 27 11 9 15 23 26 24 16 18 20 22 19 17 21
9 11 13 10 14 12 8 3 6 4 7 2 5 1 25 27 15 23 26 24 16 18 20 22 19 17 21
23 15 9 11 13 10 14 12 8 3 6 4 7 2 5 1 25 27 26 24 16 18 20 22 19 17 21
24 26 25 27 16 18 20 22 19 17 21 23 15 9 11 13 10 14 12 8 3 6 4 7 2 5 1
20 18 16 24 26 25 27 22 19 17 21 23 15 9 11 13 10 14 12 8 3 6 4 7 2 5 1
16 24 26 25 27 18 20 22 19 17 21 23 15 9 11 13 10 14 12 8 3 6 4 7 2 5 1
22 20 18 16 24 26 25 27 19 17 21 23 15 9 11 13 10 14 12 8 3 6 4 7 2 5 1
19 22 20 18 16 24 26 25 27 17 21 23 15 9 11 13 10 14 12 8 3 6 4 7 2 5 1
15 23 21 17 19 22 20 18 16 24 26 25 27 9 11 13 10 14 12 8 3 6 4 7 2 5 1
9 15 23 21 17 19 22 20 18 16 24 26 25 27 11 13 10 14 12 8 3 6 4 7 2 5 1
11 9 15 23 21 17 19 22 20 18 16 24 26 25 27 13 10 14 12 8 3 6 4 7 2 5 1
13 11 9 15 23 21 17 19 22 20 18 16 24 26 25 27 10 14 12 8 3 6 4 7 2 5 1
23 21 17 19 22 20 18 16 24 26 25 27 15 9 11 13 10 14 12 8 3 6 4 7 2 5 1
17 19 22 20 18 16 24 26 25 27 21 23 15 9 11 13 10 14 12 8 3 6 4 7 2 5 1
8 3 6 4 7 2 5 1 25 27 13 11 14 10 12 9 15 23 26 24 16 22 19 17 20 18 21
13 8 3 6 4 7 2 5 1 25 27 11 14 10 12 9 15 23 26 24 16 22 19 17 20 18 21
11 13 8 3 6 4 7 2 5 1 25 27 14 10 12 9 15 23 26 24 16 22 19 17 20 18 21
14 11 13 8 3 6 4 7 2 5 1 25 27 10 12 9 15 23 26 24 16 22 19 17 20 18 21
10 14 11 13 8 3 6 4 7 2 5 1 25 27 12 9 15 23 26 24 16 22 19 17 20 18 21
23 15 9 12 10 14 11 13 8 3 6 4 7 2 5 1 25 27 26 24 16 22 19 17 20 18 21
24 26 25 27 16 22 19 17 20 18 21 23 15 9 12 10 14 11 13 8 3 6 4 7 2 5 1
16 24 26 25 27 22 19 17 20 18 21 23 15 9 12 10 14 11 13 8 3 6 4 7 2 5 1
22 16 24 26 25 27 19 17 20 18 21 23 15 9 12 10 14 11 13 8 3 6 4 7 2 5 1
19 22 16 24 26 25 27 17 20 18 21 23 15 9 12 10 14 11 13 8 3 6 4 7 2 5 1
20 17 19 22 16 24 26 25 27 18 21 23 15 9 12 10 14 11 13 8 3 6 4 7 2 5 1
23 21 18 20 17 19 22 16 24 26 25 27 15 9 12 10 14 11 13 8 3 6 4 7 2 5 1
15 23 21 18 20 17 19 22 16 24 26 25 27 9 12 10 14 11 13 8 3 6 4 7 2 5 1
9 15 23 21 18 20 17 19 22 16 24 26 25 27 12 10 14 11 13 8 3 6 4 7 2 5 1
12 9 15 23 21 18 20 17 19 22 16 24 26 25 27 10 14 11 13 8 3 6 4 7 2 5 1
14 10 12 9 15 23 21 18 20 17 19 22 16 24 26 25 27 11 13 8 3 6 4 7 2 5 1
24 26 25 27 16 19 17 22 18 21 23 20 15 9 12 10 14 11 13 8 3 6 4 7 2 5 1
16 24 26 25 27 19 17 22 18 21 23 20 15 9 12 10 14 11 13 8 3 6 4 7 2 5 1
18 22 17 19 16 24 26 25 27 21 23 20 15 9 12 10 14 11 13 8 3 6 4 7 2 5 1
22 17 19 16 24 26 25 27 18 21 23 20 15 9 12 10 14 11 13 8 3 6 4 7 2 5 1
23 21 18 22 17 19 16 24 26 25 27 20 15 9 12 10 14 11 13 8 3 6 4 7 2 5 1
20 23 21 18 22 17 19 16 24 26 25 27 15 9 12 10 14 11 13 8 3 6 4 7 2 5 1
15 20 23 21 18 22 17 19 16 24 26 25 27 9 12 10 14 11 13 8 3 6 4 7 2 5 1
9 15 20 23 21 18 22 17 19 16 24 26 25 27 12 10 14 11 13 8 3 6 4 7 2 5 1
12 9 15 20 23 21 18 22 17 19 16 24 26 25 27 10 14 11 13 8 3 6 4 7 2 5 1
14 10 12 9 15 20 23 21 18 22 17 19 16 24 26 25 27 11 13 8 3 6 4 7 2 5 1
