7 5 2 4 8 14 11 13 10 12 9 15 17 19 3 6 1 16 18 20 | 18 16 1 6 3 7 5 2 4 8 14 11 13 10 12 9 15 17 20
9 15 17 19 12 10 13 11 14 8 4 2 5 7 3 6 1 16 18 20 | 18 16 1 6 3 7 5 2 4 8 14 11 13 10 12 9 15 17 20
14 11 13 10 12 9 15 17 19 8 4 2 5 7 3 6 1 16 18 20 | 18 16 1 6 3 7 5 2 4 8 14 11 13 10 12 9 15 17 20
5 2 4 8 14 11 13 10 12 9 15 17 19 7 3 6 1 16 18 20 | 18 16 1 6 3 7 5 2 4 8 14 11 13 10 12 9 15 17 20
3 7 5 2 4 8 14 11 13 10 12 9 15 17 19 6 1 16 18 20 | 18 16 1 6 3 7 5 2 4 8 14 11 13 10 12 9 15 17 20
16 19 18 15 12 9 13 10 14 11 8 4 7 2 5 3 6 1 17 20 | 17 1 6 3 5 2 7 4 8 11 14 10 13 9 12 15 18 16 20
3 5 2 7 4 8 11 14 10 13 9 12 15 18 16 19 6 1 17 20 | 17 1 6 3 5 2 7 4 8 11 14 10 13 9 12 15 18 16 20
13 9 12 15 18 16 19 10 14 11 8 4 7 2 5 3 6 1 17 20 | 17 1 6 3 5 2 7 4 8 11 14 10 13 9 12 15 18 16 20
8 11 14 10 13 9 12 15 18 16 19 4 7 2 5 3 6 1 17 20 | 17 1 6 3 5 2 7 4 8 11 14 10 13 9 12 15 18 16 20
4 8 11 14 10 13 9 12 15 18 16 19 7 2 5 3 6 1 17 20 | 17 1 6 3 5 2 7 4 8 11 14 10 13 9 12 15 18 16 20
2 7 4 8 11 14 10 13 9 12 15 18 16 19 5 3 6 1 17 20 | 17 1 6 3 5 2 7 4 8 11 14 10 13 9 12 15 18 16 20
6 3 5 2 7 4 8 11 14 10 13 9 12 15 18 16 19 1 17 20 | 17 1 6 3 5 2 7 4 8 11 14 10 13 9 12 15 18 16 20
12 9 15 17 19 10 13 11 14 8 2 4 6 3 5 7 1 16 18 20 | 18 16 1 7 5 3 6 4 2 8 14 11 13 10 12 9 15 17 20
8 14 11 13 10 12 9 15 17 19 2 4 6 3 5 7 1 16 18 20 | 18 16 1 7 5 3 6 4 2 8 14 11 13 10 12 9 15 17 20
6 4 2 8 14 11 13 10 12 9 15 17 19 3 5 7 1 16 18 20 | 18 16 1 7 5 3 6 4 2 8 14 11 13 10 12 9 15 17 20
7 5 3 6 4 2 8 14 11 13 10 12 9 15 17 19 1 16 18 20 | 18 16 1 7 5 3 6 4 2 8 14 11 13 10 12 9 15 17 20
2 8 14 11 13 10 12 9 15 17 19 4 6 3 5 7 1 16 18 20 | 18 16 1 7 5 3 6 4 2 8 14 11 13 10 12 9 15 17 20
5 3 6 4 2 8 14 11 13 10 12 9 15 17 19 7 1 16 18 20 | 18 16 1 7 5 3 6 4 2 8 14 11 13 10 12 9 15 17 20
9 15 17 19 12 10 13 11 14 8 2 4 6 3 5 7 1 16 18 20 | 18 16 1 7 5 3 6 4 2 8 14 11 13 10 12 9 15 17 20
5 2 4 8 12 10 14 9 13 11 15 17 19 7 3 6 1 16 18 20 | 18 16 1 6 3 7 5 2 4 8 12 10 14 9 13 11 15 17 20
12 10 14 9 13 11 15 17 19 8 4 2 5 7 3 6 1 16 18 20 | 18 16 1 6 3 7 5 2 4 8 12 10 14 9 13 11 15 17 20
11 15 17 19 13 9 14 10 12 8 4 2 5 7 3 6 1 16 18 20 | 18 16 1 6 3 7 5 2 4 8 12 10 14 9 13 11 15 17 20
2 4 8 12 10 14 9 13 11 15 17 19 5 7 3 6 1 16 18 20 | 18 16 1 6 3 7 5 2 4 8 12 10 14 9 13 11 15 17 20
7 5 2 4 8 12 10 14 9 13 11 15 17 19 3 6 1 16 18 20 | 18 16 1 6 3 7 5 2 4 8 12 10 14 9 13 11 15 17 20
3 7 5 2 4 8 12 10 14 9 13 11 15 17 19 6 1 16 18 20 | 18 16 1 6 3 7 5 2 4 8 12 10 14 9 13 11 15 17 20
8 12 10 14 9 13 11 15 17 19 4 2 5 7 3 6 1 16 18 20 | 18 16 1 6 3 7 5 2 4 8 12 10 14 9 13 11 15 17 20
13 11 15 17 19 9 14 10 12 8 4 2 5 7 3 6 1 16 18 20 | 18 16 1 6 3 7 5 2 4 8 12 10 14 9 13 11 15 17 20
7 2 6 4 8 14 11 13 9 12 10 15 18 16 19 3 5 1 17 20 | 17 1 5 3 7 2 6 4 8 14 11 13 9 12 10 15 18 16 20
8 14 11 13 9 12 10 15 18 16 19 4 6 2 7 3 5 1 17 20 | 17 1 5 3 7 2 6 4 8 14 11 13 9 12 10 15 18 16 20
3 7 2 6 4 8 14 11 13 9 12 10 15 18 16 19 5 1 17 20 | 17 1 5 3 7 2 6 4 8 14 11 13 9 12 10 15 18 16 20
12 10 15 18 16 19 9 13 11 14 8 4 6 2 7 3 5 1 17 20 | 17 1 5 3 7 2 6 4 8 14 11 13 9 12 10 15 18 16 20
6 4 8 14 11 13 9 12 10 15 18 16 19 2 7 3 5 1 17 20 | 17 1 5 3 7 2 6 4 8 14 11 13 9 12 10 15 18 16 20
9 12 10 15 18 16 19 13 11 14 8 4 6 2 7 3 5 1 17 20 | 17 1 5 3 7 2 6 4 8 14 11 13 9 12 10 15 18 16 20
4 8 14 11 13 9 12 10 15 18 16 19 6 2 7 3 5 1 17 20 | 17 1 5 3 7 2 6 4 8 14 11 13 9 12 10 15 18 16 20
7 5 3 6 4 2 8 14 12 10 13 11 9 15 18 16 19 1 17 20 | 17 1 7 5 3 6 4 2 8 14 12 10 13 11 9 15 18 16 20
13 11 9 15 18 16 19 10 12 14 8 2 4 6 3 5 7 1 17 20 | 17 1 7 5 3 6 4 2 8 14 12 10 13 11 9 15 18 16 20
2 8 14 12 10 13 11 9 15 18 16 19 4 6 3 5 7 1 17 20 | 17 1 7 5 3 6 4 2 8 14 12 10 13 11 9 15 18 16 20
6 4 2 8 14 12 10 13 11 9 15 18 16 19 3 5 7 1 17 20 | 17 1 7 5 3 6 4 2 8 14 12 10 13 11 9 15 18 16 20
10 13 11 9 15 18 16 19 12 14 8 2 4 6 3 5 7 1 17 20 | 17 1 7 5 3 6 4 2 8 14 12 10 13 11 9 15 18 16 20
11 9 15 18 16 19 13 10 12 14 8 2 4 6 3 5 7 1 17 20 | 17 1 7 5 3 6 4 2 8 14 12 10 13 11 9 15 18 16 20
4 2 6 3 8 14 11 13 9 12 10 15 18 16 19 7 5 1 17 20 | 17 1 5 7 4 2 6 3 8 14 11 13 9 12 10 15 18 16 20
10 15 18 16 19 12 9 13 11 14 8 3 6 2 4 7 5 1 17 20 | 17 1 5 7 4 2 6 3 8 14 11 13 9 12 10 15 18 16 20
6 3 8 14 11 13 9 12 10 15 18 16 19 2 4 7 5 1 17 20 | 17 1 5 7 4 2 6 3 8 14 11 13 9 12 10 15 18 16 20
12 10 15 18 16 19 9 13 11 14 8 3 6 2 4 7 5 1 17 20 | 17 1 5 7 4 2 6 3 8 14 11 13 9 12 10 15 18 16 20
9 12 10 15 18 16 19 13 11 14 8 3 6 2 4 7 5 1 17 20 | 17 1 5 7 4 2 6 3 8 14 11 13 9 12 10 15 18 16 20
3 8 14 11 13 9 12 10 15 18 16 19 6 2 4 7 5 1 17 20 | 17 1 5 7 4 2 6 3 8 14 11 13 9 12 10 15 18 16 20
8 14 11 13 9 12 10 15 18 16 19 3 6 2 4 7 5 1 17 20 | 17 1 5 7 4 2 6 3 8 14 11 13 9 12 10 15 18 16 20
14 12 10 13 9 11 15 18 16 19 8 6 2 4 7 3 5 1 17 20 | 17 1 5 3 7 4 2 6 8 14 12 10 13 9 11 15 18 16 20
8 14 12 10 13 9 11 15 18 16 19 6 2 4 7 3 5 1 17 20 | 17 1 5 3 7 4 2 6 8 14 12 10 13 9 11 15 18 16 20
7 4 2 6 8 14 12 10 13 9 11 15 18 16 19 3 5 1 17 20 | 17 1 5 3 7 4 2 6 8 14 12 10 13 9 11 15 18 16 20
11 15 18 16 19 9 13 10 12 14 8 6 2 4 7 3 5 1 17 20 | 17 1 5 3 7 4 2 6 8 14 12 10 13 9 11 15 18 16 20
2 6 8 14 12 10 13 9 11 15 18 16 19 4 7 3 5 1 17 20 | 17 1 5 3 7 4 2 6 8 14 12 10 13 9 11 15 18 16 20
13 11 15 17 19 2 14 10 5 8 6 9 4 7 3 12 1 16 18 20 | 18 16 1 12 3 7 4 9 6 8 5 10 14 2 13 11 15 17 20
6 8 5 10 14 2 13 11 15 17 19 9 4 7 3 12 1 16 18 20 | 18 16 1 12 3 7 4 9 6 8 5 10 14 2 13 11 15 17 20
9 6 8 5 10 14 2 13 11 15 17 19 4 7 3 12 1 16 18 20 | 18 16 1 12 3 7 4 9 6 8 5 10 14 2 13 11 15 17 20
12 3 7 4 9 6 8 5 10 14 2 13 11 15 17 19 1 16 18 20 | 18 16 1 12 3 7 4 9 6 8 5 10 14 2 13 11 15 17 20
7 4 9 6 8 5 10 14 2 13 11 15 17 19 3 12 1 16 18 20 | 18 16 1 12 3 7 4 9 6 8 5 10 14 2 13 11 15 17 20
2 13 11 15 17 19 14 10 5 8 6 9 4 7 3 12 1 16 18 20 | 18 16 1 12 3 7 4 9 6 8 5 10 14 2 13 11 15 17 20
5 10 14 2 13 11 15 17 19 8 6 9 4 7 3 12 1 16 18 20 | 18 16 1 12 3 7 4 9 6 8 5 10 14 2 13 11 15 17 20
10 14 9 13 11 15 18 16 19 12 8 4 6 2 7 3 5 1 17 20 | 17 1 5 3 7 2 6 4 8 12 10 14 9 13 11 15 18 16 20
6 4 8 12 10 14 9 13 11 15 18 16 19 2 7 3 5 1 17 20 | 17 1 5 3 7 2 6 4 8 12 10 14 9 13 11 15 18 16 20
8 12 10 14 9 13 11 15 18 16 19 4 6 2 7 3 5 1 17 20 | 17 1 5 3 7 2 6 4 8 12 10 14 9 13 11 15 18 16 20
7 2 6 4 8 12 10 14 9 13 11 15 18 16 19 3 5 1 17 20 | 17 1 5 3 7 2 6 4 8 12 10 14 9 13 11 15 18 16 20
12 10 14 9 13 11 15 18 16 19 8 4 6 2 7 3 5 1 17 20 | 17 1 5 3 7 2 6 4 8 12 10 14 9 13 11 15 18 16 20
3 7 2 6 4 8 12 10 14 9 13 11 15 18 16 19 5 1 17 20 | 17 1 5 3 7 2 6 4 8 12 10 14 9 13 11 15 18 16 20
14 10 13 11 9 15 17 19 12 8 4 7 2 5 3 6 1 16 18 20 | 18 16 1 6 3 5 2 7 4 8 12 14 10 13 11 9 15 17 20
7 4 8 12 14 10 13 11 9 15 17 19 2 5 3 6 1 16 18 20 | 18 16 1 6 3 5 2 7 4 8 12 14 10 13 11 9 15 17 20
9 15 17 19 11 13 10 14 12 8 4 7 2 5 3 6 1 16 18 20 | 18 16 1 6 3 5 2 7 4 8 12 14 10 13 11 9 15 17 20
11 9 15 17 19 13 10 14 12 8 4 7 2 5 3 6 1 16 18 20 | 18 16 1 6 3 5 2 7 4 8 12 14 10 13 11 9 15 17 20
12 14 10 13 11 9 15 17 19 8 4 7 2 5 3 6 1 16 18 20 | 18 16 1 6 3 5 2 7 4 8 12 14 10 13 11 9 15 17 20
5 2 7 4 8 12 14 10 13 11 9 15 17 19 3 6 1 16 18 20 | 18 16 1 6 3 5 2 7 4 8 12 14 10 13 11 9 15 17 20
14 12 10 13 9 11 15 17 19 8 6 2 4 7 3 5 1 16 18 20 | 18 16 1 5 3 7 4 2 6 8 14 12 10 13 9 11 15 17 20
7 4 2 6 8 14 12 10 13 9 11 15 17 19 3 5 1 16 18 20 | 18 16 1 5 3 7 4 2 6 8 14 12 10 13 9 11 15 17 20
5 3 7 4 2 6 8 14 12 10 13 9 11 15 17 19 1 16 18 20 | 18 16 1 5 3 7 4 2 6 8 14 12 10 13 9 11 15 17 20
4 2 6 8 14 12 10 13 9 11 15 17 19 7 3 5 1 16 18 20 | 18 16 1 5 3 7 4 2 6 8 14 12 10 13 9 11 15 17 20
10 13 9 11 15 17 19 12 14 8 6 2 4 7 3 5 1 16 18 20 | 18 16 1 5 3 7 4 2 6 8 14 12 10 13 9 11 15 17 20
11 15 17 19 9 13 10 12 14 8 6 2 4 7 3 5 1 16 18 20 | 18 16 1 5 3 7 4 2 6 8 14 12 10 13 9 11 15 17 20
13 9 11 15 17 19 10 12 14 8 6 2 4 7 3 5 1 16 18 20 | 18 16 1 5 3 7 4 2 6 8 14 12 10 13 9 11 15 17 20
2 6 8 14 12 10 13 9 11 15 17 19 4 7 3 5 1 16 18 20 | 18 16 1 5 3 7 4 2 6 8 14 12 10 13 9 11 15 17 20
4 8 12 14 10 13 11 9 15 17 19 6 2 5 7 3 1 16 18 20 | 18 16 1 3 7 5 2 6 4 8 12 14 10 13 11 9 15 17 20
11 9 15 17 19 13 10 14 12 8 4 6 2 5 7 3 1 16 18 20 | 18 16 1 3 7 5 2 6 4 8 12 14 10 13 11 9 15 17 20
6 4 8 12 14 10 13 11 9 15 17 19 2 5 7 3 1 16 18 20 | 18 16 1 3 7 5 2 6 4 8 12 14 10 13 11 9 15 17 20
14 10 13 11 9 15 17 19 12 8 4 6 2 5 7 3 1 16 18 20 | 18 16 1 3 7 5 2 6 4 8 12 14 10 13 11 9 15 17 20
7 5 2 6 4 8 12 14 10 13 11 9 15 17 19 3 1 16 18 20 | 18 16 1 3 7 5 2 6 4 8 12 14 10 13 11 9 15 17 20
9 15 17 19 11 13 10 14 12 8 4 6 2 5 7 3 1 16 18 20 | 18 16 1 3 7 5 2 6 4 8 12 14 10 13 11 9 15 17 20
2 6 4 8 12 14 10 13 11 9 15 17 19 5 7 3 1 16 18 20 | 18 16 1 3 7 5 2 6 4 8 12 14 10 13 11 9 15 17 20
8 14 11 13 9 12 10 15 18 16 19 2 4 6 3 7 5 1 17 20 | 17 1 5 7 3 6 4 2 8 14 11 13 9 12 10 15 18 16 20
4 2 8 14 11 13 9 12 10 15 18 16 19 6 3 7 5 1 17 20 | 17 1 5 7 3 6 4 2 8 14 11 13 9 12 10 15 18 16 20
14 11 13 9 12 10 15 18 16 19 8 2 4 6 3 7 5 1 17 20 | 17 1 5 7 3 6 4 2 8 14 11 13 9 12 10 15 18 16 20
2 8 14 11 13 9 12 10 15 18 16 19 4 6 3 7 5 1 17 20 | 17 1 5 7 3 6 4 2 8 14 11 13 9 12 10 15 18 16 20
12 10 15 18 16 19 9 13 11 14 8 2 4 6 3 7 5 1 17 20 | 17 1 5 7 3 6 4 2 8 14 11 13 9 12 10 15 18 16 20
1 5 2 6 4 8 14 12 10 13 9 11 15 17 19 3 7 16 18 20 | 18 16 7 3 1 5 2 6 4 8 14 12 10 13 9 11 15 17 20
10 13 9 11 15 17 19 12 14 8 4 6 2 5 1 3 7 16 18 20 | 18 16 7 3 1 5 2 6 4 8 14 12 10 13 9 11 15 17 20
6 4 8 14 12 10 13 9 11 15 17 19 2 5 1 3 7 16 18 20 | 18 16 7 3 1 5 2 6 4 8 14 12 10 13 9 11 15 17 20
3 1 5 2 6 4 8 14 12 10 13 9 11 15 17 19 7 16 18 20 | 18 16 7 3 1 5 2 6 4 8 14 12 10 13 9 11 15 17 20
8 14 12 10 13 9 11 15 17 19 4 6 2 5 1 3 7 16 18 20 | 18 16 7 3 1 5 2 6 4 8 14 12 10 13 9 11 15 17 20
9 11 15 17 19 13 10 12 14 8 4 6 2 5 1 3 7 16 18 20 | 18 16 7 3 1 5 2 6 4 8 14 12 10 13 9 11 15 17 20
13 9 11 15 17 19 10 12 14 8 4 6 2 5 1 3 7 16 18 20 | 18 16 7 3 1 5 2 6 4 8 14 12 10 13 9 11 15 17 20
2 7 4 8 12 14 10 13 11 9 15 18 16 19 5 3 6 1 17 20 | 17 1 6 3 5 2 7 4 8 12 14 10 13 11 9 15 18 16 20
16 19 18 15 9 11 13 10 14 12 8 4 7 2 5 3 6 1 17 20 | 17 1 6 3 5 2 7 4 8 12 14 10 13 11 9 15 18 16 20
6 3 5 2 7 4 8 12 14 10 13 11 9 15 18 16 19 1 17 20 | 17 1 6 3 5 2 7 4 8 12 14 10 13 11 9 15 18 16 20
7 4 8 12 14 10 13 11 9 15 18 16 19 2 5 3 6 1 17 20 | 17 1 6 3 5 2 7 4 8 12 14 10 13 11 9 15 18 16 20
13 11 9 15 18 16 19 10 14 12 8 4 7 2 5 3 6 1 17 20 | 17 1 6 3 5 2 7 4 8 12 14 10 13 11 9 15 18 16 20
12 14 10 13 11 9 15 18 16 19 8 4 7 2 5 3 6 1 17 20 | 17 1 6 3 5 2 7 4 8 12 14 10 13 11 9 15 18 16 20
1 4 2 7 10 13 8 11 14 9 12 15 17 19 6 3 5 16 18 20 | 18 16 5 3 6 1 4 2 7 10 13 8 11 14 9 12 15 17 20
12 15 17 19 9 14 11 8 13 10 7 2 4 1 6 3 5 16 18 20 | 18 16 5 3 6 1 4 2 7 10 13 8 11 14 9 12 15 17 20
11 14 9 12 15 17 19 8 13 10 7 2 4 1 6 3 5 16 18 20 | 18 16 5 3 6 1 4 2 7 10 13 8 11 14 9 12 15 17 20
4 2 7 10 13 8 11 14 9 12 15 17 19 1 6 3 5 16 18 20 | 18 16 5 3 6 1 4 2 7 10 13 8 11 14 9 12 15 17 20
2 7 10 13 8 11 14 9 12 15 17 19 4 1 6 3 5 16 18 20 | 18 16 5 3 6 1 4 2 7 10 13 8 11 14 9 12 15 17 20
7 10 13 8 11 14 9 12 15 17 19 2 4 1 6 3 5 16 18 20 | 18 16 5 3 6 1 4 2 7 10 13 8 11 14 9 12 15 17 20
3 6 1 4 2 7 10 13 8 11 14 9 12 15 17 19 5 16 18 20 | 18 16 5 3 6 1 4 2 7 10 13 8 11 14 9 12 15 17 20
2 8 14 11 13 9 12 10 15 18 16 19 4 6 3 5 7 1 17 20 | 17 1 7 5 3 6 4 2 8 14 11 13 9 12 10 15 18 16 20
5 3 6 4 2 8 14 11 13 9 12 10 15 18 16 19 7 1 17 20 | 17 1 7 5 3 6 4 2 8 14 11 13 9 12 10 15 18 16 20
7 5 3 6 4 2 8 14 11 13 9 12 10 15 18 16 19 1 17 20 | 17 1 7 5 3 6 4 2 8 14 11 13 9 12 10 15 18 16 20
8 14 11 13 9 12 10 15 18 16 19 2 4 6 3 5 7 1 17 20 | 17 1 7 5 3 6 4 2 8 14 11 13 9 12 10 15 18 16 20
12 10 15 18 16 19 9 13 11 14 8 2 4 6 3 5 7 1 17 20 | 17 1 7 5 3 6 4 2 8 14 11 13 9 12 10 15 18 16 20
10 15 18 16 19 12 9 13 11 14 8 2 4 6 3 5 7 1 17 20 | 17 1 7 5 3 6 4 2 8 14 11 13 9 12 10 15 18 16 20
1 6 3 8 12 9 14 11 13 10 15 17 19 4 7 2 5 16 18 20 | 18 16 5 2 7 4 1 6 3 8 12 9 14 11 13 10 15 17 20
6 3 8 12 9 14 11 13 10 15 17 19 1 4 7 2 5 16 18 20 | 18 16 5 2 7 4 1 6 3 8 12 9 14 11 13 10 15 17 20
13 10 15 17 19 11 14 9 12 8 3 6 1 4 7 2 5 16 18 20 | 18 16 5 2 7 4 1 6 3 8 12 9 14 11 13 10 15 17 20
14 11 13 10 15 17 19 9 12 8 3 6 1 4 7 2 5 16 18 20 | 18 16 5 2 7 4 1 6 3 8 12 9 14 11 13 10 15 17 20
4 1 6 3 8 12 9 14 11 13 10 15 17 19 7 2 5 16 18 20 | 18 16 5 2 7 4 1 6 3 8 12 9 14 11 13 10 15 17 20
2 7 4 1 6 3 8 12 9 14 11 13 10 15 17 19 5 16 18 20 | 18 16 5 2 7 4 1 6 3 8 12 9 14 11 13 10 15 17 20
1 5 2 8 12 14 10 13 11 9 15 18 16 19 7 3 6 4 17 20 | 17 4 6 3 7 1 5 2 8 12 14 10 13 11 9 15 18 16 20
2 8 12 14 10 13 11 9 15 18 16 19 5 1 7 3 6 4 17 20 | 17 4 6 3 7 1 5 2 8 12 14 10 13 11 9 15 18 16 20
11 9 15 18 16 19 13 10 14 12 8 2 5 1 7 3 6 4 17 20 | 17 4 6 3 7 1 5 2 8 12 14 10 13 11 9 15 18 16 20
3 7 1 5 2 8 12 14 10 13 11 9 15 18 16 19 6 4 17 20 | 17 4 6 3 7 1 5 2 8 12 14 10 13 11 9 15 18 16 20
7 1 5 2 8 12 14 10 13 11 9 15 18 16 19 3 6 4 17 20 | 17 4 6 3 7 1 5 2 8 12 14 10 13 11 9 15 18 16 20
1 8 14 12 10 13 9 11 15 18 16 19 6 4 7 2 5 3 17 20 | 17 3 5 2 7 4 6 1 8 14 12 10 13 9 11 15 18 16 20
2 7 4 6 1 8 14 12 10 13 9 11 15 18 16 19 5 3 17 20 | 17 3 5 2 7 4 6 1 8 14 12 10 13 9 11 15 18 16 20
11 15 18 16 19 9 13 10 12 14 8 1 6 4 7 2 5 3 17 20 | 17 3 5 2 7 4 6 1 8 14 12 10 13 9 11 15 18 16 20
5 2 7 4 6 1 8 14 12 10 13 9 11 15 18 16 19 3 17 20 | 17 3 5 2 7 4 6 1 8 14 12 10 13 9 11 15 18 16 20
6 1 8 14 12 10 13 9 11 15 18 16 19 4 7 2 5 3 17 20 | 17 3 5 2 7 4 6 1 8 14 12 10 13 9 11 15 18 16 20
8 14 12 10 13 9 11 15 18 16 19 1 6 4 7 2 5 3 17 20 | 17 3 5 2 7 4 6 1 8 14 12 10 13 9 11 15 18 16 20
6 1 4 7 2 5 8 12 14 10 13 11 9 15 18 16 19 3 17 20 | 17 3 6 1 4 7 2 5 8 12 14 10 13 11 9 15 18 16 20
12 14 10 13 11 9 15 18 16 19 8 5 2 7 4 1 6 3 17 20 | 17 3 6 1 4 7 2 5 8 12 14 10 13 11 9 15 18 16 20
5 8 12 14 10 13 11 9 15 18 16 19 2 7 4 1 6 3 17 20 | 17 3 6 1 4 7 2 5 8 12 14 10 13 11 9 15 18 16 20
14 10 13 11 9 15 18 16 19 12 8 5 2 7 4 1 6 3 17 20 | 17 3 6 1 4 7 2 5 8 12 14 10 13 11 9 15 18 16 20
11 15 17 19 13 2 14 10 7 4 8 5 9 6 3 12 1 16 18 20 | 18 16 1 12 3 6 9 5 8 4 7 10 14 2 13 11 15 17 20
14 2 13 11 15 17 19 10 7 4 8 5 9 6 3 12 1 16 18 20 | 18 16 1 12 3 6 9 5 8 4 7 10 14 2 13 11 15 17 20
10 14 2 13 11 15 17 19 7 4 8 5 9 6 3 12 1 16 18 20 | 18 16 1 12 3 6 9 5 8 4 7 10 14 2 13 11 15 17 20
8 4 7 10 14 2 13 11 15 17 19 5 9 6 3 12 1 16 18 20 | 18 16 1 12 3 6 9 5 8 4 7 10 14 2 13 11 15 17 20
3 6 9 5 8 4 7 10 14 2 13 11 15 17 19 12 1 16 18 20 | 18 16 1 12 3 6 9 5 8 4 7 10 14 2 13 11 15 17 20
7 10 14 2 13 11 15 17 19 4 8 5 9 6 3 12 1 16 18 20 | 18 16 1 12 3 6 9 5 8 4 7 10 14 2 13 11 15 17 20
9 5 8 4 7 10 14 2 13 11 15 17 19 6 3 12 1 16 18 20 | 18 16 1 12 3 6 9 5 8 4 7 10 14 2 13 11 15 17 20
6 9 5 8 4 7 10 14 2 13 11 15 17 19 3 12 1 16 18 20 | 18 16 1 12 3 6 9 5 8 4 7 10 14 2 13 11 15 17 20
3 8 12 10 14 9 13 11 15 18 16 19 6 4 7 2 5 1 17 20 | 17 1 5 2 7 4 6 3 8 12 10 14 9 13 11 15 18 16 20
12 10 14 9 13 11 15 18 16 19 8 3 6 4 7 2 5 1 17 20 | 17 1 5 2 7 4 6 3 8 12 10 14 9 13 11 15 18 16 20
6 3 8 12 10 14 9 13 11 15 18 16 19 4 7 2 5 1 17 20 | 17 1 5 2 7 4 6 3 8 12 10 14 9 13 11 15 18 16 20
13 11 15 18 16 19 9 14 10 12 8 3 6 4 7 2 5 1 17 20 | 17 1 5 2 7 4 6 3 8 12 10 14 9 13 11 15 18 16 20
2 7 4 6 3 8 12 10 14 9 13 11 15 18 16 19 5 1 17 20 | 17 1 5 2 7 4 6 3 8 12 10 14 9 13 11 15 18 16 20
8 12 10 14 9 13 11 15 18 16 19 3 6 4 7 2 5 1 17 20 | 17 1 5 2 7 4 6 3 8 12 10 14 9 13 11 15 18 16 20
7 4 6 3 8 12 10 14 9 13 11 15 18 16 19 2 5 1 17 20 | 17 1 5 2 7 4 6 3 8 12 10 14 9 13 11 15 18 16 20
1 15 17 19 13 8 5 10 3 12 7 4 11 6 9 2 14 16 18 20 | 18 16 14 2 9 6 11 4 7 12 3 10 5 8 13 1 15 17 20
8 13 1 15 17 19 5 10 3 12 7 4 11 6 9 2 14 16 18 20 | 18 16 14 2 9 6 11 4 7 12 3 10 5 8 13 1 15 17 20
12 3 10 5 8 13 1 15 17 19 7 4 11 6 9 2 14 16 18 20 | 18 16 14 2 9 6 11 4 7 12 3 10 5 8 13 1 15 17 20
10 5 8 13 1 15 17 19 3 12 7 4 11 6 9 2 14 16 18 20 | 18 16 14 2 9 6 11 4 7 12 3 10 5 8 13 1 15 17 20
6 11 4 7 12 3 10 5 8 13 1 15 17 19 9 2 14 16 18 20 | 18 16 14 2 9 6 11 4 7 12 3 10 5 8 13 1 15 17 20
11 4 7 12 3 10 5 8 13 1 15 17 19 6 9 2 14 16 18 20 | 18 16 14 2 9 6 11 4 7 12 3 10 5 8 13 1 15 17 20
4 7 12 3 10 5 8 13 1 15 17 19 11 6 9 2 14 16 18 20 | 18 16 14 2 9 6 11 4 7 12 3 10 5 8 13 1 15 17 20
9 6 11 4 7 12 3 10 5 8 13 1 15 17 19 2 14 16 18 20 | 18 16 14 2 9 6 11 4 7 12 3 10 5 8 13 1 15 17 20
13 1 15 17 19 8 5 10 3 12 7 4 11 6 9 2 14 16 18 20 | 18 16 14 2 9 6 11 4 7 12 3 10 5 8 13 1 15 17 20
1 13 3 15 17 19 4 10 7 9 5 8 6 11 14 2 12 16 18 20 | 18 16 12 2 14 11 6 8 5 9 7 10 4 1 13 3 15 17 20
9 7 10 4 1 13 3 15 17 19 5 8 6 11 14 2 12 16 18 20 | 18 16 12 2 14 11 6 8 5 9 7 10 4 1 13 3 15 17 20
6 8 5 9 7 10 4 1 13 3 15 17 19 11 14 2 12 16 18 20 | 18 16 12 2 14 11 6 8 5 9 7 10 4 1 13 3 15 17 20
13 3 15 17 19 1 4 10 7 9 5 8 6 11 14 2 12 16 18 20 | 18 16 12 2 14 11 6 8 5 9 7 10 4 1 13 3 15 17 20
2 14 11 6 8 5 9 7 10 4 1 13 3 15 17 19 12 16 18 20 | 18 16 12 2 14 11 6 8 5 9 7 10 4 1 13 3 15 17 20
10 4 1 13 3 15 17 19 7 9 5 8 6 11 14 2 12 16 18 20 | 18 16 12 2 14 11 6 8 5 9 7 10 4 1 13 3 15 17 20
8 5 9 7 10 4 1 13 3 15 17 19 6 11 14 2 12 16 18 20 | 18 16 12 2 14 11 6 8 5 9 7 10 4 1 13 3 15 17 20
14 11 6 8 5 9 7 10 4 1 13 3 15 17 19 2 12 16 18 20 | 18 16 12 2 14 11 6 8 5 9 7 10 4 1 13 3 15 17 20
2 7 4 8 14 12 10 13 11 9 15 18 16 19 5 3 6 1 17 20 | 17 1 6 3 5 2 7 4 8 14 12 10 13 11 9 15 18 16 20
7 4 8 14 12 10 13 11 9 15 18 16 19 2 5 3 6 1 17 20 | 17 1 6 3 5 2 7 4 8 14 12 10 13 11 9 15 18 16 20
5 2 7 4 8 14 12 10 13 11 9 15 18 16 19 3 6 1 17 20 | 17 1 6 3 5 2 7 4 8 14 12 10 13 11 9 15 18 16 20
3 5 2 7 4 8 14 12 10 13 11 9 15 18 16 19 6 1 17 20 | 17 1 6 3 5 2 7 4 8 14 12 10 13 11 9 15 18 16 20
11 9 15 18 16 19 13 10 12 14 8 4 7 2 5 3 6 1 17 20 | 17 1 6 3 5 2 7 4 8 14 12 10 13 11 9 15 18 16 20
13 11 9 15 18 16 19 10 12 14 8 4 7 2 5 3 6 1 17 20 | 17 1 6 3 5 2 7 4 8 14 12 10 13 11 9 15 18 16 20
5 2 4 8 12 14 10 13 11 9 15 18 16 19 7 3 6 1 17 20 | 17 1 6 3 7 5 2 4 8 12 14 10 13 11 9 15 18 16 20
14 10 13 11 9 15 18 16 19 12 8 4 2 5 7 3 6 1 17 20 | 17 1 6 3 7 5 2 4 8 12 14 10 13 11 9 15 18 16 20
16 19 18 15 9 11 13 10 14 12 8 4 2 5 7 3 6 1 17 20 | 17 1 6 3 7 5 2 4 8 12 14 10 13 11 9 15 18 16 20
6 3 7 5 2 4 8 12 14 10 13 11 9 15 18 16 19 1 17 20 | 17 1 6 3 7 5 2 4 8 12 14 10 13 11 9 15 18 16 20
2 4 8 12 14 10 13 11 9 15 18 16 19 5 7 3 6 1 17 20 | 17 1 6 3 7 5 2 4 8 12 14 10 13 11 9 15 18 16 20
1 5 2 8 14 12 10 13 11 9 15 17 19 7 3 6 4 16 18 20 | 18 16 4 6 3 7 1 5 2 8 14 12 10 13 11 9 15 17 20
3 7 1 5 2 8 14 12 10 13 11 9 15 17 19 6 4 16 18 20 | 18 16 4 6 3 7 1 5 2 8 14 12 10 13 11 9 15 17 20
8 14 12 10 13 11 9 15 17 19 2 5 1 7 3 6 4 16 18 20 | 18 16 4 6 3 7 1 5 2 8 14 12 10 13 11 9 15 17 20
5 2 8 14 12 10 13 11 9 15 17 19 1 7 3 6 4 16 18 20 | 18 16 4 6 3 7 1 5 2 8 14 12 10 13 11 9 15 17 20
14 12 10 13 11 9 15 17 19 8 2 5 1 7 3 6 4 16 18 20 | 18 16 4 6 3 7 1 5 2 8 14 12 10 13 11 9 15 17 20
11 9 15 17 19 13 10 12 14 8 2 5 1 7 3 6 4 16 18 20 | 18 16 4 6 3 7 1 5 2 8 14 12 10 13 11 9 15 17 20
7 1 5 2 8 14 12 10 13 11 9 15 17 19 3 6 4 16 18 20 | 18 16 4 6 3 7 1 5 2 8 14 12 10 13 11 9 15 17 20
1 6 3 8 12 14 10 13 11 9 15 18 16 19 4 7 2 5 17 20 | 17 5 2 7 4 1 6 3 8 12 14 10 13 11 9 15 18 16 20
3 8 12 14 10 13 11 9 15 18 16 19 6 1 4 7 2 5 17 20 | 17 5 2 7 4 1 6 3 8 12 14 10 13 11 9 15 18 16 20
14 10 13 11 9 15 18 16 19 12 8 3 6 1 4 7 2 5 17 20 | 17 5 2 7 4 1 6 3 8 12 14 10 13 11 9 15 18 16 20
12 14 10 13 11 9 15 18 16 19 8 3 6 1 4 7 2 5 17 20 | 17 5 2 7 4 1 6 3 8 12 14 10 13 11 9 15 18 16 20
1 13 3 15 18 16 19 4 9 6 10 8 5 7 11 14 2 12 17 20 | 17 12 2 14 11 7 5 8 10 6 9 4 1 13 3 15 18 16 20
3 15 18 16 19 13 1 4 9 6 10 8 5 7 11 14 2 12 17 20 | 17 12 2 14 11 7 5 8 10 6 9 4 1 13 3 15 18 16 20
2 14 11 7 5 8 10 6 9 4 1 13 3 15 18 16 19 12 17 20 | 17 12 2 14 11 7 5 8 10 6 9 4 1 13 3 15 18 16 20
13 3 15 18 16 19 1 4 9 6 10 8 5 7 11 14 2 12 17 20 | 17 12 2 14 11 7 5 8 10 6 9 4 1 13 3 15 18 16 20
10 6 9 4 1 13 3 15 18 16 19 8 5 7 11 14 2 12 17 20 | 17 12 2 14 11 7 5 8 10 6 9 4 1 13 3 15 18 16 20
5 8 10 6 9 4 1 13 3 15 18 16 19 7 11 14 2 12 17 20 | 17 12 2 14 11 7 5 8 10 6 9 4 1 13 3 15 18 16 20
7 5 8 10 6 9 4 1 13 3 15 18 16 19 11 14 2 12 17 20 | 17 12 2 14 11 7 5 8 10 6 9 4 1 13 3 15 18 16 20
14 11 7 5 8 10 6 9 4 1 13 3 15 18 16 19 2 12 17 20 | 17 12 2 14 11 7 5 8 10 6 9 4 1 13 3 15 18 16 20
4 1 13 3 15 18 16 19 9 6 10 8 5 7 11 14 2 12 17 20 | 17 12 2 14 11 7 5 8 10 6 9 4 1 13 3 15 18 16 20
9 15 17 19 11 13 10 12 14 8 2 4 6 3 7 5 1 16 18 20 | 18 16 1 5 7 3 6 4 2 8 14 12 10 13 11 9 15 17 20
13 11 9 15 17 19 10 12 14 8 2 4 6 3 7 5 1 16 18 20 | 18 16 1 5 7 3 6 4 2 8 14 12 10 13 11 9 15 17 20
14 12 10 13 11 9 15 17 19 8 2 4 6 3 7 5 1 16 18 20 | 18 16 1 5 7 3 6 4 2 8 14 12 10 13 11 9 15 17 20
7 3 6 4 2 8 14 12 10 13 11 9 15 17 19 5 1 16 18 20 | 18 16 1 5 7 3 6 4 2 8 14 12 10 13 11 9 15 17 20
4 2 8 14 12 10 13 11 9 15 17 19 6 3 7 5 1 16 18 20 | 18 16 1 5 7 3 6 4 2 8 14 12 10 13 11 9 15 17 20
10 13 11 9 15 17 19 12 14 8 2 4 6 3 7 5 1 16 18 20 | 18 16 1 5 7 3 6 4 2 8 14 12 10 13 11 9 15 17 20
1 5 2 6 4 8 14 12 10 13 11 9 15 18 16 19 3 7 17 20 | 17 7 3 1 5 2 6 4 8 14 12 10 13 11 9 15 18 16 20
3 1 5 2 6 4 8 14 12 10 13 11 9 15 18 16 19 7 17 20 | 17 7 3 1 5 2 6 4 8 14 12 10 13 11 9 15 18 16 20
6 4 8 14 12 10 13 11 9 15 18 16 19 2 5 1 3 7 17 20 | 17 7 3 1 5 2 6 4 8 14 12 10 13 11 9 15 18 16 20
16 19 18 15 9 11 13 10 12 14 8 4 6 2 5 1 3 7 17 20 | 17 7 3 1 5 2 6 4 8 14 12 10 13 11 9 15 18 16 20
14 12 10 13 11 9 15 18 16 19 8 4 6 2 5 1 3 7 17 20 | 17 7 3 1 5 2 6 4 8 14 12 10 13 11 9 15 18 16 20
2 6 4 8 14 12 10 13 11 9 15 18 16 19 5 1 3 7 17 20 | 17 7 3 1 5 2 6 4 8 14 12 10 13 11 9 15 18 16 20
1 6 3 8 14 11 13 10 12 9 15 18 16 19 4 7 2 5 17 20 | 17 5 2 7 4 1 6 3 8 14 11 13 10 12 9 15 18 16 20
2 7 4 1 6 3 8 14 11 13 10 12 9 15 18 16 19 5 17 20 | 17 5 2 7 4 1 6 3 8 14 11 13 10 12 9 15 18 16 20
4 1 6 3 8 14 11 13 10 12 9 15 18 16 19 7 2 5 17 20 | 17 5 2 7 4 1 6 3 8 14 11 13 10 12 9 15 18 16 20
14 11 13 10 12 9 15 18 16 19 8 3 6 1 4 7 2 5 17 20 | 17 5 2 7 4 1 6 3 8 14 11 13 10 12 9 15 18 16 20
6 3 8 14 11 13 10 12 9 15 18 16 19 1 4 7 2 5 17 20 | 17 5 2 7 4 1 6 3 8 14 11 13 10 12 9 15 18 16 20
16 19 18 15 9 12 10 13 11 14 8 3 6 1 4 7 2 5 17 20 | 17 5 2 7 4 1 6 3 8 14 11 13 10 12 9 15 18 16 20
3 8 14 11 13 10 12 9 15 18 16 19 6 1 4 7 2 5 17 20 | 17 5 2 7 4 1 6 3 8 14 11 13 10 12 9 15 18 16 20
6 4 2 8 13 11 14 10 12 9 15 18 16 19 3 7 5 1 17 20 | 17 1 5 7 3 6 4 2 8 13 11 14 10 12 9 15 18 16 20
5 7 3 6 4 2 8 13 11 14 10 12 9 15 18 16 19 1 17 20 | 17 1 5 7 3 6 4 2 8 13 11 14 10 12 9 15 18 16 20
7 3 6 4 2 8 13 11 14 10 12 9 15 18 16 19 5 1 17 20 | 17 1 5 7 3 6 4 2 8 13 11 14 10 12 9 15 18 16 20
3 5 2 8 14 11 13 10 12 9 15 17 19 6 4 7 1 16 18 20 | 18 16 1 7 4 6 3 5 2 8 14 11 13 10 12 9 15 17 20
10 12 9 15 17 19 13 11 14 8 2 5 3 6 4 7 1 16 18 20 | 18 16 1 7 4 6 3 5 2 8 14 11 13 10 12 9 15 17 20
13 10 12 9 15 17 19 11 14 8 2 5 3 6 4 7 1 16 18 20 | 18 16 1 7 4 6 3 5 2 8 14 11 13 10 12 9 15 17 20
4 6 3 5 2 8 14 11 13 10 12 9 15 17 19 7 1 16 18 20 | 18 16 1 7 4 6 3 5 2 8 14 11 13 10 12 9 15 17 20
14 11 13 10 12 9 15 17 19 8 2 5 3 6 4 7 1 16 18 20 | 18 16 1 7 4 6 3 5 2 8 14 11 13 10 12 9 15 17 20
6 3 5 2 8 14 11 13 10 12 9 15 17 19 4 7 1 16 18 20 | 18 16 1 7 4 6 3 5 2 8 14 11 13 10 12 9 15 17 20
9 15 18 16 19 12 10 13 11 14 8 4 6 2 7 3 5 1 17 20 | 17 1 5 3 7 2 6 4 8 14 11 13 10 12 9 15 18 16 20
3 7 2 6 4 8 14 11 13 10 12 9 15 18 16 19 5 1 17 20 | 17 1 5 3 7 2 6 4 8 14 11 13 10 12 9 15 18 16 20
6 4 8 14 11 13 10 12 9 15 18 16 19 2 7 3 5 1 17 20 | 17 1 5 3 7 2 6 4 8 14 11 13 10 12 9 15 18 16 20
10 12 9 15 18 16 19 13 11 14 8 4 6 2 7 3 5 1 17 20 | 17 1 5 3 7 2 6 4 8 14 11 13 10 12 9 15 18 16 20
5 3 7 2 6 4 8 14 11 13 10 12 9 15 18 16 19 1 17 20 | 17 1 5 3 7 2 6 4 8 14 11 13 10 12 9 15 18 16 20
12 9 15 18 16 19 10 13 11 14 8 4 6 2 7 3 5 1 17 20 | 17 1 5 3 7 2 6 4 8 14 11 13 10 12 9 15 18 16 20
13 10 12 9 15 18 16 19 11 14 8 4 6 2 7 3 5 1 17 20 | 17 1 5 3 7 2 6 4 8 14 11 13 10 12 9 15 18 16 20
8 14 11 13 10 12 9 15 18 16 19 4 6 2 7 3 5 1 17 20 | 17 1 5 3 7 2 6 4 8 14 11 13 10 12 9 15 18 16 20
8 14 11 13 10 12 9 15 17 19 3 6 4 7 2 5 1 16 18 20 | 18 16 1 5 2 7 4 6 3 8 14 11 13 10 12 9 15 17 20
4 6 3 8 14 11 13 10 12 9 15 17 19 7 2 5 1 16 18 20 | 18 16 1 5 2 7 4 6 3 8 14 11 13 10 12 9 15 17 20
7 4 6 3 8 14 11 13 10 12 9 15 17 19 2 5 1 16 18 20 | 18 16 1 5 2 7 4 6 3 8 14 11 13 10 12 9 15 17 20
13 10 12 9 15 17 19 11 14 8 3 6 4 7 2 5 1 16 18 20 | 18 16 1 5 2 7 4 6 3 8 14 11 13 10 12 9 15 17 20
14 11 13 10 12 9 15 17 19 8 3 6 4 7 2 5 1 16 18 20 | 18 16 1 5 2 7 4 6 3 8 14 11 13 10 12 9 15 17 20
6 3 8 14 11 13 10 12 9 15 17 19 4 7 2 5 1 16 18 20 | 18 16 1 5 2 7 4 6 3 8 14 11 13 10 12 9 15 17 20
2 7 4 6 3 8 14 11 13 10 12 9 15 17 19 5 1 16 18 20 | 18 16 1 5 2 7 4 6 3 8 14 11 13 10 12 9 15 17 20
9 15 17 19 12 10 13 11 14 8 3 6 4 7 2 5 1 16 18 20 | 18 16 1 5 2 7 4 6 3 8 14 11 13 10 12 9 15 17 20
8 13 11 14 10 12 9 15 18 16 19 6 2 4 7 3 5 1 17 20 | 17 1 5 3 7 4 2 6 8 13 11 14 10 12 9 15 18 16 20
4 2 6 8 13 11 14 10 12 9 15 18 16 19 7 3 5 1 17 20 | 17 1 5 3 7 4 2 6 8 13 11 14 10 12 9 15 18 16 20
11 14 10 12 9 15 18 16 19 13 8 6 2 4 7 3 5 1 17 20 | 17 1 5 3 7 4 2 6 8 13 11 14 10 12 9 15 18 16 20
5 3 7 4 2 6 8 13 11 14 10 12 9 15 18 16 19 1 17 20 | 17 1 5 3 7 4 2 6 8 13 11 14 10 12 9 15 18 16 20
3 7 4 2 6 8 13 11 14 10 12 9 15 18 16 19 5 1 17 20 | 17 1 5 3 7 4 2 6 8 13 11 14 10 12 9 15 18 16 20
1 10 14 12 15 17 19 4 2 7 5 3 8 6 9 13 11 16 18 20 | 18 16 11 13 9 6 8 3 5 7 2 4 1 10 14 12 15 17 20
2 4 1 10 14 12 15 17 19 7 5 3 8 6 9 13 11 16 18 20 | 18 16 11 13 9 6 8 3 5 7 2 4 1 10 14 12 15 17 20
5 7 2 4 1 10 14 12 15 17 19 3 8 6 9 13 11 16 18 20 | 18 16 11 13 9 6 8 3 5 7 2 4 1 10 14 12 15 17 20
6 8 3 5 7 2 4 1 10 14 12 15 17 19 9 13 11 16 18 20 | 18 16 11 13 9 6 8 3 5 7 2 4 1 10 14 12 15 17 20
4 1 10 14 12 15 17 19 2 7 5 3 8 6 9 13 11 16 18 20 | 18 16 11 13 9 6 8 3 5 7 2 4 1 10 14 12 15 17 20
13 9 6 8 3 5 7 2 4 1 10 14 12 15 17 19 11 16 18 20 | 18 16 11 13 9 6 8 3 5 7 2 4 1 10 14 12 15 17 20
7 2 4 1 10 14 12 15 17 19 5 3 8 6 9 13 11 16 18 20 | 18 16 11 13 9 6 8 3 5 7 2 4 1 10 14 12 15 17 20
10 14 12 15 17 19 1 4 2 7 5 3 8 6 9 13 11 16 18 20 | 18 16 11 13 9 6 8 3 5 7 2 4 1 10 14 12 15 17 20
1 5 2 6 4 8 12 9 14 11 13 10 15 18 16 19 3 7 17 20 | 17 7 3 1 5 2 6 4 8 12 9 14 11 13 10 15 18 16 20
14 11 13 10 15 18 16 19 9 12 8 4 6 2 5 1 3 7 17 20 | 17 7 3 1 5 2 6 4 8 12 9 14 11 13 10 15 18 16 20
2 6 4 8 12 9 14 11 13 10 15 18 16 19 5 1 3 7 17 20 | 17 7 3 1 5 2 6 4 8 12 9 14 11 13 10 15 18 16 20
8 12 9 14 11 13 10 15 18 16 19 4 6 2 5 1 3 7 17 20 | 17 7 3 1 5 2 6 4 8 12 9 14 11 13 10 15 18 16 20
6 4 8 12 9 14 11 13 10 15 18 16 19 2 5 1 3 7 17 20 | 17 7 3 1 5 2 6 4 8 12 9 14 11 13 10 15 18 16 20
9 14 11 13 10 15 18 16 19 12 8 4 6 2 5 1 3 7 17 20 | 17 7 3 1 5 2 6 4 8 12 9 14 11 13 10 15 18 16 20
5 2 6 4 8 12 9 14 11 13 10 15 18 16 19 1 3 7 17 20 | 17 7 3 1 5 2 6 4 8 12 9 14 11 13 10 15 18 16 20
6 10 8 5 11 7 4 9 3 13 1 15 17 19 12 2 14 16 18 20 | 18 16 14 2 12 6 10 8 5 11 7 4 9 3 13 1 15 17 20
15 17 19 1 13 3 9 4 7 11 5 8 10 6 12 2 14 16 18 20 | 18 16 14 2 12 6 10 8 5 11 7 4 9 3 13 1 15 17 20
4 9 3 13 1 15 17 19 7 11 5 8 10 6 12 2 14 16 18 20 | 18 16 14 2 12 6 10 8 5 11 7 4 9 3 13 1 15 17 20
7 4 9 3 13 1 15 17 19 11 5 8 10 6 12 2 14 16 18 20 | 18 16 14 2 12 6 10 8 5 11 7 4 9 3 13 1 15 17 20
8 5 11 7 4 9 3 13 1 15 17 19 10 6 12 2 14 16 18 20 | 18 16 14 2 12 6 10 8 5 11 7 4 9 3 13 1 15 17 20
10 8 5 11 7 4 9 3 13 1 15 17 19 6 12 2 14 16 18 20 | 18 16 14 2 12 6 10 8 5 11 7 4 9 3 13 1 15 17 20
9 3 13 1 15 17 19 4 7 11 5 8 10 6 12 2 14 16 18 20 | 18 16 14 2 12 6 10 8 5 11 7 4 9 3 13 1 15 17 20
12 10 15 18 16 19 9 13 11 14 8 4 7 2 5 3 6 1 17 20 | 17 1 6 3 5 2 7 4 8 14 11 13 9 12 10 15 18 16 20
14 11 13 9 12 10 15 18 16 19 8 4 7 2 5 3 6 1 17 20 | 17 1 6 3 5 2 7 4 8 14 11 13 9 12 10 15 18 16 20
4 8 14 11 13 9 12 10 15 18 16 19 7 2 5 3 6 1 17 20 | 17 1 6 3 5 2 7 4 8 14 11 13 9 12 10 15 18 16 20
7 4 8 14 11 13 9 12 10 15 18 16 19 2 5 3 6 1 17 20 | 17 1 6 3 5 2 7 4 8 14 11 13 9 12 10 15 18 16 20
8 14 11 13 9 12 10 15 18 16 19 4 7 2 5 3 6 1 17 20 | 17 1 6 3 5 2 7 4 8 14 11 13 9 12 10 15 18 16 20
5 2 7 4 8 14 11 13 9 12 10 15 18 16 19 3 6 1 17 20 | 17 1 6 3 5 2 7 4 8 14 11 13 9 12 10 15 18 16 20
10 15 18 16 19 12 9 13 11 14 8 4 7 2 5 3 6 1 17 20 | 17 1 6 3 5 2 7 4 8 14 11 13 9 12 10 15 18 16 20
1 8 13 11 14 10 12 9 15 17 19 6 4 7 2 5 3 16 18 20 | 18 16 3 5 2 7 4 6 1 8 13 11 14 10 12 9 15 17 20
11 14 10 12 9 15 17 19 13 8 1 6 4 7 2 5 3 16 18 20 | 18 16 3 5 2 7 4 6 1 8 13 11 14 10 12 9 15 17 20
7 4 6 1 8 13 11 14 10 12 9 15 17 19 2 5 3 16 18 20 | 18 16 3 5 2 7 4 6 1 8 13 11 14 10 12 9 15 17 20
5 2 7 4 6 1 8 13 11 14 10 12 9 15 17 19 3 16 18 20 | 18 16 3 5 2 7 4 6 1 8 13 11 14 10 12 9 15 17 20
4 6 1 8 13 11 14 10 12 9 15 17 19 7 2 5 3 16 18 20 | 18 16 3 5 2 7 4 6 1 8 13 11 14 10 12 9 15 17 20
12 9 15 17 19 10 14 11 13 8 1 6 4 7 2 5 3 16 18 20 | 18 16 3 5 2 7 4 6 1 8 13 11 14 10 12 9 15 17 20
8 13 11 14 10 12 9 15 17 19 1 6 4 7 2 5 3 16 18 20 | 18 16 3 5 2 7 4 6 1 8 13 11 14 10 12 9 15 17 20
9 15 17 19 12 10 14 11 13 8 1 6 4 7 2 5 3 16 18 20 | 18 16 3 5 2 7 4 6 1 8 13 11 14 10 12 9 15 17 20
6 3 5 2 8 14 11 13 9 12 10 15 17 19 4 7 1 16 18 20 | 18 16 1 7 4 6 3 5 2 8 14 11 13 9 12 10 15 17 20
13 9 12 10 15 17 19 11 14 8 2 5 3 6 4 7 1 16 18 20 | 18 16 1 7 4 6 3 5 2 8 14 11 13 9 12 10 15 17 20
7 4 6 3 5 2 8 14 11 13 9 12 10 15 17 19 1 16 18 20 | 18 16 1 7 4 6 3 5 2 8 14 11 13 9 12 10 15 17 20
5 2 8 14 11 13 9 12 10 15 17 19 3 6 4 7 1 16 18 20 | 18 16 1 7 4 6 3 5 2 8 14 11 13 9 12 10 15 17 20
12 10 15 17 19 9 13 11 14 8 2 5 3 6 4 7 1 16 18 20 | 18 16 1 7 4 6 3 5 2 8 14 11 13 9 12 10 15 17 20
9 12 10 15 17 19 13 11 14 8 2 5 3 6 4 7 1 16 18 20 | 18 16 1 7 4 6 3 5 2 8 14 11 13 9 12 10 15 17 20
4 6 3 5 2 8 14 11 13 9 12 10 15 17 19 7 1 16 18 20 | 18 16 1 7 4 6 3 5 2 8 14 11 13 9 12 10 15 17 20
12 10 15 17 19 9 13 11 14 8 2 4 6 3 5 7 1 16 18 20 | 18 16 1 7 5 3 6 4 2 8 14 11 13 9 12 10 15 17 20
6 4 2 8 14 11 13 9 12 10 15 17 19 3 5 7 1 16 18 20 | 18 16 1 7 5 3 6 4 2 8 14 11 13 9 12 10 15 17 20
8 14 11 13 9 12 10 15 17 19 2 4 6 3 5 7 1 16 18 20 | 18 16 1 7 5 3 6 4 2 8 14 11 13 9 12 10 15 17 20
3 6 4 2 8 14 11 13 9 12 10 15 17 19 5 7 1 16 18 20 | 18 16 1 7 5 3 6 4 2 8 14 11 13 9 12 10 15 17 20
4 2 8 14 11 13 9 12 10 15 17 19 6 3 5 7 1 16 18 20 | 18 16 1 7 5 3 6 4 2 8 14 11 13 9 12 10 15 17 20
14 11 13 9 12 10 15 17 19 8 2 4 6 3 5 7 1 16 18 20 | 18 16 1 7 5 3 6 4 2 8 14 11 13 9 12 10 15 17 20
16 19 18 15 11 9 13 10 12 14 8 4 6 2 7 3 5 1 17 20 | 17 1 5 3 7 2 6 4 8 14 12 10 13 9 11 15 18 16 20
3 7 2 6 4 8 14 12 10 13 9 11 15 18 16 19 5 1 17 20 | 17 1 5 3 7 2 6 4 8 14 12 10 13 9 11 15 18 16 20
7 2 6 4 8 14 12 10 13 9 11 15 18 16 19 3 5 1 17 20 | 17 1 5 3 7 2 6 4 8 14 12 10 13 9 11 15 18 16 20
4 8 14 12 10 13 9 11 15 18 16 19 6 2 7 3 5 1 17 20 | 17 1 5 3 7 2 6 4 8 14 12 10 13 9 11 15 18 16 20
2 6 4 8 14 12 10 13 9 11 15 18 16 19 7 3 5 1 17 20 | 17 1 5 3 7 2 6 4 8 14 12 10 13 9 11 15 18 16 20
5 3 7 2 6 4 8 14 12 10 13 9 11 15 18 16 19 1 17 20 | 17 1 5 3 7 2 6 4 8 14 12 10 13 9 11 15 18 16 20
8 10 14 12 9 13 11 15 17 19 2 4 6 3 7 5 1 16 18 20 | 18 16 1 5 7 3 6 4 2 8 10 14 12 9 13 11 15 17 20
14 12 9 13 11 15 17 19 10 8 2 4 6 3 7 5 1 16 18 20 | 18 16 1 5 7 3 6 4 2 8 10 14 12 9 13 11 15 17 20
6 4 2 8 10 14 12 9 13 11 15 17 19 3 7 5 1 16 18 20 | 18 16 1 5 7 3 6 4 2 8 10 14 12 9 13 11 15 17 20
11 15 17 19 13 9 12 14 10 8 2 4 6 3 7 5 1 16 18 20 | 18 16 1 5 7 3 6 4 2 8 10 14 12 9 13 11 15 17 20
4 2 8 10 14 12 9 13 11 15 17 19 6 3 7 5 1 16 18 20 | 18 16 1 5 7 3 6 4 2 8 10 14 12 9 13 11 15 17 20
3 6 4 2 8 10 14 12 9 13 11 15 17 19 7 5 1 16 18 20 | 18 16 1 5 7 3 6 4 2 8 10 14 12 9 13 11 15 17 20
2 8 10 14 12 9 13 11 15 17 19 4 6 3 7 5 1 16 18 20 | 18 16 1 5 7 3 6 4 2 8 10 14 12 9 13 11 15 17 20
2 7 4 8 14 12 10 13 9 11 15 18 16 19 5 3 6 1 17 20 | 17 1 6 3 5 2 7 4 8 14 12 10 13 9 11 15 18 16 20
8 14 12 10 13 9 11 15 18 16 19 4 7 2 5 3 6 1 17 20 | 17 1 6 3 5 2 7 4 8 14 12 10 13 9 11 15 18 16 20
16 19 18 15 11 9 13 10 12 14 8 4 7 2 5 3 6 1 17 20 | 17 1 6 3 5 2 7 4 8 14 12 10 13 9 11 15 18 16 20
14 12 10 13 9 11 15 18 16 19 8 4 7 2 5 3 6 1 17 20 | 17 1 6 3 5 2 7 4 8 14 12 10 13 9 11 15 18 16 20
10 13 9 11 15 18 16 19 12 14 8 4 7 2 5 3 6 1 17 20 | 17 1 6 3 5 2 7 4 8 14 12 10 13 9 11 15 18 16 20
13 9 11 15 18 16 19 10 12 14 8 4 7 2 5 3 6 1 17 20 | 17 1 6 3 5 2 7 4 8 14 12 10 13 9 11 15 18 16 20
1 6 3 8 14 12 10 13 11 9 15 17 19 4 7 2 5 16 18 20 | 18 16 5 2 7 4 1 6 3 8 14 12 10 13 11 9 15 17 20
4 1 6 3 8 14 12 10 13 11 9 15 17 19 7 2 5 16 18 20 | 18 16 5 2 7 4 1 6 3 8 14 12 10 13 11 9 15 17 20
10 13 11 9 15 17 19 12 14 8 3 6 1 4 7 2 5 16 18 20 | 18 16 5 2 7 4 1 6 3 8 14 12 10 13 11 9 15 17 20
11 9 15 17 19 13 10 12 14 8 3 6 1 4 7 2 5 16 18 20 | 18 16 5 2 7 4 1 6 3 8 14 12 10 13 11 9 15 17 20
9 15 17 19 11 13 10 12 14 8 3 6 1 4 7 2 5 16 18 20 | 18 16 5 2 7 4 1 6 3 8 14 12 10 13 11 9 15 17 20
3 8 14 12 10 13 11 9 15 17 19 6 1 4 7 2 5 16 18 20 | 18 16 5 2 7 4 1 6 3 8 14 12 10 13 11 9 15 17 20
7 4 1 6 3 8 14 12 10 13 11 9 15 17 19 2 5 16 18 20 | 18 16 5 2 7 4 1 6 3 8 14 12 10 13 11 9 15 17 20
13 11 9 15 17 19 10 12 14 8 3 6 1 4 7 2 5 16 18 20 | 18 16 5 2 7 4 1 6 3 8 14 12 10 13 11 9 15 17 20
4 2 6 8 13 11 14 10 12 9 15 17 19 7 3 5 1 16 18 20 | 18 16 1 5 3 7 4 2 6 8 13 11 14 10 12 9 15 17 20
5 3 7 4 2 6 8 13 11 14 10 12 9 15 17 19 1 16 18 20 | 18 16 1 5 3 7 4 2 6 8 13 11 14 10 12 9 15 17 20
2 6 8 13 11 14 10 12 9 15 17 19 4 7 3 5 1 16 18 20 | 18 16 1 5 3 7 4 2 6 8 13 11 14 10 12 9 15 17 20
8 13 11 14 10 12 9 15 17 19 6 2 4 7 3 5 1 16 18 20 | 18 16 1 5 3 7 4 2 6 8 13 11 14 10 12 9 15 17 20
11 14 10 12 9 15 17 19 13 8 6 2 4 7 3 5 1 16 18 20 | 18 16 1 5 3 7 4 2 6 8 13 11 14 10 12 9 15 17 20
1 4 7 2 5 8 12 10 14 9 13 11 15 18 16 19 6 3 17 20 | 17 3 6 1 4 7 2 5 8 12 10 14 9 13 11 15 18 16 20
4 7 2 5 8 12 10 14 9 13 11 15 18 16 19 1 6 3 17 20 | 17 3 6 1 4 7 2 5 8 12 10 14 9 13 11 15 18 16 20
2 5 8 12 10 14 9 13 11 15 18 16 19 7 4 1 6 3 17 20 | 17 3 6 1 4 7 2 5 8 12 10 14 9 13 11 15 18 16 20
14 9 13 11 15 18 16 19 10 12 8 5 2 7 4 1 6 3 17 20 | 17 3 6 1 4 7 2 5 8 12 10 14 9 13 11 15 18 16 20
13 11 15 18 16 19 9 14 10 12 8 5 2 7 4 1 6 3 17 20 | 17 3 6 1 4 7 2 5 8 12 10 14 9 13 11 15 18 16 20
12 10 14 9 13 11 15 18 16 19 8 5 2 7 4 1 6 3 17 20 | 17 3 6 1 4 7 2 5 8 12 10 14 9 13 11 15 18 16 20
7 3 5 2 8 12 14 10 13 11 9 15 17 19 4 6 1 16 18 20 | 18 16 1 6 4 7 3 5 2 8 12 14 10 13 11 9 15 17 20
3 5 2 8 12 14 10 13 11 9 15 17 19 7 4 6 1 16 18 20 | 18 16 1 6 4 7 3 5 2 8 12 14 10 13 11 9 15 17 20
11 9 15 17 19 13 10 14 12 8 2 5 3 7 4 6 1 16 18 20 | 18 16 1 6 4 7 3 5 2 8 12 14 10 13 11 9 15 17 20
9 15 17 19 11 13 10 14 12 8 2 5 3 7 4 6 1 16 18 20 | 18 16 1 6 4 7 3 5 2 8 12 14 10 13 11 9 15 17 20
14 10 13 11 9 15 17 19 12 8 2 5 3 7 4 6 1 16 18 20 | 18 16 1 6 4 7 3 5 2 8 12 14 10 13 11 9 15 17 20
6 4 7 3 5 2 8 12 14 10 13 11 9 15 17 19 1 16 18 20 | 18 16 1 6 4 7 3 5 2 8 12 14 10 13 11 9 15 17 20
13 9 11 15 17 19 10 12 14 8 3 6 2 4 7 5 1 16 18 20 | 18 16 1 5 7 4 2 6 3 8 14 12 10 13 9 11 15 17 20
7 4 2 6 3 8 14 12 10 13 9 11 15 17 19 5 1 16 18 20 | 18 16 1 5 7 4 2 6 3 8 14 12 10 13 9 11 15 17 20
2 6 3 8 14 12 10 13 9 11 15 17 19 4 7 5 1 16 18 20 | 18 16 1 5 7 4 2 6 3 8 14 12 10 13 9 11 15 17 20
11 15 17 19 9 13 10 12 14 8 3 6 2 4 7 5 1 16 18 20 | 18 16 1 5 7 4 2 6 3 8 14 12 10 13 9 11 15 17 20
6 3 8 14 12 10 13 9 11 15 17 19 2 4 7 5 1 16 18 20 | 18 16 1 5 7 4 2 6 3 8 14 12 10 13 9 11 15 17 20
4 2 6 3 8 14 12 10 13 9 11 15 17 19 7 5 1 16 18 20 | 18 16 1 5 7 4 2 6 3 8 14 12 10 13 9 11 15 17 20
9 11 15 17 19 13 10 12 14 8 3 6 2 4 7 5 1 16 18 20 | 18 16 1 5 7 4 2 6 3 8 14 12 10 13 9 11 15 17 20
5 7 4 2 6 3 8 14 12 10 13 9 11 15 17 19 1 16 18 20 | 18 16 1 5 7 4 2 6 3 8 14 12 10 13 9 11 15 17 20
9 14 11 13 10 15 17 19 12 8 2 5 3 7 4 6 1 16 18 20 | 18 16 1 6 4 7 3 5 2 8 12 9 14 11 13 10 15 17 20
10 15 17 19 13 11 14 9 12 8 2 5 3 7 4 6 1 16 18 20 | 18 16 1 6 4 7 3 5 2 8 12 9 14 11 13 10 15 17 20
2 8 12 9 14 11 13 10 15 17 19 5 3 7 4 6 1 16 18 20 | 18 16 1 6 4 7 3 5 2 8 12 9 14 11 13 10 15 17 20
4 7 3 5 2 8 12 9 14 11 13 10 15 17 19 6 1 16 18 20 | 18 16 1 6 4 7 3 5 2 8 12 9 14 11 13 10 15 17 20
8 12 9 14 11 13 10 15 17 19 2 5 3 7 4 6 1 16 18 20 | 18 16 1 6 4 7 3 5 2 8 12 9 14 11 13 10 15 17 20
6 4 7 3 5 2 8 12 9 14 11 13 10 15 17 19 1 16 18 20 | 18 16 1 6 4 7 3 5 2 8 12 9 14 11 13 10 15 17 20
2 8 14 12 10 13 11 9 15 17 19 5 3 7 4 6 1 16 18 20 | 18 16 1 6 4 7 3 5 2 8 14 12 10 13 11 9 15 17 20
7 3 5 2 8 14 12 10 13 11 9 15 17 19 4 6 1 16 18 20 | 18 16 1 6 4 7 3 5 2 8 14 12 10 13 11 9 15 17 20
9 15 17 19 11 13 10 12 14 8 2 5 3 7 4 6 1 16 18 20 | 18 16 1 6 4 7 3 5 2 8 14 12 10 13 11 9 15 17 20
8 14 12 10 13 11 9 15 17 19 2 5 3 7 4 6 1 16 18 20 | 18 16 1 6 4 7 3 5 2 8 14 12 10 13 11 9 15 17 20
6 4 7 3 5 2 8 14 12 10 13 11 9 15 17 19 1 16 18 20 | 18 16 1 6 4 7 3 5 2 8 14 12 10 13 11 9 15 17 20
5 2 8 14 12 10 13 11 9 15 17 19 3 7 4 6 1 16 18 20 | 18 16 1 6 4 7 3 5 2 8 14 12 10 13 11 9 15 17 20
4 8 14 11 13 10 12 9 15 18 16 19 7 2 5 3 6 1 17 20 | 17 1 6 3 5 2 7 4 8 14 11 13 10 12 9 15 18 16 20
7 4 8 14 11 13 10 12 9 15 18 16 19 2 5 3 6 1 17 20 | 17 1 6 3 5 2 7 4 8 14 11 13 10 12 9 15 18 16 20
14 11 13 10 12 9 15 18 16 19 8 4 7 2 5 3 6 1 17 20 | 17 1 6 3 5 2 7 4 8 14 11 13 10 12 9 15 18 16 20
2 7 4 8 14 11 13 10 12 9 15 18 16 19 5 3 6 1 17 20 | 17 1 6 3 5 2 7 4 8 14 11 13 10 12 9 15 18 16 20
13 10 12 9 15 18 16 19 11 14 8 4 7 2 5 3 6 1 17 20 | 17 1 6 3 5 2 7 4 8 14 11 13 10 12 9 15 18 16 20
8 14 11 13 10 12 9 15 18 16 19 4 7 2 5 3 6 1 17 20 | 17 1 6 3 5 2 7 4 8 14 11 13 10 12 9 15 18 16 20
5 2 7 4 8 14 11 13 10 12 9 15 18 16 19 3 6 1 17 20 | 17 1 6 3 5 2 7 4 8 14 11 13 10 12 9 15 18 16 20
1 4 7 2 5 8 14 12 10 13 11 9 15 17 19 6 3 16 18 20 | 18 16 3 6 1 4 7 2 5 8 14 12 10 13 11 9 15 17 20
5 8 14 12 10 13 11 9 15 17 19 2 7 4 1 6 3 16 18 20 | 18 16 3 6 1 4 7 2 5 8 14 12 10 13 11 9 15 17 20
2 5 8 14 12 10 13 11 9 15 17 19 7 4 1 6 3 16 18 20 | 18 16 3 6 1 4 7 2 5 8 14 12 10 13 11 9 15 17 20
14 12 10 13 11 9 15 17 19 8 5 2 7 4 1 6 3 16 18 20 | 18 16 3 6 1 4 7 2 5 8 14 12 10 13 11 9 15 17 20
6 1 4 7 2 5 8 14 12 10 13 11 9 15 17 19 3 16 18 20 | 18 16 3 6 1 4 7 2 5 8 14 12 10 13 11 9 15 17 20
10 13 11 9 15 17 19 12 14 8 5 2 7 4 1 6 3 16 18 20 | 18 16 3 6 1 4 7 2 5 8 14 12 10 13 11 9 15 17 20
8 14 12 10 13 11 9 15 17 19 5 2 7 4 1 6 3 16 18 20 | 18 16 3 6 1 4 7 2 5 8 14 12 10 13 11 9 15 17 20
14 2 13 11 15 17 19 10 6 8 4 9 5 7 3 12 1 16 18 20 | 18 16 1 12 3 7 5 9 4 8 6 10 14 2 13 11 15 17 20
9 4 8 6 10 14 2 13 11 15 17 19 5 7 3 12 1 16 18 20 | 18 16 1 12 3 7 5 9 4 8 6 10 14 2 13 11 15 17 20
7 5 9 4 8 6 10 14 2 13 11 15 17 19 3 12 1 16 18 20 | 18 16 1 12 3 7 5 9 4 8 6 10 14 2 13 11 15 17 20
12 3 7 5 9 4 8 6 10 14 2 13 11 15 17 19 1 16 18 20 | 18 16 1 12 3 7 5 9 4 8 6 10 14 2 13 11 15 17 20
8 6 10 14 2 13 11 15 17 19 4 9 5 7 3 12 1 16 18 20 | 18 16 1 12 3 7 5 9 4 8 6 10 14 2 13 11 15 17 20
11 15 17 19 13 2 14 10 6 8 4 9 5 7 3 12 1 16 18 20 | 18 16 1 12 3 7 5 9 4 8 6 10 14 2 13 11 15 17 20
3 7 5 9 4 8 6 10 14 2 13 11 15 17 19 12 1 16 18 20 | 18 16 1 12 3 7 5 9 4 8 6 10 14 2 13 11 15 17 20
1 5 2 6 4 8 12 10 14 9 13 11 15 17 19 3 7 16 18 20 | 18 16 7 3 1 5 2 6 4 8 12 10 14 9 13 11 15 17 20
12 10 14 9 13 11 15 17 19 8 4 6 2 5 1 3 7 16 18 20 | 18 16 7 3 1 5 2 6 4 8 12 10 14 9 13 11 15 17 20
8 12 10 14 9 13 11 15 17 19 4 6 2 5 1 3 7 16 18 20 | 18 16 7 3 1 5 2 6 4 8 12 10 14 9 13 11 15 17 20
6 4 8 12 10 14 9 13 11 15 17 19 2 5 1 3 7 16 18 20 | 18 16 7 3 1 5 2 6 4 8 12 10 14 9 13 11 15 17 20
14 9 13 11 15 17 19 10 12 8 4 6 2 5 1 3 7 16 18 20 | 18 16 7 3 1 5 2 6 4 8 12 10 14 9 13 11 15 17 20
5 2 6 4 8 12 10 14 9 13 11 15 17 19 1 3 7 16 18 20 | 18 16 7 3 1 5 2 6 4 8 12 10 14 9 13 11 15 17 20
13 11 15 17 19 9 14 10 12 8 4 6 2 5 1 3 7 16 18 20 | 18 16 7 3 1 5 2 6 4 8 12 10 14 9 13 11 15 17 20
10 14 9 13 11 15 17 19 12 8 4 6 2 5 1 3 7 16 18 20 | 18 16 7 3 1 5 2 6 4 8 12 10 14 9 13 11 15 17 20
2 4 8 12 10 14 9 13 11 15 18 16 19 5 7 3 6 1 17 20 | 17 1 6 3 7 5 2 4 8 12 10 14 9 13 11 15 18 16 20
7 5 2 4 8 12 10 14 9 13 11 15 18 16 19 3 6 1 17 20 | 17 1 6 3 7 5 2 4 8 12 10 14 9 13 11 15 18 16 20
16 19 18 15 11 13 9 14 10 12 8 4 2 5 7 3 6 1 17 20 | 17 1 6 3 7 5 2 4 8 12 10 14 9 13 11 15 18 16 20
12 10 14 9 13 11 15 18 16 19 8 4 2 5 7 3 6 1 17 20 | 17 1 6 3 7 5 2 4 8 12 10 14 9 13 11 15 18 16 20
14 9 13 11 15 18 16 19 10 12 8 4 2 5 7 3 6 1 17 20 | 17 1 6 3 7 5 2 4 8 12 10 14 9 13 11 15 18 16 20
8 12 10 14 9 13 11 15 18 16 19 4 2 5 7 3 6 1 17 20 | 17 1 6 3 7 5 2 4 8 12 10 14 9 13 11 15 18 16 20
11 15 18 16 19 13 9 14 10 12 8 4 2 5 7 3 6 1 17 20 | 17 1 6 3 7 5 2 4 8 12 10 14 9 13 11 15 18 16 20
10 14 12 9 13 11 15 18 16 19 8 6 2 4 7 3 5 1 17 20 | 17 1 5 3 7 4 2 6 8 10 14 12 9 13 11 15 18 16 20
4 2 6 8 10 14 12 9 13 11 15 18 16 19 7 3 5 1 17 20 | 17 1 5 3 7 4 2 6 8 10 14 12 9 13 11 15 18 16 20
11 15 18 16 19 13 9 12 14 10 8 6 2 4 7 3 5 1 17 20 | 17 1 5 3 7 4 2 6 8 10 14 12 9 13 11 15 18 16 20
3 7 4 2 6 8 10 14 12 9 13 11 15 18 16 19 5 1 17 20 | 17 1 5 3 7 4 2 6 8 10 14 12 9 13 11 15 18 16 20
8 10 14 12 9 13 11 15 18 16 19 6 2 4 7 3 5 1 17 20 | 17 1 5 3 7 4 2 6 8 10 14 12 9 13 11 15 18 16 20
14 12 9 13 11 15 18 16 19 10 8 6 2 4 7 3 5 1 17 20 | 17 1 5 3 7 4 2 6 8 10 14 12 9 13 11 15 18 16 20
4 6 3 8 14 12 10 13 11 9 15 17 19 7 2 5 1 16 18 20 | 18 16 1 5 2 7 4 6 3 8 14 12 10 13 11 9 15 17 20
2 7 4 6 3 8 14 12 10 13 11 9 15 17 19 5 1 16 18 20 | 18 16 1 5 2 7 4 6 3 8 14 12 10 13 11 9 15 17 20
14 12 10 13 11 9 15 17 19 8 3 6 4 7 2 5 1 16 18 20 | 18 16 1 5 2 7 4 6 3 8 14 12 10 13 11 9 15 17 20
5 2 7 4 6 3 8 14 12 10 13 11 9 15 17 19 1 16 18 20 | 18 16 1 5 2 7 4 6 3 8 14 12 10 13 11 9 15 17 20
7 4 6 3 8 14 12 10 13 11 9 15 17 19 2 5 1 16 18 20 | 18 16 1 5 2 7 4 6 3 8 14 12 10 13 11 9 15 17 20
6 3 8 14 12 10 13 11 9 15 17 19 4 7 2 5 1 16 18 20 | 18 16 1 5 2 7 4 6 3 8 14 12 10 13 11 9 15 17 20
1 6 3 8 14 12 10 13 9 11 15 18 16 19 4 7 2 5 17 20 | 17 5 2 7 4 1 6 3 8 14 12 10 13 9 11 15 18 16 20
3 8 14 12 10 13 9 11 15 18 16 19 6 1 4 7 2 5 17 20 | 17 5 2 7 4 1 6 3 8 14 12 10 13 9 11 15 18 16 20
14 12 10 13 9 11 15 18 16 19 8 3 6 1 4 7 2 5 17 20 | 17 5 2 7 4 1 6 3 8 14 12 10 13 9 11 15 18 16 20
11 15 18 16 19 9 13 10 12 14 8 3 6 1 4 7 2 5 17 20 | 17 5 2 7 4 1 6 3 8 14 12 10 13 9 11 15 18 16 20
2 7 4 1 6 3 8 14 12 10 13 9 11 15 18 16 19 5 17 20 | 17 5 2 7 4 1 6 3 8 14 12 10 13 9 11 15 18 16 20
3 7 4 2 6 8 12 10 14 9 13 11 15 18 16 19 5 1 17 20 | 17 1 5 3 7 4 2 6 8 12 10 14 9 13 11 15 18 16 20
8 12 10 14 9 13 11 15 18 16 19 6 2 4 7 3 5 1 17 20 | 17 1 5 3 7 4 2 6 8 12 10 14 9 13 11 15 18 16 20
5 3 7 4 2 6 8 12 10 14 9 13 11 15 18 16 19 1 17 20 | 17 1 5 3 7 4 2 6 8 12 10 14 9 13 11 15 18 16 20
10 14 9 13 11 15 18 16 19 12 8 6 2 4 7 3 5 1 17 20 | 17 1 5 3 7 4 2 6 8 12 10 14 9 13 11 15 18 16 20
16 19 18 15 11 13 9 14 10 12 8 6 2 4 7 3 5 1 17 20 | 17 1 5 3 7 4 2 6 8 12 10 14 9 13 11 15 18 16 20
13 11 15 18 16 19 9 14 10 12 8 6 2 4 7 3 5 1 17 20 | 17 1 5 3 7 4 2 6 8 12 10 14 9 13 11 15 18 16 20
12 10 14 9 13 11 15 18 16 19 8 6 2 4 7 3 5 1 17 20 | 17 1 5 3 7 4 2 6 8 12 10 14 9 13 11 15 18 16 20
9 13 11 15 17 19 12 14 10 8 5 2 7 4 1 6 3 16 18 20 | 18 16 3 6 1 4 7 2 5 8 10 14 12 9 13 11 15 17 20
2 5 8 10 14 12 9 13 11 15 17 19 7 4 1 6 3 16 18 20 | 18 16 3 6 1 4 7 2 5 8 10 14 12 9 13 11 15 17 20
11 15 17 19 13 9 12 14 10 8 5 2 7 4 1 6 3 16 18 20 | 18 16 3 6 1 4 7 2 5 8 10 14 12 9 13 11 15 17 20
5 8 10 14 12 9 13 11 15 17 19 2 7 4 1 6 3 16 18 20 | 18 16 3 6 1 4 7 2 5 8 10 14 12 9 13 11 15 17 20
14 12 9 13 11 15 17 19 10 8 5 2 7 4 1 6 3 16 18 20 | 18 16 3 6 1 4 7 2 5 8 10 14 12 9 13 11 15 17 20
10 14 12 9 13 11 15 17 19 8 5 2 7 4 1 6 3 16 18 20 | 18 16 3 6 1 4 7 2 5 8 10 14 12 9 13 11 15 17 20
13 11 15 17 19 9 12 14 10 8 5 2 7 4 1 6 3 16 18 20 | 18 16 3 6 1 4 7 2 5 8 10 14 12 9 13 11 15 17 20
4 2 8 14 11 13 10 12 9 15 17 19 6 3 7 5 1 16 18 20 | 18 16 1 5 7 3 6 4 2 8 14 11 13 10 12 9 15 17 20
2 8 14 11 13 10 12 9 15 17 19 4 6 3 7 5 1 16 18 20 | 18 16 1 5 7 3 6 4 2 8 14 11 13 10 12 9 15 17 20
8 14 11 13 10 12 9 15 17 19 2 4 6 3 7 5 1 16 18 20 | 18 16 1 5 7 3 6 4 2 8 14 11 13 10 12 9 15 17 20
12 9 15 17 19 10 13 11 14 8 2 4 6 3 7 5 1 16 18 20 | 18 16 1 5 7 3 6 4 2 8 14 11 13 10 12 9 15 17 20
14 11 13 10 12 9 15 17 19 8 2 4 6 3 7 5 1 16 18 20 | 18 16 1 5 7 3 6 4 2 8 14 11 13 10 12 9 15 17 20
9 13 11 15 17 19 12 14 10 8 3 5 7 2 4 6 1 16 18 20 | 18 16 1 6 4 2 7 5 3 8 10 14 12 9 13 11 15 17 20
10 14 12 9 13 11 15 17 19 8 3 5 7 2 4 6 1 16 18 20 | 18 16 1 6 4 2 7 5 3 8 10 14 12 9 13 11 15 17 20
2 7 5 3 8 10 14 12 9 13 11 15 17 19 4 6 1 16 18 20 | 18 16 1 6 4 2 7 5 3 8 10 14 12 9 13 11 15 17 20
8 10 14 12 9 13 11 15 17 19 3 5 7 2 4 6 1 16 18 20 | 18 16 1 6 4 2 7 5 3 8 10 14 12 9 13 11 15 17 20
6 4 2 7 5 3 8 10 14 12 9 13 11 15 17 19 1 16 18 20 | 18 16 1 6 4 2 7 5 3 8 10 14 12 9 13 11 15 17 20
4 2 7 5 3 8 10 14 12 9 13 11 15 17 19 6 1 16 18 20 | 18 16 1 6 4 2 7 5 3 8 10 14 12 9 13 11 15 17 20
6 4 2 8 12 14 10 13 11 9 15 18 16 19 3 7 5 1 17 20 | 17 1 5 7 3 6 4 2 8 12 14 10 13 11 9 15 18 16 20
8 12 14 10 13 11 9 15 18 16 19 2 4 6 3 7 5 1 17 20 | 17 1 5 7 3 6 4 2 8 12 14 10 13 11 9 15 18 16 20
7 3 6 4 2 8 12 14 10 13 11 9 15 18 16 19 5 1 17 20 | 17 1 5 7 3 6 4 2 8 12 14 10 13 11 9 15 18 16 20
5 7 3 6 4 2 8 12 14 10 13 11 9 15 18 16 19 1 17 20 | 17 1 5 7 3 6 4 2 8 12 14 10 13 11 9 15 18 16 20
2 8 12 14 10 13 11 9 15 18 16 19 4 6 3 7 5 1 17 20 | 17 1 5 7 3 6 4 2 8 12 14 10 13 11 9 15 18 16 20
2 6 3 8 14 12 10 13 11 9 15 18 16 19 4 7 5 1 17 20 | 17 1 5 7 4 2 6 3 8 14 12 10 13 11 9 15 18 16 20
10 13 11 9 15 18 16 19 12 14 8 3 6 2 4 7 5 1 17 20 | 17 1 5 7 4 2 6 3 8 14 12 10 13 11 9 15 18 16 20
16 19 18 15 9 11 13 10 12 14 8 3 6 2 4 7 5 1 17 20 | 17 1 5 7 4 2 6 3 8 14 12 10 13 11 9 15 18 16 20
4 2 6 3 8 14 12 10 13 11 9 15 18 16 19 7 5 1 17 20 | 17 1 5 7 4 2 6 3 8 14 12 10 13 11 9 15 18 16 20
5 7 4 2 6 3 8 14 12 10 13 11 9 15 18 16 19 1 17 20 | 17 1 5 7 4 2 6 3 8 14 12 10 13 11 9 15 18 16 20
6 3 8 14 12 10 13 11 9 15 18 16 19 2 4 7 5 1 17 20 | 17 1 5 7 4 2 6 3 8 14 12 10 13 11 9 15 18 16 20
14 12 10 13 11 9 15 18 16 19 8 3 6 2 4 7 5 1 17 20 | 17 1 5 7 4 2 6 3 8 14 12 10 13 11 9 15 18 16 20
2 7 1 15 17 19 11 3 9 5 13 6 8 4 10 12 14 16 18 20 | 18 16 14 12 10 4 8 6 13 5 9 3 11 2 7 1 15 17 20
15 17 19 1 7 2 11 3 9 5 13 6 8 4 10 12 14 16 18 20 | 18 16 14 12 10 4 8 6 13 5 9 3 11 2 7 1 15 17 20
9 3 11 2 7 1 15 17 19 5 13 6 8 4 10 12 14 16 18 20 | 18 16 14 12 10 4 8 6 13 5 9 3 11 2 7 1 15 17 20
10 4 8 6 13 5 9 3 11 2 7 1 15 17 19 12 14 16 18 20 | 18 16 14 12 10 4 8 6 13 5 9 3 11 2 7 1 15 17 20
8 6 13 5 9 3 11 2 7 1 15 17 19 4 10 12 14 16 18 20 | 18 16 14 12 10 4 8 6 13 5 9 3 11 2 7 1 15 17 20
4 8 6 13 5 9 3 11 2 7 1 15 17 19 10 12 14 16 18 20 | 18 16 14 12 10 4 8 6 13 5 9 3 11 2 7 1 15 17 20
11 2 7 1 15 17 19 3 9 5 13 6 8 4 10 12 14 16 18 20 | 18 16 14 12 10 4 8 6 13 5 9 3 11 2 7 1 15 17 20
4 8 10 14 12 9 13 11 15 18 16 19 2 6 3 5 7 1 17 20 | 17 1 7 5 3 6 2 4 8 10 14 12 9 13 11 15 18 16 20
3 6 2 4 8 10 14 12 9 13 11 15 18 16 19 5 7 1 17 20 | 17 1 7 5 3 6 2 4 8 10 14 12 9 13 11 15 18 16 20
7 5 3 6 2 4 8 10 14 12 9 13 11 15 18 16 19 1 17 20 | 17 1 7 5 3 6 2 4 8 10 14 12 9 13 11 15 18 16 20
14 12 9 13 11 15 18 16 19 10 8 4 2 6 3 5 7 1 17 20 | 17 1 7 5 3 6 2 4 8 10 14 12 9 13 11 15 18 16 20
6 2 4 8 10 14 12 9 13 11 15 18 16 19 3 5 7 1 17 20 | 17 1 7 5 3 6 2 4 8 10 14 12 9 13 11 15 18 16 20
10 14 12 9 13 11 15 18 16 19 8 4 2 6 3 5 7 1 17 20 | 17 1 7 5 3 6 2 4 8 10 14 12 9 13 11 15 18 16 20
7 5 2 6 4 8 14 11 13 9 12 10 15 18 16 19 3 1 17 20 | 17 1 3 7 5 2 6 4 8 14 11 13 9 12 10 15 18 16 20
5 2 6 4 8 14 11 13 9 12 10 15 18 16 19 7 3 1 17 20 | 17 1 3 7 5 2 6 4 8 14 11 13 9 12 10 15 18 16 20
4 8 14 11 13 9 12 10 15 18 16 19 6 2 5 7 3 1 17 20 | 17 1 3 7 5 2 6 4 8 14 11 13 9 12 10 15 18 16 20
2 6 4 8 14 11 13 9 12 10 15 18 16 19 5 7 3 1 17 20 | 17 1 3 7 5 2 6 4 8 14 11 13 9 12 10 15 18 16 20
13 9 12 10 15 18 16 19 11 14 8 4 6 2 5 7 3 1 17 20 | 17 1 3 7 5 2 6 4 8 14 11 13 9 12 10 15 18 16 20
14 11 13 9 12 10 15 18 16 19 8 4 6 2 5 7 3 1 17 20 | 17 1 3 7 5 2 6 4 8 14 11 13 9 12 10 15 18 16 20
10 15 18 16 19 12 9 13 11 14 8 4 6 2 5 7 3 1 17 20 | 17 1 3 7 5 2 6 4 8 14 11 13 9 12 10 15 18 16 20
6 4 8 14 11 13 9 12 10 15 18 16 19 2 5 7 3 1 17 20 | 17 1 3 7 5 2 6 4 8 14 11 13 9 12 10 15 18 16 20
8 14 11 13 9 12 10 15 18 16 19 4 6 2 5 7 3 1 17 20 | 17 1 3 7 5 2 6 4 8 14 11 13 9 12 10 15 18 16 20
1 12 9 14 10 13 15 17 19 7 4 6 2 5 3 8 11 16 18 20 | 18 16 11 8 3 5 2 6 4 7 1 12 9 14 10 13 15 17 20
4 7 1 12 9 14 10 13 15 17 19 6 2 5 3 8 11 16 18 20 | 18 16 11 8 3 5 2 6 4 7 1 12 9 14 10 13 15 17 20
8 3 5 2 6 4 7 1 12 9 14 10 13 15 17 19 11 16 18 20 | 18 16 11 8 3 5 2 6 4 7 1 12 9 14 10 13 15 17 20
14 10 13 15 17 19 9 12 1 7 4 6 2 5 3 8 11 16 18 20 | 18 16 11 8 3 5 2 6 4 7 1 12 9 14 10 13 15 17 20
9 14 10 13 15 17 19 12 1 7 4 6 2 5 3 8 11 16 18 20 | 18 16 11 8 3 5 2 6 4 7 1 12 9 14 10 13 15 17 20
12 9 14 10 13 15 17 19 1 7 4 6 2 5 3 8 11 16 18 20 | 18 16 11 8 3 5 2 6 4 7 1 12 9 14 10 13 15 17 20
2 6 4 7 1 12 9 14 10 13 15 17 19 5 3 8 11 16 18 20 | 18 16 11 8 3 5 2 6 4 7 1 12 9 14 10 13 15 17 20
4 7 3 6 2 5 8 12 9 14 11 13 10 15 18 16 19 1 17 20 | 17 1 4 7 3 6 2 5 8 12 9 14 11 13 10 15 18 16 20
3 6 2 5 8 12 9 14 11 13 10 15 18 16 19 7 4 1 17 20 | 17 1 4 7 3 6 2 5 8 12 9 14 11 13 10 15 18 16 20
7 3 6 2 5 8 12 9 14 11 13 10 15 18 16 19 4 1 17 20 | 17 1 4 7 3 6 2 5 8 12 9 14 11 13 10 15 18 16 20
2 5 8 12 9 14 11 13 10 15 18 16 19 6 3 7 4 1 17 20 | 17 1 4 7 3 6 2 5 8 12 9 14 11 13 10 15 18 16 20
13 10 15 18 16 19 11 14 9 12 8 5 2 6 3 7 4 1 17 20 | 17 1 4 7 3 6 2 5 8 12 9 14 11 13 10 15 18 16 20
9 14 11 13 10 15 18 16 19 12 8 5 2 6 3 7 4 1 17 20 | 17 1 4 7 3 6 2 5 8 12 9 14 11 13 10 15 18 16 20
16 19 18 15 10 13 11 14 9 12 8 5 2 6 3 7 4 1 17 20 | 17 1 4 7 3 6 2 5 8 12 9 14 11 13 10 15 18 16 20
12 9 14 11 13 10 15 18 16 19 8 5 2 6 3 7 4 1 17 20 | 17 1 4 7 3 6 2 5 8 12 9 14 11 13 10 15 18 16 20
5 8 12 9 14 11 13 10 15 18 16 19 2 6 3 7 4 1 17 20 | 17 1 4 7 3 6 2 5 8 12 9 14 11 13 10 15 18 16 20
1 5 2 8 14 12 10 13 11 9 15 18 16 19 7 3 6 4 17 20 | 17 4 6 3 7 1 5 2 8 14 12 10 13 11 9 15 18 16 20
14 12 10 13 11 9 15 18 16 19 8 2 5 1 7 3 6 4 17 20 | 17 4 6 3 7 1 5 2 8 14 12 10 13 11 9 15 18 16 20
8 14 12 10 13 11 9 15 18 16 19 2 5 1 7 3 6 4 17 20 | 17 4 6 3 7 1 5 2 8 14 12 10 13 11 9 15 18 16 20
7 1 5 2 8 14 12 10 13 11 9 15 18 16 19 3 6 4 17 20 | 17 4 6 3 7 1 5 2 8 14 12 10 13 11 9 15 18 16 20
16 19 18 15 9 11 13 10 12 14 8 2 5 1 7 3 6 4 17 20 | 17 4 6 3 7 1 5 2 8 14 12 10 13 11 9 15 18 16 20
7 4 8 13 11 14 10 12 9 15 18 16 19 2 5 3 6 1 17 20 | 17 1 6 3 5 2 7 4 8 13 11 14 10 12 9 15 18 16 20
11 14 10 12 9 15 18 16 19 13 8 4 7 2 5 3 6 1 17 20 | 17 1 6 3 5 2 7 4 8 13 11 14 10 12 9 15 18 16 20
5 2 7 4 8 13 11 14 10 12 9 15 18 16 19 3 6 1 17 20 | 17 1 6 3 5 2 7 4 8 13 11 14 10 12 9 15 18 16 20
6 3 5 2 7 4 8 13 11 14 10 12 9 15 18 16 19 1 17 20 | 17 1 6 3 5 2 7 4 8 13 11 14 10 12 9 15 18 16 20
8 13 11 14 10 12 9 15 18 16 19 4 7 2 5 3 6 1 17 20 | 17 1 6 3 5 2 7 4 8 13 11 14 10 12 9 15 18 16 20
2 7 4 8 13 11 14 10 12 9 15 18 16 19 5 3 6 1 17 20 | 17 1 6 3 5 2 7 4 8 13 11 14 10 12 9 15 18 16 20
1 4 10 14 12 15 17 19 7 3 5 8 2 6 9 13 11 16 18 20 | 18 16 11 13 9 6 2 8 5 3 7 1 4 10 14 12 15 17 20
8 5 3 7 1 4 10 14 12 15 17 19 2 6 9 13 11 16 18 20 | 18 16 11 13 9 6 2 8 5 3 7 1 4 10 14 12 15 17 20
6 2 8 5 3 7 1 4 10 14 12 15 17 19 9 13 11 16 18 20 | 18 16 11 13 9 6 2 8 5 3 7 1 4 10 14 12 15 17 20
13 9 6 2 8 5 3 7 1 4 10 14 12 15 17 19 11 16 18 20 | 18 16 11 13 9 6 2 8 5 3 7 1 4 10 14 12 15 17 20
4 10 14 12 15 17 19 1 7 3 5 8 2 6 9 13 11 16 18 20 | 18 16 11 13 9 6 2 8 5 3 7 1 4 10 14 12 15 17 20
2 8 5 3 7 1 4 10 14 12 15 17 19 6 9 13 11 16 18 20 | 18 16 11 13 9 6 2 8 5 3 7 1 4 10 14 12 15 17 20
1 8 10 14 12 9 13 11 15 17 19 6 4 7 2 5 3 16 18 20 | 18 16 3 5 2 7 4 6 1 8 10 14 12 9 13 11 15 17 20
11 15 17 19 13 9 12 14 10 8 1 6 4 7 2 5 3 16 18 20 | 18 16 3 5 2 7 4 6 1 8 10 14 12 9 13 11 15 17 20
6 1 8 10 14 12 9 13 11 15 17 19 4 7 2 5 3 16 18 20 | 18 16 3 5 2 7 4 6 1 8 10 14 12 9 13 11 15 17 20
14 12 9 13 11 15 17 19 10 8 1 6 4 7 2 5 3 16 18 20 | 18 16 3 5 2 7 4 6 1 8 10 14 12 9 13 11 15 17 20
2 7 4 6 1 8 10 14 12 9 13 11 15 17 19 5 3 16 18 20 | 18 16 3 5 2 7 4 6 1 8 10 14 12 9 13 11 15 17 20
9 13 11 15 17 19 12 14 10 8 1 6 4 7 2 5 3 16 18 20 | 18 16 3 5 2 7 4 6 1 8 10 14 12 9 13 11 15 17 20
2 7 5 3 8 10 14 12 9 13 11 15 18 16 19 4 6 1 17 20 | 17 1 6 4 2 7 5 3 8 10 14 12 9 13 11 15 18 16 20
3 8 10 14 12 9 13 11 15 18 16 19 5 7 2 4 6 1 17 20 | 17 1 6 4 2 7 5 3 8 10 14 12 9 13 11 15 18 16 20
7 5 3 8 10 14 12 9 13 11 15 18 16 19 2 4 6 1 17 20 | 17 1 6 4 2 7 5 3 8 10 14 12 9 13 11 15 18 16 20
13 11 15 18 16 19 9 12 14 10 8 3 5 7 2 4 6 1 17 20 | 17 1 6 4 2 7 5 3 8 10 14 12 9 13 11 15 18 16 20
10 14 12 9 13 11 15 18 16 19 8 3 5 7 2 4 6 1 17 20 | 17 1 6 4 2 7 5 3 8 10 14 12 9 13 11 15 18 16 20
13 11 15 17 19 9 12 14 10 8 2 5 3 6 4 7 1 16 18 20 | 18 16 1 7 4 6 3 5 2 8 10 14 12 9 13 11 15 17 20
5 2 8 10 14 12 9 13 11 15 17 19 3 6 4 7 1 16 18 20 | 18 16 1 7 4 6 3 5 2 8 10 14 12 9 13 11 15 17 20
11 15 17 19 13 9 12 14 10 8 2 5 3 6 4 7 1 16 18 20 | 18 16 1 7 4 6 3 5 2 8 10 14 12 9 13 11 15 17 20
9 13 11 15 17 19 12 14 10 8 2 5 3 6 4 7 1 16 18 20 | 18 16 1 7 4 6 3 5 2 8 10 14 12 9 13 11 15 17 20
8 10 14 12 9 13 11 15 17 19 2 5 3 6 4 7 1 16 18 20 | 18 16 1 7 4 6 3 5 2 8 10 14 12 9 13 11 15 17 20
4 6 3 5 2 8 10 14 12 9 13 11 15 17 19 7 1 16 18 20 | 18 16 1 7 4 6 3 5 2 8 10 14 12 9 13 11 15 17 20
8 10 14 12 9 13 11 15 17 19 2 5 3 7 4 6 1 16 18 20 | 18 16 1 6 4 7 3 5 2 8 10 14 12 9 13 11 15 17 20
14 12 9 13 11 15 17 19 10 8 2 5 3 7 4 6 1 16 18 20 | 18 16 1 6 4 7 3 5 2 8 10 14 12 9 13 11 15 17 20
2 8 10 14 12 9 13 11 15 17 19 5 3 7 4 6 1 16 18 20 | 18 16 1 6 4 7 3 5 2 8 10 14 12 9 13 11 15 17 20
9 13 11 15 17 19 12 14 10 8 2 5 3 7 4 6 1 16 18 20 | 18 16 1 6 4 7 3 5 2 8 10 14 12 9 13 11 15 17 20
4 7 3 5 2 8 10 14 12 9 13 11 15 17 19 6 1 16 18 20 | 18 16 1 6 4 7 3 5 2 8 10 14 12 9 13 11 15 17 20
13 11 15 17 19 9 12 14 10 8 2 5 3 7 4 6 1 16 18 20 | 18 16 1 6 4 7 3 5 2 8 10 14 12 9 13 11 15 17 20
11 15 17 19 13 9 12 14 10 8 2 5 3 7 4 6 1 16 18 20 | 18 16 1 6 4 7 3 5 2 8 10 14 12 9 13 11 15 17 20
6 3 8 12 14 10 13 11 9 15 17 19 2 4 7 5 1 16 18 20 | 18 16 1 5 7 4 2 6 3 8 12 14 10 13 11 9 15 17 20
14 10 13 11 9 15 17 19 12 8 3 6 2 4 7 5 1 16 18 20 | 18 16 1 5 7 4 2 6 3 8 12 14 10 13 11 9 15 17 20
2 6 3 8 12 14 10 13 11 9 15 17 19 4 7 5 1 16 18 20 | 18 16 1 5 7 4 2 6 3 8 12 14 10 13 11 9 15 17 20
11 9 15 17 19 13 10 14 12 8 3 6 2 4 7 5 1 16 18 20 | 18 16 1 5 7 4 2 6 3 8 12 14 10 13 11 9 15 17 20
9 15 17 19 11 13 10 14 12 8 3 6 2 4 7 5 1 16 18 20 | 18 16 1 5 7 4 2 6 3 8 12 14 10 13 11 9 15 17 20
12 14 10 13 11 9 15 17 19 8 3 6 2 4 7 5 1 16 18 20 | 18 16 1 5 7 4 2 6 3 8 12 14 10 13 11 9 15 17 20
1 6 2 4 8 14 12 10 13 9 11 15 18 16 19 3 7 5 17 20 | 17 5 7 3 1 6 2 4 8 14 12 10 13 9 11 15 18 16 20
10 13 9 11 15 18 16 19 12 14 8 4 2 6 1 3 7 5 17 20 | 17 5 7 3 1 6 2 4 8 14 12 10 13 9 11 15 18 16 20
13 9 11 15 18 16 19 10 12 14 8 4 2 6 1 3 7 5 17 20 | 17 5 7 3 1 6 2 4 8 14 12 10 13 9 11 15 18 16 20
8 14 12 10 13 9 11 15 18 16 19 4 2 6 1 3 7 5 17 20 | 17 5 7 3 1 6 2 4 8 14 12 10 13 9 11 15 18 16 20
14 12 10 13 9 11 15 18 16 19 8 4 2 6 1 3 7 5 17 20 | 17 5 7 3 1 6 2 4 8 14 12 10 13 9 11 15 18 16 20
3 1 6 2 4 8 14 12 10 13 9 11 15 18 16 19 7 5 17 20 | 17 5 7 3 1 6 2 4 8 14 12 10 13 9 11 15 18 16 20
11 15 17 19 9 13 10 12 14 8 4 6 2 5 7 3 1 16 18 20 | 18 16 1 3 7 5 2 6 4 8 14 12 10 13 9 11 15 17 20
7 5 2 6 4 8 14 12 10 13 9 11 15 17 19 3 1 16 18 20 | 18 16 1 3 7 5 2 6 4 8 14 12 10 13 9 11 15 17 20
5 2 6 4 8 14 12 10 13 9 11 15 17 19 7 3 1 16 18 20 | 18 16 1 3 7 5 2 6 4 8 14 12 10 13 9 11 15 17 20
10 13 9 11 15 17 19 12 14 8 4 6 2 5 7 3 1 16 18 20 | 18 16 1 3 7 5 2 6 4 8 14 12 10 13 9 11 15 17 20
3 7 5 2 6 4 8 14 12 10 13 9 11 15 17 19 1 16 18 20 | 18 16 1 3 7 5 2 6 4 8 14 12 10 13 9 11 15 17 20
8 14 12 10 13 9 11 15 17 19 4 6 2 5 7 3 1 16 18 20 | 18 16 1 3 7 5 2 6 4 8 14 12 10 13 9 11 15 17 20
2 6 3 8 13 11 14 10 12 9 15 17 19 4 7 5 1 16 18 20 | 18 16 1 5 7 4 2 6 3 8 13 11 14 10 12 9 15 17 20
3 8 13 11 14 10 12 9 15 17 19 6 2 4 7 5 1 16 18 20 | 18 16 1 5 7 4 2 6 3 8 13 11 14 10 12 9 15 17 20
12 9 15 17 19 10 14 11 13 8 3 6 2 4 7 5 1 16 18 20 | 18 16 1 5 7 4 2 6 3 8 13 11 14 10 12 9 15 17 20
14 10 12 9 15 17 19 11 13 8 3 6 2 4 7 5 1 16 18 20 | 18 16 1 5 7 4 2 6 3 8 13 11 14 10 12 9 15 17 20
8 13 11 14 10 12 9 15 17 19 3 6 2 4 7 5 1 16 18 20 | 18 16 1 5 7 4 2 6 3 8 13 11 14 10 12 9 15 17 20
11 14 10 12 9 15 17 19 13 8 3 6 2 4 7 5 1 16 18 20 | 18 16 1 5 7 4 2 6 3 8 13 11 14 10 12 9 15 17 20
4 2 6 3 8 13 11 14 10 12 9 15 17 19 7 5 1 16 18 20 | 18 16 1 5 7 4 2 6 3 8 13 11 14 10 12 9 15 17 20
1 5 2 6 4 8 12 9 14 11 13 10 15 17 19 3 7 16 18 20 | 18 16 7 3 1 5 2 6 4 8 12 9 14 11 13 10 15 17 20
3 1 5 2 6 4 8 12 9 14 11 13 10 15 17 19 7 16 18 20 | 18 16 7 3 1 5 2 6 4 8 12 9 14 11 13 10 15 17 20
5 2 6 4 8 12 9 14 11 13 10 15 17 19 1 3 7 16 18 20 | 18 16 7 3 1 5 2 6 4 8 12 9 14 11 13 10 15 17 20
2 6 4 8 12 9 14 11 13 10 15 17 19 5 1 3 7 16 18 20 | 18 16 7 3 1 5 2 6 4 8 12 9 14 11 13 10 15 17 20
12 9 14 11 13 10 15 17 19 8 4 6 2 5 1 3 7 16 18 20 | 18 16 7 3 1 5 2 6 4 8 12 9 14 11 13 10 15 17 20
8 12 9 14 11 13 10 15 17 19 4 6 2 5 1 3 7 16 18 20 | 18 16 7 3 1 5 2 6 4 8 12 9 14 11 13 10 15 17 20
13 10 15 17 19 11 14 9 12 8 4 6 2 5 1 3 7 16 18 20 | 18 16 7 3 1 5 2 6 4 8 12 9 14 11 13 10 15 17 20
10 15 17 19 13 11 14 9 12 8 4 6 2 5 1 3 7 16 18 20 | 18 16 7 3 1 5 2 6 4 8 12 9 14 11 13 10 15 17 20
8 14 12 10 13 11 9 15 17 19 4 6 2 5 7 3 1 16 18 20 | 18 16 1 3 7 5 2 6 4 8 14 12 10 13 11 9 15 17 20
7 5 2 6 4 8 14 12 10 13 11 9 15 17 19 3 1 16 18 20 | 18 16 1 3 7 5 2 6 4 8 14 12 10 13 11 9 15 17 20
9 15 17 19 11 13 10 12 14 8 4 6 2 5 7 3 1 16 18 20 | 18 16 1 3 7 5 2 6 4 8 14 12 10 13 11 9 15 17 20
10 13 11 9 15 17 19 12 14 8 4 6 2 5 7 3 1 16 18 20 | 18 16 1 3 7 5 2 6 4 8 14 12 10 13 11 9 15 17 20
4 8 14 12 10 13 11 9 15 17 19 6 2 5 7 3 1 16 18 20 | 18 16 1 3 7 5 2 6 4 8 14 12 10 13 11 9 15 17 20
6 4 8 14 12 10 13 11 9 15 17 19 2 5 7 3 1 16 18 20 | 18 16 1 3 7 5 2 6 4 8 14 12 10 13 11 9 15 17 20
1 6 2 4 8 12 14 10 13 11 9 15 18 16 19 3 7 5 17 20 | 17 5 7 3 1 6 2 4 8 12 14 10 13 11 9 15 18 16 20
4 8 12 14 10 13 11 9 15 18 16 19 2 6 1 3 7 5 17 20 | 17 5 7 3 1 6 2 4 8 12 14 10 13 11 9 15 18 16 20
8 12 14 10 13 11 9 15 18 16 19 4 2 6 1 3 7 5 17 20 | 17 5 7 3 1 6 2 4 8 12 14 10 13 11 9 15 18 16 20
16 19 18 15 9 11 13 10 14 12 8 4 2 6 1 3 7 5 17 20 | 17 5 7 3 1 6 2 4 8 12 14 10 13 11 9 15 18 16 20
12 14 10 13 11 9 15 18 16 19 8 4 2 6 1 3 7 5 17 20 | 17 5 7 3 1 6 2 4 8 12 14 10 13 11 9 15 18 16 20
14 10 13 11 9 15 18 16 19 12 8 4 2 6 1 3 7 5 17 20 | 17 5 7 3 1 6 2 4 8 12 14 10 13 11 9 15 18 16 20
2 4 8 12 14 10 13 11 9 15 18 16 19 6 1 3 7 5 17 20 | 17 5 7 3 1 6 2 4 8 12 14 10 13 11 9 15 18 16 20
6 2 4 8 12 14 10 13 11 9 15 18 16 19 1 3 7 5 17 20 | 17 5 7 3 1 6 2 4 8 12 14 10 13 11 9 15 18 16 20
11 9 15 18 16 19 13 10 14 12 8 4 2 6 1 3 7 5 17 20 | 17 5 7 3 1 6 2 4 8 12 14 10 13 11 9 15 18 16 20
1 6 2 4 8 14 12 10 13 9 11 15 17 19 3 7 5 16 18 20 | 18 16 5 7 3 1 6 2 4 8 14 12 10 13 9 11 15 17 20
14 12 10 13 9 11 15 17 19 8 4 2 6 1 3 7 5 16 18 20 | 18 16 5 7 3 1 6 2 4 8 14 12 10 13 9 11 15 17 20
10 13 9 11 15 17 19 12 14 8 4 2 6 1 3 7 5 16 18 20 | 18 16 5 7 3 1 6 2 4 8 14 12 10 13 9 11 15 17 20
11 15 17 19 9 13 10 12 14 8 4 2 6 1 3 7 5 16 18 20 | 18 16 5 7 3 1 6 2 4 8 14 12 10 13 9 11 15 17 20
3 1 6 2 4 8 14 12 10 13 9 11 15 17 19 7 5 16 18 20 | 18 16 5 7 3 1 6 2 4 8 14 12 10 13 9 11 15 17 20
7 3 1 6 2 4 8 14 12 10 13 9 11 15 17 19 5 16 18 20 | 18 16 5 7 3 1 6 2 4 8 14 12 10 13 9 11 15 17 20
6 2 4 8 14 12 10 13 9 11 15 17 19 1 3 7 5 16 18 20 | 18 16 5 7 3 1 6 2 4 8 14 12 10 13 9 11 15 17 20
9 11 15 17 19 13 10 12 14 8 4 2 6 1 3 7 5 16 18 20 | 18 16 5 7 3 1 6 2 4 8 14 12 10 13 9 11 15 17 20
1 6 3 8 12 10 14 9 13 11 15 18 16 19 4 7 2 5 17 20 | 17 5 2 7 4 1 6 3 8 12 10 14 9 13 11 15 18 16 20
13 11 15 18 16 19 9 14 10 12 8 3 6 1 4 7 2 5 17 20 | 17 5 2 7 4 1 6 3 8 12 10 14 9 13 11 15 18 16 20
7 4 1 6 3 8 12 10 14 9 13 11 15 18 16 19 2 5 17 20 | 17 5 2 7 4 1 6 3 8 12 10 14 9 13 11 15 18 16 20
2 7 4 1 6 3 8 12 10 14 9 13 11 15 18 16 19 5 17 20 | 17 5 2 7 4 1 6 3 8 12 10 14 9 13 11 15 18 16 20
3 8 12 10 14 9 13 11 15 18 16 19 6 1 4 7 2 5 17 20 | 17 5 2 7 4 1 6 3 8 12 10 14 9 13 11 15 18 16 20
8 12 10 14 9 13 11 15 18 16 19 3 6 1 4 7 2 5 17 20 | 17 5 2 7 4 1 6 3 8 12 10 14 9 13 11 15 18 16 20
16 19 18 15 11 13 9 14 10 12 8 3 6 1 4 7 2 5 17 20 | 17 5 2 7 4 1 6 3 8 12 10 14 9 13 11 15 18 16 20
12 10 14 9 13 11 15 18 16 19 8 3 6 1 4 7 2 5 17 20 | 17 5 2 7 4 1 6 3 8 12 10 14 9 13 11 15 18 16 20
14 12 10 13 11 9 15 18 16 19 8 2 4 6 3 7 5 1 17 20 | 17 1 5 7 3 6 4 2 8 14 12 10 13 11 9 15 18 16 20
2 8 14 12 10 13 11 9 15 18 16 19 4 6 3 7 5 1 17 20 | 17 1 5 7 3 6 4 2 8 14 12 10 13 11 9 15 18 16 20
5 7 3 6 4 2 8 14 12 10 13 11 9 15 18 16 19 1 17 20 | 17 1 5 7 3 6 4 2 8 14 12 10 13 11 9 15 18 16 20
16 19 18 15 9 11 13 10 12 14 8 2 4 6 3 7 5 1 17 20 | 17 1 5 7 3 6 4 2 8 14 12 10 13 11 9 15 18 16 20
6 4 2 8 14 12 10 13 11 9 15 18 16 19 3 7 5 1 17 20 | 17 1 5 7 3 6 4 2 8 14 12 10 13 11 9 15 18 16 20
11 9 15 18 16 19 13 10 12 14 8 2 4 6 3 7 5 1 17 20 | 17 1 5 7 3 6 4 2 8 14 12 10 13 11 9 15 18 16 20
7 3 6 4 2 8 14 12 10 13 11 9 15 18 16 19 5 1 17 20 | 17 1 5 7 3 6 4 2 8 14 12 10 13 11 9 15 18 16 20
1 3 7 10 13 8 11 14 9 12 15 17 19 5 2 6 4 16 18 20 | 18 16 4 6 2 5 1 3 7 10 13 8 11 14 9 12 15 17 20
12 15 17 19 9 14 11 8 13 10 7 3 1 5 2 6 4 16 18 20 | 18 16 4 6 2 5 1 3 7 10 13 8 11 14 9 12 15 17 20
8 11 14 9 12 15 17 19 13 10 7 3 1 5 2 6 4 16 18 20 | 18 16 4 6 2 5 1 3 7 10 13 8 11 14 9 12 15 17 20
3 7 10 13 8 11 14 9 12 15 17 19 1 5 2 6 4 16 18 20 | 18 16 4 6 2 5 1 3 7 10 13 8 11 14 9 12 15 17 20
5 1 3 7 10 13 8 11 14 9 12 15 17 19 2 6 4 16 18 20 | 18 16 4 6 2 5 1 3 7 10 13 8 11 14 9 12 15 17 20
7 10 13 8 11 14 9 12 15 17 19 3 1 5 2 6 4 16 18 20 | 18 16 4 6 2 5 1 3 7 10 13 8 11 14 9 12 15 17 20
9 14 11 13 10 15 17 19 12 8 2 4 6 3 5 7 1 16 18 20 | 18 16 1 7 5 3 6 4 2 8 12 9 14 11 13 10 15 17 20
13 10 15 17 19 11 14 9 12 8 2 4 6 3 5 7 1 16 18 20 | 18 16 1 7 5 3 6 4 2 8 12 9 14 11 13 10 15 17 20
10 15 17 19 13 11 14 9 12 8 2 4 6 3 5 7 1 16 18 20 | 18 16 1 7 5 3 6 4 2 8 12 9 14 11 13 10 15 17 20
12 9 14 11 13 10 15 17 19 8 2 4 6 3 5 7 1 16 18 20 | 18 16 1 7 5 3 6 4 2 8 12 9 14 11 13 10 15 17 20
8 12 9 14 11 13 10 15 17 19 2 4 6 3 5 7 1 16 18 20 | 18 16 1 7 5 3 6 4 2 8 12 9 14 11 13 10 15 17 20
5 3 6 4 2 8 12 9 14 11 13 10 15 17 19 7 1 16 18 20 | 18 16 1 7 5 3 6 4 2 8 12 9 14 11 13 10 15 17 20
14 11 13 10 15 17 19 9 12 8 2 4 6 3 5 7 1 16 18 20 | 18 16 1 7 5 3 6 4 2 8 12 9 14 11 13 10 15 17 20
7 5 3 6 4 2 8 12 9 14 11 13 10 15 17 19 1 16 18 20 | 18 16 1 7 5 3 6 4 2 8 12 9 14 11 13 10 15 17 20
4 7 2 5 8 12 9 14 11 13 10 15 18 16 19 1 6 3 17 20 | 17 3 6 1 4 7 2 5 8 12 9 14 11 13 10 15 18 16 20
9 14 11 13 10 15 18 16 19 12 8 5 2 7 4 1 6 3 17 20 | 17 3 6 1 4 7 2 5 8 12 9 14 11 13 10 15 18 16 20
12 9 14 11 13 10 15 18 16 19 8 5 2 7 4 1 6 3 17 20 | 17 3 6 1 4 7 2 5 8 12 9 14 11 13 10 15 18 16 20
2 5 8 12 9 14 11 13 10 15 18 16 19 7 4 1 6 3 17 20 | 17 3 6 1 4 7 2 5 8 12 9 14 11 13 10 15 18 16 20
4 8 6 10 14 2 13 11 15 17 19 7 9 5 3 12 1 16 18 20 | 18 16 1 12 3 5 9 7 4 8 6 10 14 2 13 11 15 17 20
12 3 5 9 7 4 8 6 10 14 2 13 11 15 17 19 1 16 18 20 | 18 16 1 12 3 5 9 7 4 8 6 10 14 2 13 11 15 17 20
14 2 13 11 15 17 19 10 6 8 4 7 9 5 3 12 1 16 18 20 | 18 16 1 12 3 5 9 7 4 8 6 10 14 2 13 11 15 17 20
11 15 17 19 13 2 14 10 6 8 4 7 9 5 3 12 1 16 18 20 | 18 16 1 12 3 5 9 7 4 8 6 10 14 2 13 11 15 17 20
6 10 14 2 13 11 15 17 19 8 4 7 9 5 3 12 1 16 18 20 | 18 16 1 12 3 5 9 7 4 8 6 10 14 2 13 11 15 17 20
7 4 8 6 10 14 2 13 11 15 17 19 9 5 3 12 1 16 18 20 | 18 16 1 12 3 5 9 7 4 8 6 10 14 2 13 11 15 17 20
10 14 2 13 11 15 17 19 6 8 4 7 9 5 3 12 1 16 18 20 | 18 16 1 12 3 5 9 7 4 8 6 10 14 2 13 11 15 17 20
5 9 7 4 8 6 10 14 2 13 11 15 17 19 3 12 1 16 18 20 | 18 16 1 12 3 5 9 7 4 8 6 10 14 2 13 11 15 17 20
7 4 6 3 8 12 14 10 13 11 9 15 18 16 19 2 5 1 17 20 | 17 1 5 2 7 4 6 3 8 12 14 10 13 11 9 15 18 16 20
14 10 13 11 9 15 18 16 19 12 8 3 6 4 7 2 5 1 17 20 | 17 1 5 2 7 4 6 3 8 12 14 10 13 11 9 15 18 16 20
2 7 4 6 3 8 12 14 10 13 11 9 15 18 16 19 5 1 17 20 | 17 1 5 2 7 4 6 3 8 12 14 10 13 11 9 15 18 16 20
6 3 8 12 14 10 13 11 9 15 18 16 19 4 7 2 5 1 17 20 | 17 1 5 2 7 4 6 3 8 12 14 10 13 11 9 15 18 16 20
12 14 10 13 11 9 15 18 16 19 8 3 6 4 7 2 5 1 17 20 | 17 1 5 2 7 4 6 3 8 12 14 10 13 11 9 15 18 16 20
4 6 3 8 12 14 10 13 11 9 15 18 16 19 7 2 5 1 17 20 | 17 1 5 2 7 4 6 3 8 12 14 10 13 11 9 15 18 16 20
16 19 18 15 1 13 3 11 6 9 4 7 10 5 8 12 2 14 17 20 | 17 14 2 12 8 5 10 7 4 9 6 11 3 13 1 15 18 16 20
7 4 9 6 11 3 13 1 15 18 16 19 10 5 8 12 2 14 17 20 | 17 14 2 12 8 5 10 7 4 9 6 11 3 13 1 15 18 16 20
11 3 13 1 15 18 16 19 6 9 4 7 10 5 8 12 2 14 17 20 | 17 14 2 12 8 5 10 7 4 9 6 11 3 13 1 15 18 16 20
15 18 16 19 1 13 3 11 6 9 4 7 10 5 8 12 2 14 17 20 | 17 14 2 12 8 5 10 7 4 9 6 11 3 13 1 15 18 16 20
6 11 3 13 1 15 18 16 19 9 4 7 10 5 8 12 2 14 17 20 | 17 14 2 12 8 5 10 7 4 9 6 11 3 13 1 15 18 16 20
4 9 6 11 3 13 1 15 18 16 19 7 10 5 8 12 2 14 17 20 | 17 14 2 12 8 5 10 7 4 9 6 11 3 13 1 15 18 16 20
3 13 1 15 18 16 19 11 6 9 4 7 10 5 8 12 2 14 17 20 | 17 14 2 12 8 5 10 7 4 9 6 11 3 13 1 15 18 16 20
1 5 2 8 12 14 10 13 11 9 15 17 19 7 3 6 4 16 18 20 | 18 16 4 6 3 7 1 5 2 8 12 14 10 13 11 9 15 17 20
2 8 12 14 10 13 11 9 15 17 19 5 1 7 3 6 4 16 18 20 | 18 16 4 6 3 7 1 5 2 8 12 14 10 13 11 9 15 17 20
14 10 13 11 9 15 17 19 12 8 2 5 1 7 3 6 4 16 18 20 | 18 16 4 6 3 7 1 5 2 8 12 14 10 13 11 9 15 17 20
8 12 14 10 13 11 9 15 17 19 2 5 1 7 3 6 4 16 18 20 | 18 16 4 6 3 7 1 5 2 8 12 14 10 13 11 9 15 17 20
12 14 10 13 11 9 15 17 19 8 2 5 1 7 3 6 4 16 18 20 | 18 16 4 6 3 7 1 5 2 8 12 14 10 13 11 9 15 17 20
5 2 8 12 14 10 13 11 9 15 17 19 1 7 3 6 4 16 18 20 | 18 16 4 6 3 7 1 5 2 8 12 14 10 13 11 9 15 17 20
12 14 10 13 11 9 15 17 19 8 4 2 6 3 5 7 1 16 18 20 | 18 16 1 7 5 3 6 2 4 8 12 14 10 13 11 9 15 17 20
4 8 12 14 10 13 11 9 15 17 19 2 6 3 5 7 1 16 18 20 | 18 16 1 7 5 3 6 2 4 8 12 14 10 13 11 9 15 17 20
8 12 14 10 13 11 9 15 17 19 4 2 6 3 5 7 1 16 18 20 | 18 16 1 7 5 3 6 2 4 8 12 14 10 13 11 9 15 17 20
2 4 8 12 14 10 13 11 9 15 17 19 6 3 5 7 1 16 18 20 | 18 16 1 7 5 3 6 2 4 8 12 14 10 13 11 9 15 17 20
5 3 6 2 4 8 12 14 10 13 11 9 15 17 19 7 1 16 18 20 | 18 16 1 7 5 3 6 2 4 8 12 14 10 13 11 9 15 17 20
13 11 9 15 17 19 10 14 12 8 4 2 6 3 5 7 1 16 18 20 | 18 16 1 7 5 3 6 2 4 8 12 14 10 13 11 9 15 17 20
8 14 11 13 9 12 10 15 17 19 6 2 4 7 3 5 1 16 18 20 | 18 16 1 5 3 7 4 2 6 8 14 11 13 9 12 10 15 17 20
3 7 4 2 6 8 14 11 13 9 12 10 15 17 19 5 1 16 18 20 | 18 16 1 5 3 7 4 2 6 8 14 11 13 9 12 10 15 17 20
14 11 13 9 12 10 15 17 19 8 6 2 4 7 3 5 1 16 18 20 | 18 16 1 5 3 7 4 2 6 8 14 11 13 9 12 10 15 17 20
5 3 7 4 2 6 8 14 11 13 9 12 10 15 17 19 1 16 18 20 | 18 16 1 5 3 7 4 2 6 8 14 11 13 9 12 10 15 17 20
13 9 12 10 15 17 19 11 14 8 6 2 4 7 3 5 1 16 18 20 | 18 16 1 5 3 7 4 2 6 8 14 11 13 9 12 10 15 17 20
12 10 15 17 19 9 13 11 14 8 6 2 4 7 3 5 1 16 18 20 | 18 16 1 5 3 7 4 2 6 8 14 11 13 9 12 10 15 17 20
4 2 6 8 14 11 13 9 12 10 15 17 19 7 3 5 1 16 18 20 | 18 16 1 5 3 7 4 2 6 8 14 11 13 9 12 10 15 17 20
5 3 8 14 11 13 10 12 9 15 18 16 19 2 6 4 7 1 17 20 | 17 1 7 4 6 2 5 3 8 14 11 13 10 12 9 15 18 16 20
14 11 13 10 12 9 15 18 16 19 8 3 5 2 6 4 7 1 17 20 | 17 1 7 4 6 2 5 3 8 14 11 13 10 12 9 15 18 16 20
16 19 18 15 9 12 10 13 11 14 8 3 5 2 6 4 7 1 17 20 | 17 1 7 4 6 2 5 3 8 14 11 13 10 12 9 15 18 16 20
9 15 18 16 19 12 10 13 11 14 8 3 5 2 6 4 7 1 17 20 | 17 1 7 4 6 2 5 3 8 14 11 13 10 12 9 15 18 16 20
7 4 6 2 5 3 8 14 11 13 10 12 9 15 18 16 19 1 17 20 | 17 1 7 4 6 2 5 3 8 14 11 13 10 12 9 15 18 16 20
3 8 14 11 13 10 12 9 15 18 16 19 5 2 6 4 7 1 17 20 | 17 1 7 4 6 2 5 3 8 14 11 13 10 12 9 15 18 16 20
2 5 3 8 14 11 13 10 12 9 15 18 16 19 6 4 7 1 17 20 | 17 1 7 4 6 2 5 3 8 14 11 13 10 12 9 15 18 16 20
1 12 9 14 10 13 15 18 16 19 7 4 6 2 5 3 8 11 17 20 | 17 11 8 3 5 2 6 4 7 1 12 9 14 10 13 15 18 16 20
7 1 12 9 14 10 13 15 18 16 19 4 6 2 5 3 8 11 17 20 | 17 11 8 3 5 2 6 4 7 1 12 9 14 10 13 15 18 16 20
16 19 18 15 13 10 14 9 12 1 7 4 6 2 5 3 8 11 17 20 | 17 11 8 3 5 2 6 4 7 1 12 9 14 10 13 15 18 16 20
12 9 14 10 13 15 18 16 19 1 7 4 6 2 5 3 8 11 17 20 | 17 11 8 3 5 2 6 4 7 1 12 9 14 10 13 15 18 16 20
9 14 10 13 15 18 16 19 12 1 7 4 6 2 5 3 8 11 17 20 | 17 11 8 3 5 2 6 4 7 1 12 9 14 10 13 15 18 16 20
3 5 2 6 4 7 1 12 9 14 10 13 15 18 16 19 8 11 17 20 | 17 11 8 3 5 2 6 4 7 1 12 9 14 10 13 15 18 16 20
8 3 5 2 6 4 7 1 12 9 14 10 13 15 18 16 19 11 17 20 | 17 11 8 3 5 2 6 4 7 1 12 9 14 10 13 15 18 16 20
2 6 4 7 1 12 9 14 10 13 15 18 16 19 5 3 8 11 17 20 | 17 11 8 3 5 2 6 4 7 1 12 9 14 10 13 15 18 16 20
8 12 10 14 9 13 11 15 17 19 3 6 4 7 2 5 1 16 18 20 | 18 16 1 5 2 7 4 6 3 8 12 10 14 9 13 11 15 17 20
4 6 3 8 12 10 14 9 13 11 15 17 19 7 2 5 1 16 18 20 | 18 16 1 5 2 7 4 6 3 8 12 10 14 9 13 11 15 17 20
12 10 14 9 13 11 15 17 19 8 3 6 4 7 2 5 1 16 18 20 | 18 16 1 5 2 7 4 6 3 8 12 10 14 9 13 11 15 17 20
11 15 17 19 13 9 14 10 12 8 3 6 4 7 2 5 1 16 18 20 | 18 16 1 5 2 7 4 6 3 8 12 10 14 9 13 11 15 17 20
3 8 12 10 14 9 13 11 15 17 19 6 4 7 2 5 1 16 18 20 | 18 16 1 5 2 7 4 6 3 8 12 10 14 9 13 11 15 17 20
2 7 4 6 3 8 12 10 14 9 13 11 15 17 19 5 1 16 18 20 | 18 16 1 5 2 7 4 6 3 8 12 10 14 9 13 11 15 17 20
7 4 6 3 8 12 10 14 9 13 11 15 17 19 2 5 1 16 18 20 | 18 16 1 5 2 7 4 6 3 8 12 10 14 9 13 11 15 17 20
13 11 15 17 19 9 14 10 12 8 3 6 4 7 2 5 1 16 18 20 | 18 16 1 5 2 7 4 6 3 8 12 10 14 9 13 11 15 17 20
7 5 3 6 2 4 8 14 12 10 13 9 11 15 17 19 1 16 18 20 | 18 16 1 7 5 3 6 2 4 8 14 12 10 13 9 11 15 17 20
14 12 10 13 9 11 15 17 19 8 4 2 6 3 5 7 1 16 18 20 | 18 16 1 7 5 3 6 2 4 8 14 12 10 13 9 11 15 17 20
10 13 9 11 15 17 19 12 14 8 4 2 6 3 5 7 1 16 18 20 | 18 16 1 7 5 3 6 2 4 8 14 12 10 13 9 11 15 17 20
13 9 11 15 17 19 10 12 14 8 4 2 6 3 5 7 1 16 18 20 | 18 16 1 7 5 3 6 2 4 8 14 12 10 13 9 11 15 17 20
11 15 17 19 9 13 10 12 14 8 4 2 6 3 5 7 1 16 18 20 | 18 16 1 7 5 3 6 2 4 8 14 12 10 13 9 11 15 17 20
4 8 13 11 9 14 12 10 15 17 19 2 6 3 5 7 1 16 18 20 | 18 16 1 7 5 3 6 2 4 8 13 11 9 14 12 10 15 17 20
8 13 11 9 14 12 10 15 17 19 4 2 6 3 5 7 1 16 18 20 | 18 16 1 7 5 3 6 2 4 8 13 11 9 14 12 10 15 17 20
11 9 14 12 10 15 17 19 13 8 4 2 6 3 5 7 1 16 18 20 | 18 16 1 7 5 3 6 2 4 8 13 11 9 14 12 10 15 17 20
5 3 6 2 4 8 13 11 9 14 12 10 15 17 19 7 1 16 18 20 | 18 16 1 7 5 3 6 2 4 8 13 11 9 14 12 10 15 17 20
6 2 4 8 13 11 9 14 12 10 15 17 19 3 5 7 1 16 18 20 | 18 16 1 7 5 3 6 2 4 8 13 11 9 14 12 10 15 17 20
7 5 3 6 2 4 8 13 11 9 14 12 10 15 17 19 1 16 18 20 | 18 16 1 7 5 3 6 2 4 8 13 11 9 14 12 10 15 17 20
11 14 10 13 9 12 15 17 19 8 2 4 6 3 7 5 1 16 18 20 | 18 16 1 5 7 3 6 4 2 8 11 14 10 13 9 12 15 17 20
12 15 17 19 9 13 10 14 11 8 2 4 6 3 7 5 1 16 18 20 | 18 16 1 5 7 3 6 4 2 8 11 14 10 13 9 12 15 17 20
14 10 13 9 12 15 17 19 11 8 2 4 6 3 7 5 1 16 18 20 | 18 16 1 5 7 3 6 4 2 8 11 14 10 13 9 12 15 17 20
2 8 11 14 10 13 9 12 15 17 19 4 6 3 7 5 1 16 18 20 | 18 16 1 5 7 3 6 4 2 8 11 14 10 13 9 12 15 17 20
9 12 15 17 19 13 10 14 11 8 2 4 6 3 7 5 1 16 18 20 | 18 16 1 5 7 3 6 4 2 8 11 14 10 13 9 12 15 17 20
13 9 12 15 17 19 10 14 11 8 2 4 6 3 7 5 1 16 18 20 | 18 16 1 5 7 3 6 4 2 8 11 14 10 13 9 12 15 17 20
7 3 6 4 2 8 11 14 10 13 9 12 15 17 19 5 1 16 18 20 | 18 16 1 5 7 3 6 4 2 8 11 14 10 13 9 12 15 17 20
1 13 3 15 18 16 19 4 9 6 8 5 10 7 11 14 2 12 17 20 | 17 12 2 14 11 7 10 5 8 6 9 4 1 13 3 15 18 16 20
14 11 7 10 5 8 6 9 4 1 13 3 15 18 16 19 2 12 17 20 | 17 12 2 14 11 7 10 5 8 6 9 4 1 13 3 15 18 16 20
13 3 15 18 16 19 1 4 9 6 8 5 10 7 11 14 2 12 17 20 | 17 12 2 14 11 7 10 5 8 6 9 4 1 13 3 15 18 16 20
5 8 6 9 4 1 13 3 15 18 16 19 10 7 11 14 2 12 17 20 | 17 12 2 14 11 7 10 5 8 6 9 4 1 13 3 15 18 16 20
8 6 9 4 1 13 3 15 18 16 19 5 10 7 11 14 2 12 17 20 | 17 12 2 14 11 7 10 5 8 6 9 4 1 13 3 15 18 16 20
7 10 5 8 6 9 4 1 13 3 15 18 16 19 11 14 2 12 17 20 | 17 12 2 14 11 7 10 5 8 6 9 4 1 13 3 15 18 16 20
11 7 10 5 8 6 9 4 1 13 3 15 18 16 19 14 2 12 17 20 | 17 12 2 14 11 7 10 5 8 6 9 4 1 13 3 15 18 16 20
2 14 11 7 10 5 8 6 9 4 1 13 3 15 18 16 19 12 17 20 | 17 12 2 14 11 7 10 5 8 6 9 4 1 13 3 15 18 16 20
9 4 1 13 3 15 18 16 19 6 8 5 10 7 11 14 2 12 17 20 | 17 12 2 14 11 7 10 5 8 6 9 4 1 13 3 15 18 16 20
1 6 3 8 14 11 13 10 12 9 15 17 19 4 7 2 5 16 18 20 | 18 16 5 2 7 4 1 6 3 8 14 11 13 10 12 9 15 17 20
14 11 13 10 12 9 15 17 19 8 3 6 1 4 7 2 5 16 18 20 | 18 16 5 2 7 4 1 6 3 8 14 11 13 10 12 9 15 17 20
12 9 15 17 19 10 13 11 14 8 3 6 1 4 7 2 5 16 18 20 | 18 16 5 2 7 4 1 6 3 8 14 11 13 10 12 9 15 17 20
7 4 1 6 3 8 14 11 13 10 12 9 15 17 19 2 5 16 18 20 | 18 16 5 2 7 4 1 6 3 8 14 11 13 10 12 9 15 17 20
13 10 12 9 15 17 19 11 14 8 3 6 1 4 7 2 5 16 18 20 | 18 16 5 2 7 4 1 6 3 8 14 11 13 10 12 9 15 17 20
6 3 8 14 11 13 10 12 9 15 17 19 1 4 7 2 5 16 18 20 | 18 16 5 2 7 4 1 6 3 8 14 11 13 10 12 9 15 17 20
8 14 11 13 10 12 9 15 17 19 3 6 1 4 7 2 5 16 18 20 | 18 16 5 2 7 4 1 6 3 8 14 11 13 10 12 9 15 17 20
9 11 15 17 19 13 10 12 14 8 4 7 2 5 3 6 1 16 18 20 | 18 16 1 6 3 5 2 7 4 8 14 12 10 13 9 11 15 17 20
7 4 8 14 12 10 13 9 11 15 17 19 2 5 3 6 1 16 18 20 | 18 16 1 6 3 5 2 7 4 8 14 12 10 13 9 11 15 17 20
2 7 4 8 14 12 10 13 9 11 15 17 19 5 3 6 1 16 18 20 | 18 16 1 6 3 5 2 7 4 8 14 12 10 13 9 11 15 17 20
6 3 5 2 7 4 8 14 12 10 13 9 11 15 17 19 1 16 18 20 | 18 16 1 6 3 5 2 7 4 8 14 12 10 13 9 11 15 17 20
14 12 10 13 9 11 15 17 19 8 4 7 2 5 3 6 1 16 18 20 | 18 16 1 6 3 5 2 7 4 8 14 12 10 13 9 11 15 17 20
3 5 2 7 4 8 14 12 10 13 9 11 15 17 19 6 1 16 18 20 | 18 16 1 6 3 5 2 7 4 8 14 12 10 13 9 11 15 17 20
11 15 17 19 9 13 10 12 14 8 4 7 2 5 3 6 1 16 18 20 | 18 16 1 6 3 5 2 7 4 8 14 12 10 13 9 11 15 17 20
2 4 8 14 12 10 13 11 9 15 18 16 19 6 3 5 7 1 17 20 | 17 1 7 5 3 6 2 4 8 14 12 10 13 11 9 15 18 16 20
6 2 4 8 14 12 10 13 11 9 15 18 16 19 3 5 7 1 17 20 | 17 1 7 5 3 6 2 4 8 14 12 10 13 11 9 15 18 16 20
14 12 10 13 11 9 15 18 16 19 8 4 2 6 3 5 7 1 17 20 | 17 1 7 5 3 6 2 4 8 14 12 10 13 11 9 15 18 16 20
8 14 12 10 13 11 9 15 18 16 19 4 2 6 3 5 7 1 17 20 | 17 1 7 5 3 6 2 4 8 14 12 10 13 11 9 15 18 16 20
11 9 15 18 16 19 13 10 12 14 8 4 2 6 3 5 7 1 17 20 | 17 1 7 5 3 6 2 4 8 14 12 10 13 11 9 15 18 16 20
7 5 3 6 2 4 8 14 12 10 13 11 9 15 18 16 19 1 17 20 | 17 1 7 5 3 6 2 4 8 14 12 10 13 11 9 15 18 16 20
3 6 2 4 8 14 12 10 13 11 9 15 18 16 19 5 7 1 17 20 | 17 1 7 5 3 6 2 4 8 14 12 10 13 11 9 15 18 16 20
1 5 2 8 13 11 9 14 12 10 15 18 16 19 7 3 6 4 17 20 | 17 4 6 3 7 1 5 2 8 13 11 9 14 12 10 15 18 16 20
9 14 12 10 15 18 16 19 11 13 8 2 5 1 7 3 6 4 17 20 | 17 4 6 3 7 1 5 2 8 13 11 9 14 12 10 15 18 16 20
16 19 18 15 10 12 14 9 11 13 8 2 5 1 7 3 6 4 17 20 | 17 4 6 3 7 1 5 2 8 13 11 9 14 12 10 15 18 16 20
13 11 9 14 12 10 15 18 16 19 8 2 5 1 7 3 6 4 17 20 | 17 4 6 3 7 1 5 2 8 13 11 9 14 12 10 15 18 16 20
7 1 5 2 8 13 11 9 14 12 10 15 18 16 19 3 6 4 17 20 | 17 4 6 3 7 1 5 2 8 13 11 9 14 12 10 15 18 16 20
1 6 4 8 10 14 12 9 13 11 15 18 16 19 3 7 2 5 17 20 | 17 5 2 7 3 1 6 4 8 10 14 12 9 13 11 15 18 16 20
6 4 8 10 14 12 9 13 11 15 18 16 19 1 3 7 2 5 17 20 | 17 5 2 7 3 1 6 4 8 10 14 12 9 13 11 15 18 16 20
13 11 15 18 16 19 9 12 14 10 8 4 6 1 3 7 2 5 17 20 | 17 5 2 7 3 1 6 4 8 10 14 12 9 13 11 15 18 16 20
11 15 18 16 19 13 9 12 14 10 8 4 6 1 3 7 2 5 17 20 | 17 5 2 7 3 1 6 4 8 10 14 12 9 13 11 15 18 16 20
4 8 10 14 12 9 13 11 15 18 16 19 6 1 3 7 2 5 17 20 | 17 5 2 7 3 1 6 4 8 10 14 12 9 13 11 15 18 16 20
2 7 3 1 6 4 8 10 14 12 9 13 11 15 18 16 19 5 17 20 | 17 5 2 7 3 1 6 4 8 10 14 12 9 13 11 15 18 16 20
1 6 3 8 14 11 13 9 12 10 15 18 16 19 4 7 2 5 17 20 | 17 5 2 7 4 1 6 3 8 14 11 13 9 12 10 15 18 16 20
8 14 11 13 9 12 10 15 18 16 19 3 6 1 4 7 2 5 17 20 | 17 5 2 7 4 1 6 3 8 14 11 13 9 12 10 15 18 16 20
6 3 8 14 11 13 9 12 10 15 18 16 19 1 4 7 2 5 17 20 | 17 5 2 7 4 1 6 3 8 14 11 13 9 12 10 15 18 16 20
3 8 14 11 13 9 12 10 15 18 16 19 6 1 4 7 2 5 17 20 | 17 5 2 7 4 1 6 3 8 14 11 13 9 12 10 15 18 16 20
12 10 15 18 16 19 9 13 11 14 8 3 6 1 4 7 2 5 17 20 | 17 5 2 7 4 1 6 3 8 14 11 13 9 12 10 15 18 16 20
16 19 18 15 10 12 9 13 11 14 8 2 5 3 6 4 7 1 17 20 | 17 1 7 4 6 3 5 2 8 14 11 13 9 12 10 15 18 16 20
3 5 2 8 14 11 13 9 12 10 15 18 16 19 6 4 7 1 17 20 | 17 1 7 4 6 3 5 2 8 14 11 13 9 12 10 15 18 16 20
8 14 11 13 9 12 10 15 18 16 19 2 5 3 6 4 7 1 17 20 | 17 1 7 4 6 3 5 2 8 14 11 13 9 12 10 15 18 16 20
13 9 12 10 15 18 16 19 11 14 8 2 5 3 6 4 7 1 17 20 | 17 1 7 4 6 3 5 2 8 14 11 13 9 12 10 15 18 16 20
7 4 6 3 5 2 8 14 11 13 9 12 10 15 18 16 19 1 17 20 | 17 1 7 4 6 3 5 2 8 14 11 13 9 12 10 15 18 16 20
9 12 10 15 18 16 19 13 11 14 8 2 5 3 6 4 7 1 17 20 | 17 1 7 4 6 3 5 2 8 14 11 13 9 12 10 15 18 16 20
12 10 15 18 16 19 9 13 11 14 8 2 5 3 6 4 7 1 17 20 | 17 1 7 4 6 3 5 2 8 14 11 13 9 12 10 15 18 16 20
4 6 3 5 2 8 14 11 13 9 12 10 15 18 16 19 7 1 17 20 | 17 1 7 4 6 3 5 2 8 14 11 13 9 12 10 15 18 16 20
4 8 14 12 10 13 11 9 15 18 16 19 2 5 7 3 6 1 17 20 | 17 1 6 3 7 5 2 4 8 14 12 10 13 11 9 15 18 16 20
8 14 12 10 13 11 9 15 18 16 19 4 2 5 7 3 6 1 17 20 | 17 1 6 3 7 5 2 4 8 14 12 10 13 11 9 15 18 16 20
11 9 15 18 16 19 13 10 12 14 8 4 2 5 7 3 6 1 17 20 | 17 1 6 3 7 5 2 4 8 14 12 10 13 11 9 15 18 16 20
14 12 10 13 11 9 15 18 16 19 8 4 2 5 7 3 6 1 17 20 | 17 1 6 3 7 5 2 4 8 14 12 10 13 11 9 15 18 16 20
5 2 4 8 14 12 10 13 11 9 15 18 16 19 7 3 6 1 17 20 | 17 1 6 3 7 5 2 4 8 14 12 10 13 11 9 15 18 16 20
7 5 2 4 8 14 12 10 13 11 9 15 18 16 19 3 6 1 17 20 | 17 1 6 3 7 5 2 4 8 14 12 10 13 11 9 15 18 16 20
14 11 13 10 15 17 19 9 12 8 4 7 2 5 3 6 1 16 18 20 | 18 16 1 6 3 5 2 7 4 8 12 9 14 11 13 10 15 17 20
7 4 8 12 9 14 11 13 10 15 17 19 2 5 3 6 1 16 18 20 | 18 16 1 6 3 5 2 7 4 8 12 9 14 11 13 10 15 17 20
13 10 15 17 19 11 14 9 12 8 4 7 2 5 3 6 1 16 18 20 | 18 16 1 6 3 5 2 7 4 8 12 9 14 11 13 10 15 17 20
2 7 4 8 12 9 14 11 13 10 15 17 19 5 3 6 1 16 18 20 | 18 16 1 6 3 5 2 7 4 8 12 9 14 11 13 10 15 17 20
12 9 14 11 13 10 15 17 19 8 4 7 2 5 3 6 1 16 18 20 | 18 16 1 6 3 5 2 7 4 8 12 9 14 11 13 10 15 17 20
8 12 9 14 11 13 10 15 17 19 4 7 2 5 3 6 1 16 18 20 | 18 16 1 6 3 5 2 7 4 8 12 9 14 11 13 10 15 17 20
10 15 17 19 13 11 14 9 12 8 4 7 2 5 3 6 1 16 18 20 | 18 16 1 6 3 5 2 7 4 8 12 9 14 11 13 10 15 17 20
1 6 4 8 10 14 12 9 13 11 15 17 19 3 7 2 5 16 18 20 | 18 16 5 2 7 3 1 6 4 8 10 14 12 9 13 11 15 17 20
3 1 6 4 8 10 14 12 9 13 11 15 17 19 7 2 5 16 18 20 | 18 16 5 2 7 3 1 6 4 8 10 14 12 9 13 11 15 17 20
6 4 8 10 14 12 9 13 11 15 17 19 1 3 7 2 5 16 18 20 | 18 16 5 2 7 3 1 6 4 8 10 14 12 9 13 11 15 17 20
2 7 3 1 6 4 8 10 14 12 9 13 11 15 17 19 5 16 18 20 | 18 16 5 2 7 3 1 6 4 8 10 14 12 9 13 11 15 17 20
11 15 17 19 13 9 12 14 10 8 4 6 1 3 7 2 5 16 18 20 | 18 16 5 2 7 3 1 6 4 8 10 14 12 9 13 11 15 17 20
10 14 12 9 13 11 15 17 19 8 4 6 1 3 7 2 5 16 18 20 | 18 16 5 2 7 3 1 6 4 8 10 14 12 9 13 11 15 17 20
13 11 15 17 19 9 12 14 10 8 4 6 1 3 7 2 5 16 18 20 | 18 16 5 2 7 3 1 6 4 8 10 14 12 9 13 11 15 17 20
6 3 5 2 8 14 11 13 10 12 9 15 18 16 19 4 7 1 17 20 | 17 1 7 4 6 3 5 2 8 14 11 13 10 12 9 15 18 16 20
8 14 11 13 10 12 9 15 18 16 19 2 5 3 6 4 7 1 17 20 | 17 1 7 4 6 3 5 2 8 14 11 13 10 12 9 15 18 16 20
4 6 3 5 2 8 14 11 13 10 12 9 15 18 16 19 7 1 17 20 | 17 1 7 4 6 3 5 2 8 14 11 13 10 12 9 15 18 16 20
3 5 2 8 14 11 13 10 12 9 15 18 16 19 6 4 7 1 17 20 | 17 1 7 4 6 3 5 2 8 14 11 13 10 12 9 15 18 16 20
12 9 15 18 16 19 10 13 11 14 8 2 5 3 6 4 7 1 17 20 | 17 1 7 4 6 3 5 2 8 14 11 13 10 12 9 15 18 16 20
7 4 6 3 5 2 8 14 11 13 10 12 9 15 18 16 19 1 17 20 | 17 1 7 4 6 3 5 2 8 14 11 13 10 12 9 15 18 16 20
14 11 13 10 12 9 15 18 16 19 8 2 5 3 6 4 7 1 17 20 | 17 1 7 4 6 3 5 2 8 14 11 13 10 12 9 15 18 16 20
2 6 8 12 14 10 13 11 9 15 17 19 4 7 3 5 1 16 18 20 | 18 16 1 5 3 7 4 2 6 8 12 14 10 13 11 9 15 17 20
5 3 7 4 2 6 8 12 14 10 13 11 9 15 17 19 1 16 18 20 | 18 16 1 5 3 7 4 2 6 8 12 14 10 13 11 9 15 17 20
7 4 2 6 8 12 14 10 13 11 9 15 17 19 3 5 1 16 18 20 | 18 16 1 5 3 7 4 2 6 8 12 14 10 13 11 9 15 17 20
3 7 4 2 6 8 12 14 10 13 11 9 15 17 19 5 1 16 18 20 | 18 16 1 5 3 7 4 2 6 8 12 14 10 13 11 9 15 17 20
4 2 6 8 12 14 10 13 11 9 15 17 19 7 3 5 1 16 18 20 | 18 16 1 5 3 7 4 2 6 8 12 14 10 13 11 9 15 17 20
11 9 15 17 19 13 10 14 12 8 6 2 4 7 3 5 1 16 18 20 | 18 16 1 5 3 7 4 2 6 8 12 14 10 13 11 9 15 17 20
14 10 13 11 9 15 17 19 12 8 6 2 4 7 3 5 1 16 18 20 | 18 16 1 5 3 7 4 2 6 8 12 14 10 13 11 9 15 17 20
6 8 12 14 10 13 11 9 15 17 19 2 4 7 3 5 1 16 18 20 | 18 16 1 5 3 7 4 2 6 8 12 14 10 13 11 9 15 17 20
13 11 9 15 17 19 10 14 12 8 6 2 4 7 3 5 1 16 18 20 | 18 16 1 5 3 7 4 2 6 8 12 14 10 13 11 9 15 17 20
