14 12 9 13 11 15 20 17 19 16 18 22 10 8 4 2 6 3 5 7 21 1
11 9 20 17 19 16 18 15 22 21 1 7 5 3 6 2 4 8 12 14 10 13
9 13 11 14 8 22 12 10 15 18 16 19 17 20 5 2 7 4 1 6 21 3
14 10 13 11 9 15 17 19 16 20 18 22 12 8 6 2 4 7 3 5 21 1
5 3 7 4 2 6 8 12 14 10 13 11 9 15 17 19 16 20 18 22 21 1
10 7 9 4 1 13 3 20 17 19 16 18 15 22 21 12 2 14 11 5 8 6
15 9 12 10 13 11 22 21 1 5 7 4 2 6 3 8 14 20 17 19 16 18
8 4 1 13 3 15 18 20 17 19 16 22 10 6 9 7 5 11 14 2 21 12
12 14 10 13 11 9 15 20 17 19 16 18 22 8 3 6 4 7 2 5 21 1
5 2 7 4 6 3 8 12 14 10 13 11 9 15 20 17 19 16 18 22 21 1
14 11 13 9 12 10 15 17 19 16 20 18 22 8 3 5 2 6 4 7 21 1
12 10 15 17 19 16 20 18 22 9 13 11 14 8 3 5 2 6 4 7 21 1
17 15 9 22 19 16 18 20 12 10 14 11 13 8 2 4 6 3 5 7 21 1
3 5 7 1 21 15 22 6 4 2 8 14 12 10 13 11 9 20 17 19 16 18
5 7 1 21 15 22 3 6 4 2 8 14 12 10 13 11 9 20 17 19 16 18
7 1 21 15 22 5 3 6 4 2 8 14 12 10 13 11 9 20 17 19 16 18
12 14 10 13 11 9 15 17 19 16 20 18 22 8 4 2 6 3 5 7 21 1
3 5 7 1 21 15 22 6 2 4 8 12 14 10 13 11 9 20 18 16 19 17
2 8 5 3 7 1 4 10 14 12 15 17 19 16 20 18 22 6 9 13 21 11
13 9 6 2 8 5 3 7 1 4 10 14 12 15 17 19 16 20 18 22 21 11
7 10 5 8 6 9 4 1 13 3 15 17 19 16 20 18 22 11 14 2 21 12
2 14 11 7 10 5 8 6 9 4 1 13 3 15 17 19 16 20 18 22 21 12
7 5 1 21 10 13 9 20 18 16 19 17 15 12 22 3 6 4 2 8 11 14
3 7 5 1 21 10 13 9 20 18 16 19 17 15 12 22 6 4 2 8 11 14
6 3 7 5 1 21 10 13 9 20 18 16 19 17 15 12 22 4 2 8 11 14
12 10 15 18 16 20 17 19 22 9 13 11 14 8 3 5 2 6 4 7 21 1
11 22 21 1 5 3 7 4 2 6 8 13 20 18 16 19 17 15 10 12 14 9
6 3 7 5 1 21 15 22 4 2 8 12 10 14 9 13 11 20 17 19 16 18
11 22 21 3 5 2 7 4 6 1 8 12 10 14 9 13 20 17 19 16 18 15
6 1 4 7 2 5 8 14 11 13 9 12 10 15 20 17 19 16 18 22 21 3
12 10 15 20 17 19 16 18 22 9 13 11 14 8 5 2 7 4 1 6 21 3
12 14 10 8 22 21 3 5 2 7 4 6 1 20 18 16 19 17 15 11 13 9
19 16 18 15 10 12 9 13 11 22 21 4 6 3 7 1 5 2 8 14 20 17
3 5 8 2 6 9 13 11 21 10 14 12 15 18 16 20 17 19 22 7 1 4
8 2 6 9 13 11 21 10 14 12 15 18 16 20 17 19 22 5 3 7 1 4
14 10 13 11 9 15 17 20 18 16 19 22 12 8 4 6 2 5 7 3 21 1
19 16 18 15 3 13 22 21 12 2 14 11 5 8 6 10 7 9 4 1 20 17
18 16 19 17 15 11 9 13 10 12 22 21 3 5 2 7 4 6 1 8 14 20
11 9 20 17 19 16 18 15 22 21 3 5 2 7 4 6 1 8 12 14 10 13
2 5 3 8 14 11 13 10 12 9 15 18 16 20 17 19 22 21 1 7 4 6
5 8 2 6 9 13 11 21 10 14 12 15 18 16 20 17 19 22 3 7 1 4
18 16 19 17 15 22 21 1 12 3 7 5 9 6 4 8 10 14 2 13 11 20
7 1 21 15 22 5 3 6 2 4 8 12 14 10 13 11 9 20 17 19 16 18
19 16 18 15 11 9 13 10 12 22 21 1 7 5 3 6 2 4 8 14 20 17
7 2 5 3 6 1 21 10 22 4 8 14 11 13 20 17 19 16 18 15 9 12
2 5 3 6 1 21 10 22 7 4 8 14 11 13 20 17 19 16 18 15 9 12
10 22 21 1 6 3 5 2 7 4 8 14 11 13 20 17 19 16 18 15 9 12
7 5 3 6 2 4 8 14 12 10 13 11 9 15 18 16 19 17 20 22 21 1
5 3 7 4 2 6 8 14 11 13 10 12 9 15 18 16 19 17 20 22 21 1
4 8 5 9 6 3 12 1 21 19 17 15 22 7 10 14 2 13 11 20 18 16
1 6 4 7 2 5 3 21 15 22 8 14 12 10 13 11 9 20 18 16 19 17
4 8 14 12 20 17 19 16 18 15 9 11 13 10 22 2 6 21 5 7 3 1
19 17 15 10 12 9 13 11 22 21 1 5 7 4 2 6 3 8 14 20 18 16
15 1 13 3 7 10 5 8 11 6 9 4 12 22 21 14 2 20 18 16 19 17
4 2 5 7 3 6 1 21 15 9 12 10 13 11 22 8 14 20 18 16 19 17
6 1 21 15 9 12 10 13 11 22 3 7 5 2 4 8 14 20 18 16 19 17
3 6 1 21 15 9 12 10 13 11 22 7 5 2 4 8 14 20 18 16 19 17
6 4 7 2 5 3 21 12 10 22 1 8 14 11 13 20 17 19 16 18 15 9
4 7 2 5 3 21 12 10 22 6 1 8 14 11 13 20 17 19 16 18 15 9
1 6 4 7 2 5 3 21 12 10 22 8 14 11 13 20 17 19 16 18 15 9
11 6 9 5 7 10 8 4 1 13 3 15 20 17 19 16 18 22 21 12 2 14
5 10 14 20 18 16 19 17 15 11 13 2 22 8 6 9 4 7 3 12 21 1
13 22 21 1 5 2 7 4 6 3 8 14 12 10 20 18 16 19 17 15 9 11
2 5 3 7 4 6 1 21 9 12 10 22 8 14 11 13 20 18 16 19 17 15
12 3 9 7 5 8 4 6 10 14 2 13 11 15 17 20 18 16 19 22 21 1
3 7 5 2 6 4 8 14 12 10 13 11 9 15 17 19 16 18 20 22 21 1
6 4 7 3 5 2 8 14 12 10 13 9 11 15 17 19 16 20 18 22 21 1
14 12 10 13 9 11 15 17 19 16 20 18 22 8 2 5 3 7 4 6 21 1
11 15 17 19 16 20 18 22 9 13 10 12 14 8 2 5 3 7 4 6 21 1
4 1 6 3 8 12 9 14 11 13 10 15 17 20 18 16 19 22 21 5 2 7
8 5 9 7 10 4 1 20 18 16 19 17 15 3 13 22 6 11 14 21 12 2
9 12 10 15 17 19 16 18 20 22 21 5 2 7 4 1 6 3 8 14 11 13
9 12 10 15 20 18 16 19 17 22 21 3 6 1 4 7 2 5 8 14 11 13
14 11 13 9 12 10 15 17 19 16 20 18 22 8 3 6 1 4 7 2 21 5
2 7 4 1 6 3 8 14 11 13 9 12 10 15 17 19 16 20 18 22 21 5
2 5 3 8 14 12 10 13 9 11 15 18 20 17 19 16 22 21 1 7 4 6
6 3 21 11 20 18 16 19 17 15 10 13 22 1 4 7 2 5 8 12 9 14
2 7 4 1 6 3 21 11 20 18 16 19 17 15 10 13 22 5 8 12 9 14
12 14 10 13 11 9 15 18 16 20 17 19 22 8 3 5 2 6 4 7 21 1
14 10 13 11 9 15 18 16 20 17 19 22 12 8 3 5 2 6 4 7 21 1
12 14 10 13 11 9 15 20 17 19 16 18 22 8 4 7 2 5 3 6 21 1
6 3 5 2 7 4 8 12 14 10 13 11 9 15 20 17 19 16 18 22 21 1
4 6 2 5 7 3 1 21 15 9 12 10 13 11 22 8 14 20 18 16 19 17
3 1 21 15 9 12 10 13 11 22 7 5 2 6 4 8 14 20 18 16 19 17
6 2 5 7 3 1 21 15 9 12 10 13 11 22 4 8 14 20 18 16 19 17
15 9 12 10 13 11 22 21 1 3 7 5 2 6 4 8 14 20 18 16 19 17
1 14 2 13 15 20 17 19 16 18 22 12 3 6 9 4 7 11 8 5 21 10
19 17 15 3 13 22 21 12 2 14 11 7 5 8 10 6 9 4 1 20 18 16
5 3 7 2 6 4 8 14 11 13 10 12 9 15 20 17 19 16 18 22 21 1
14 11 13 10 12 9 15 20 17 19 16 18 22 8 4 6 2 7 3 5 21 1
2 13 11 15 17 19 16 18 20 22 21 1 12 3 9 6 8 5 7 4 10 14
16 19 17 15 12 9 13 10 22 21 1 6 4 7 3 5 2 8 11 14 20 18
2 7 4 22 21 3 6 1 20 18 16 19 17 15 9 12 10 13 11 14 8 5
11 20 18 16 19 17 15 22 21 1 12 3 8 5 9 7 4 6 10 14 2 13
2 12 8 5 10 7 4 9 6 11 3 13 1 15 20 18 16 19 17 22 21 14
10 13 20 18 16 19 17 15 11 9 22 12 14 8 4 6 2 7 3 5 21 1
6 4 7 2 5 1 21 9 12 10 13 11 22 3 8 14 20 18 16 19 17 15
12 14 10 13 11 9 15 20 17 19 16 18 22 8 4 6 2 5 1 3 21 7
4 1 6 3 8 14 11 13 10 12 9 15 20 17 19 16 18 22 21 5 2 7
14 11 13 10 12 9 15 20 17 19 16 18 22 8 3 6 1 4 21 5 2 7
13 11 9 14 12 10 15 17 20 18 16 19 22 8 6 2 4 7 3 5 21 1
17 19 16 18 15 10 12 9 13 11 22 21 1 5 7 4 2 6 3 8 14 20
10 13 20 17 19 16 18 15 12 9 22 21 1 5 7 3 6 4 2 8 11 14
9 12 10 14 11 13 8 6 22 21 1 5 3 7 4 2 20 17 19 16 18 15
12 10 14 9 13 11 15 17 20 18 16 19 22 8 3 6 4 7 2 5 21 1
14 12 8 5 2 7 4 1 22 21 3 6 20 17 19 16 18 15 9 11 13 10
14 11 5 8 6 10 7 9 4 1 20 18 16 19 17 15 3 13 22 21 12 2
5 8 6 10 7 9 4 1 20 18 16 19 17 15 3 13 22 11 14 21 12 2
7 9 4 1 20 18 16 19 17 15 3 13 22 10 6 8 5 11 14 21 12 2
5 2 6 4 8 14 11 13 10 12 9 15 18 16 20 17 19 22 21 7 3 1
9 15 17 20 18 16 19 22 21 3 5 2 7 4 6 1 8 14 12 10 13 11
17 15 10 12 9 13 11 22 21 5 2 7 4 1 6 3 8 14 20 18 16 19
12 10 14 9 13 11 15 17 20 18 16 19 22 8 4 2 5 7 3 6 21 1
12 10 15 20 17 19 16 18 22 9 13 11 14 8 2 5 3 6 4 7 21 1
2 6 4 8 14 12 10 13 9 11 15 18 16 20 17 19 22 21 1 5 3 7
10 14 12 9 13 11 15 18 20 17 19 16 22 8 5 2 7 4 1 6 21 3
16 18 15 9 22 19 17 20 11 13 10 14 12 8 4 2 6 3 5 7 21 1
10 15 17 20 18 16 19 22 21 1 7 5 3 6 2 4 8 13 11 9 14 12
18 16 19 17 15 10 12 9 13 11 22 21 4 6 3 7 1 5 2 8 14 20
5 2 8 13 11 14 10 12 9 15 18 20 17 19 16 22 21 4 6 3 7 1
11 13 9 22 21 1 5 3 7 2 6 4 8 10 14 12 20 17 19 16 18 15
5 3 8 12 9 14 11 13 10 15 20 17 19 16 18 22 21 1 7 4 6 2
2 5 8 12 14 10 13 11 9 15 18 16 20 17 19 22 21 3 6 1 4 7
3 6 1 4 7 22 21 5 2 20 17 19 16 18 15 9 11 13 10 14 12 8
19 17 15 22 21 12 2 14 11 6 9 5 7 10 8 4 1 13 3 20 18 16
17 15 10 22 19 16 18 20 12 9 13 11 14 8 2 4 6 3 7 5 21 1
5 7 3 6 4 2 8 14 11 13 9 12 20 18 16 19 17 15 10 22 21 1
9 12 20 18 16 19 17 15 10 22 13 11 14 8 2 4 6 3 7 5 21 1
9 15 18 20 17 19 16 22 12 10 13 11 14 8 3 6 2 4 7 5 21 1
14 11 13 10 12 9 15 18 20 17 19 16 22 8 3 6 2 4 7 5 21 1
11 15 17 19 16 20 18 22 9 13 10 12 14 8 5 2 7 4 1 6 21 3
14 12 10 13 9 11 15 17 19 16 20 18 22 8 5 2 7 4 1 6 21 3
13 11 15 17 19 16 18 20 22 9 14 10 12 8 1 6 4 7 2 5 21 3
10 14 9 13 11 15 17 19 16 18 20 22 12 8 1 6 4 7 2 5 21 3
11 20 18 16 19 17 15 10 13 22 21 7 3 1 5 2 6 4 8 12 9 14
5 1 3 7 21 11 20 18 16 19 17 15 10 13 22 2 6 4 8 12 9 14
3 7 21 11 20 18 16 19 17 15 10 13 22 1 5 2 6 4 8 12 9 14
2 6 3 5 7 1 21 15 22 4 8 13 11 9 14 12 10 20 18 16 19 17
15 22 21 1 7 5 3 6 2 4 8 13 11 9 14 12 10 20 18 16 19 17
5 7 1 21 15 22 3 6 2 4 8 13 11 9 14 12 10 20 18 16 19 17
4 2 6 3 5 7 1 21 15 22 8 13 11 9 14 12 10 20 18 16 19 17
4 10 7 12 20 17 14 19 16 13 18 15 22 21 1 6 3 9 5 11 2 8
6 2 4 8 14 12 10 13 9 11 15 18 20 17 19 16 22 21 5 7 3 1
5 7 1 21 15 22 3 6 4 2 8 14 12 10 13 9 11 20 17 19 16 18
7 1 21 15 22 5 3 6 4 2 8 14 12 10 13 9 11 20 17 19 16 18
2 5 8 12 14 10 13 11 9 15 18 20 17 19 16 22 21 3 6 1 4 7
14 9 13 11 15 18 16 20 17 19 22 10 12 8 2 5 3 6 4 7 21 1
13 11 15 18 16 20 17 19 22 9 14 10 12 8 2 5 3 6 4 7 21 1
7 3 12 1 21 18 16 19 17 15 11 13 2 22 5 9 6 4 8 10 14 20
9 11 15 18 16 19 17 20 22 21 3 5 2 7 4 6 1 8 14 12 10 13
14 12 10 15 18 20 17 19 16 22 9 11 13 8 6 2 4 7 3 5 21 1
13 11 9 14 12 10 15 18 20 17 19 16 22 8 6 2 4 7 3 5 21 1
5 2 6 4 8 14 11 13 9 12 10 15 17 20 18 16 19 22 21 1 3 7
14 10 12 9 20 18 16 19 17 15 22 21 1 5 2 7 4 6 3 8 13 11
2 6 4 8 12 14 10 13 11 9 15 17 19 16 20 18 22 21 1 5 3 7
2 6 8 13 11 14 10 12 9 15 18 20 17 19 16 22 21 1 5 3 7 4
16 18 15 9 12 10 22 21 7 3 1 5 2 6 4 8 14 11 13 20 17 19
2 6 8 12 10 14 9 13 11 15 17 19 16 20 18 22 21 1 5 3 7 4
14 11 13 8 2 5 1 7 3 6 22 21 4 20 17 19 16 18 15 9 12 10
10 7 4 8 5 3 12 1 14 2 13 15 18 20 17 19 16 22 21 11 9 6
7 5 8 10 6 9 4 1 13 3 15 18 16 20 17 19 22 11 14 2 21 12
9 4 1 13 3 15 18 16 20 17 19 22 6 10 8 5 7 11 14 2 21 12
8 10 6 9 4 1 13 3 15 18 16 20 17 19 22 5 7 11 14 2 21 12
5 8 10 6 9 4 1 13 3 15 18 16 20 17 19 22 7 11 14 2 21 12
2 14 11 7 5 8 10 6 9 4 1 13 3 15 18 16 20 17 19 22 21 12
2 6 8 10 14 12 9 13 11 15 18 16 20 17 19 22 21 1 5 3 7 4
11 9 20 18 16 19 17 15 22 21 1 5 7 4 2 6 3 8 12 14 10 13
14 11 13 8 2 5 22 21 4 6 3 7 1 20 17 19 16 18 15 9 12 10
4 6 8 5 7 9 3 12 1 21 15 22 10 14 2 13 11 20 18 16 19 17
2 9 6 11 4 7 12 3 10 5 8 13 1 15 20 18 16 19 17 22 21 14
4 7 12 3 10 5 8 13 1 15 20 18 16 19 17 22 11 6 9 2 21 14
3 7 4 6 1 21 15 22 5 2 8 12 14 10 13 11 9 20 17 19 16 18
2 5 1 7 3 6 4 21 16 19 17 15 10 12 22 8 13 11 9 14 20 18
16 19 17 15 10 12 22 21 4 6 3 7 1 5 2 8 13 11 9 14 20 18
6 4 8 12 14 10 13 11 9 15 17 20 18 16 19 22 21 7 3 1 5 2
5 7 1 21 16 18 15 9 11 13 10 22 3 6 2 4 8 14 12 20 17 19
3 5 7 1 21 16 18 15 9 11 13 10 22 6 2 4 8 14 12 20 17 19
2 14 11 7 5 9 6 8 10 4 1 13 3 15 17 19 16 20 18 22 21 12
2 14 11 5 7 9 6 10 8 4 1 13 3 15 20 17 19 16 18 22 21 12
6 2 14 3 5 1 21 17 15 22 11 9 7 12 10 8 13 4 20 18 16 19
2 14 11 7 10 5 8 6 9 4 1 13 3 15 20 18 16 19 17 22 21 12
3 12 1 21 17 15 11 22 7 9 5 8 6 4 10 14 2 13 20 18 16 19
20 22 21 1 12 3 5 9 7 4 8 6 10 14 2 13 11 15 17 19 16 18
