1 4 2 6 21 18 23 20 17 9 14 11 16 13 10 15 12 8 5 3 7 22 19
1 4 2 6 21 18 23 20 17 13 10 15 12 9 14 11 16 8 5 3 7 22 19
1 5 3 7 2 6 4 8 22 12 15 10 13 16 11 14 9 21 18 20 17 23 19
1 5 3 7 2 6 4 8 22 18 20 17 9 14 11 16 13 10 15 12 23 19 21
1 5 3 7 2 6 4 8 21 18 23 20 17 22 19 16 11 14 9 12 15 10 13
1 5 3 7 4 2 6 8 12 10 14 11 15 22 20 17 13 9 16 23 19 21 18
1 5 3 7 4 2 6 8 22 18 20 17 9 14 11 16 13 10 15 12 23 19 21
1 5 3 7 4 2 6 8 22 12 15 10 13 16 11 14 9 21 18 20 17 23 19
1 5 3 7 4 2 6 8 21 18 23 20 17 22 19 16 11 14 9 12 15 10 13
1 5 7 3 6 4 2 8 21 18 23 20 17 22 19 16 11 14 9 12 15 10 13
3 19 1 5 13 8 11 6 9 12 7 10 14 16 22 15 23 17 20 4 18 2 21
1 6 3 5 2 7 4 8 22 18 20 17 9 14 11 16 13 10 15 12 23 19 21
1 6 3 5 2 7 4 8 22 12 15 10 13 16 11 14 9 21 18 20 17 23 19
1 6 3 5 2 7 4 8 21 18 23 20 17 22 19 16 11 14 9 12 15 10 13
1 6 4 7 3 5 2 8 22 12 15 10 13 16 11 14 9 21 18 20 17 23 19
1 6 4 7 3 5 2 8 22 18 20 17 9 14 11 16 13 10 15 12 23 19 21
1 6 4 7 3 5 2 8 21 18 23 20 17 22 19 16 11 14 9 12 15 10 13
1 7 4 6 2 5 3 8 12 10 14 11 15 22 20 17 13 9 16 23 19 21 18
1 7 4 6 2 5 3 8 22 18 20 17 9 14 11 16 13 10 15 12 23 19 21
1 7 4 6 3 5 2 8 22 12 15 10 13 16 11 14 9 21 18 20 17 23 19
1 7 4 6 3 5 2 8 22 18 20 17 9 14 11 16 13 10 15 12 23 19 21
1 7 4 6 3 5 2 8 21 18 23 20 17 22 19 16 11 14 9 12 15 10 13
1 7 5 3 6 2 4 8 12 10 14 11 15 22 20 17 13 9 16 23 19 21 18
1 7 5 3 6 2 4 8 22 12 15 10 13 16 11 14 9 21 18 20 17 23 19
1 7 5 3 6 2 4 8 22 18 20 17 9 14 11 16 13 10 15 12 23 19 21
1 7 5 3 6 2 4 8 21 18 23 20 17 22 19 16 11 14 9 12 15 10 13
1 7 5 3 6 4 2 8 22 12 15 10 13 16 11 14 9 21 18 20 17 23 19
1 7 5 3 6 4 2 8 22 18 20 17 9 14 11 16 13 10 15 12 23 19 21
1 7 5 3 6 4 2 8 21 18 23 20 17 22 19 16 11 14 9 12 15 10 13
1 18 22 2 4 8 6 3 7 5 9 12 15 11 14 10 13 16 20 23 19 17 21
1 20 17 23 18 22 19 16 11 14 12 15 10 13 9 5 7 3 6 8 4 2 21
1 18 22 2 4 8 6 3 7 5 9 13 10 15 12 14 11 16 20 23 19 17 21
1 18 22 2 4 8 6 3 7 5 9 13 11 15 10 14 12 16 20 23 19 17 21
1 20 17 23 18 22 19 16 10 12 14 11 15 13 9 5 7 3 6 8 4 2 21
20 18 16 10 12 14 11 15 13 9 5 7 3 6 8 4 2 21 1 22 19 23 17
1 18 22 2 4 8 6 3 7 5 9 13 15 11 14 12 10 16 20 23 19 17 21
20 18 16 10 13 11 15 12 14 9 5 7 3 6 8 4 2 21 1 22 19 23 17
1 18 22 2 4 8 6 3 7 5 9 14 12 15 11 13 10 16 20 23 19 17 21
1 20 17 23 18 22 19 16 10 13 11 15 12 14 9 5 7 3 6 8 4 2 21
1 20 17 23 18 22 19 16 11 13 10 14 12 15 9 5 7 3 6 8 4 2 21
20 18 16 11 13 10 14 12 15 9 5 7 3 6 8 4 2 21 1 22 19 23 17
1 18 22 2 4 8 6 3 7 5 9 15 12 14 10 13 11 16 20 23 19 17 21
1 18 22 2 4 8 6 3 7 5 9 15 12 14 11 13 10 16 20 23 19 17 21
20 18 16 12 10 14 11 13 15 9 5 7 3 6 8 4 2 21 1 22 19 23 17
1 20 17 23 18 22 19 16 12 10 14 11 13 15 9 5 7 3 6 8 4 2 21
1 18 22 2 4 8 6 3 7 5 9 15 13 11 14 10 12 16 20 23 19 17 21
1 18 22 2 4 8 6 3 7 5 9 15 13 11 14 12 10 16 20 23 19 17 21
1 18 22 2 6 3 8 5 7 4 9 12 15 11 14 10 13 16 20 23 19 17 21
1 20 17 23 18 22 19 16 11 14 12 15 10 13 9 4 7 5 8 3 6 2 21
1 18 22 2 6 3 8 5 7 4 9 13 10 15 12 14 11 16 20 23 19 17 21
1 18 22 2 6 3 8 5 7 4 9 13 11 15 10 14 12 16 20 23 19 17 21
1 20 17 23 18 22 19 16 10 12 14 11 15 13 9 4 7 5 8 3 6 2 21
1 18 22 2 6 3 8 5 7 4 9 13 15 11 14 12 10 16 20 23 19 17 21
1 18 22 2 6 3 8 5 7 4 9 13 11 15 12 10 14 16 20 23 19 17 21
1 18 22 2 6 3 8 5 7 4 9 14 12 10 15 13 11 16 20 23 19 17 21
1 20 17 23 18 22 19 16 10 13 11 15 12 14 9 4 7 5 8 3 6 2 21
1 20 17 23 18 22 19 16 11 13 10 14 12 15 9 4 7 5 8 3 6 2 21
1 18 22 2 6 3 8 5 7 4 9 15 12 14 10 13 11 16 20 23 19 17 21
1 18 22 2 6 3 8 5 7 4 9 14 12 15 11 13 10 16 20 23 19 17 21
1 18 22 2 6 3 8 5 7 4 9 15 12 14 11 13 10 16 20 23 19 17 21
1 20 17 23 18 22 19 16 12 10 14 11 13 15 9 4 7 5 8 3 6 2 21
1 18 22 2 6 3 8 5 7 4 9 15 13 11 14 10 12 16 20 23 19 17 21
1 18 22 2 6 3 8 5 7 4 9 15 13 11 14 12 10 16 20 23 19 17 21
20 18 16 12 14 10 13 15 11 9 7 3 5 8 4 6 2 21 1 22 19 23 17
1 18 22 2 6 4 8 5 3 7 9 11 15 13 10 14 12 16 20 23 19 17 21
1 20 17 23 18 22 19 16 11 14 12 15 10 13 9 7 3 5 8 4 6 2 21
20 18 16 11 14 12 15 10 13 9 7 3 5 8 4 6 2 21 1 22 19 23 17
1 18 22 2 6 4 8 5 3 7 9 13 10 15 12 14 11 16 20 23 19 17 21
1 18 22 2 6 4 8 5 3 7 9 13 11 15 12 10 14 16 20 23 19 17 21
1 20 17 23 18 22 19 16 10 12 14 11 15 13 9 7 3 5 8 4 6 2 21
20 18 16 10 12 14 11 15 13 9 7 3 5 8 4 6 2 21 1 22 19 23 17
1 18 22 2 6 4 8 5 3 7 9 13 15 11 14 12 10 16 20 23 19 17 21
1 18 22 2 6 4 8 5 3 7 9 14 11 13 10 15 12 16 20 23 19 17 21
1 18 22 2 6 4 8 5 3 7 9 14 11 15 13 10 12 16 20 23 19 17 21
1 20 17 23 18 22 19 16 10 13 11 15 12 14 9 7 3 5 8 4 6 2 21
20 18 16 10 13 11 15 12 14 9 7 3 5 8 4 6 2 21 1 22 19 23 17
1 18 22 2 6 4 8 5 3 7 9 14 12 15 11 13 10 16 20 23 19 17 21
1 20 17 23 18 22 19 16 11 13 10 14 12 15 9 7 3 5 8 4 6 2 21
20 18 16 11 13 10 14 12 15 9 7 3 5 8 4 6 2 21 1 22 19 23 17
1 18 22 2 6 4 8 5 3 7 9 15 12 14 10 13 11 16 20 23 19 17 21
1 20 17 23 18 22 19 16 12 10 14 11 13 15 9 7 3 5 8 4 6 2 21
20 18 16 12 10 14 11 13 15 9 7 3 5 8 4 6 2 21 1 22 19 23 17
1 18 22 2 6 4 8 5 3 7 9 15 13 11 14 10 12 16 20 23 19 17 21
1 20 17 23 18 22 19 16 12 14 10 13 15 11 9 3 5 7 4 8 6 2 21
2 6 8 4 7 5 3 9 11 15 13 10 14 12 16 19 22 18 23 17 20 1 21
20 18 16 12 14 10 13 15 11 9 3 5 7 4 8 6 2 21 1 22 19 23 17
1 18 22 2 6 8 4 7 5 3 9 11 15 13 10 14 12 16 20 23 19 17 21
1 18 22 2 6 8 4 7 5 3 9 12 15 11 14 10 13 16 20 23 19 17 21
1 20 17 23 18 22 19 16 11 14 12 15 10 13 9 3 5 7 4 8 6 2 21
1 18 22 2 6 8 4 7 5 3 9 13 10 15 12 14 11 16 20 23 19 17 21
1 18 22 2 6 8 4 7 5 3 9 13 11 15 10 14 12 16 20 23 19 17 21
1 18 22 2 6 8 4 7 5 3 9 13 11 15 12 10 14 16 20 23 19 17 21
1 20 17 23 18 22 19 16 10 12 14 11 15 13 9 3 5 7 4 8 6 2 21
20 18 16 10 12 14 11 15 13 9 3 5 7 4 8 6 2 21 1 22 19 23 17
2 6 8 4 7 5 3 9 13 15 11 14 12 10 16 19 22 18 23 17 20 1 21
1 18 22 2 6 8 4 7 5 3 9 13 15 11 14 12 10 16 20 23 19 17 21
1 18 22 2 6 8 4 7 5 3 9 14 11 13 10 15 12 16 20 23 19 17 21
1 18 22 2 6 8 4 7 5 3 9 14 11 15 13 10 12 16 20 23 19 17 21
1 18 22 2 6 8 4 7 5 3 9 14 12 10 15 13 11 16 20 23 19 17 21
1 20 17 23 18 22 19 16 10 13 11 15 12 14 9 3 5 7 4 8 6 2 21
20 18 16 10 13 11 15 12 14 9 3 5 7 4 8 6 2 21 1 22 19 23 17
2 6 8 4 7 5 3 9 14 12 15 11 13 10 16 19 22 18 23 17 20 1 21
1 18 22 2 6 8 4 7 5 3 9 14 12 15 11 13 10 16 20 23 19 17 21
1 20 17 23 18 22 19 16 11 13 10 14 12 15 9 3 5 7 4 8 6 2 21
20 18 16 11 13 10 14 12 15 9 3 5 7 4 8 6 2 21 1 22 19 23 17
2 6 8 4 7 5 3 9 15 12 14 10 13 11 16 19 22 18 23 17 20 1 21
1 18 22 2 6 8 4 7 5 3 9 15 12 14 10 13 11 16 20 23 19 17 21
1 18 22 2 6 8 4 7 5 3 9 15 12 14 11 13 10 16 20 23 19 17 21
1 20 17 23 18 22 19 16 12 10 14 11 13 15 9 3 5 7 4 8 6 2 21
20 18 16 12 10 14 11 13 15 9 3 5 7 4 8 6 2 21 1 22 19 23 17
1 18 22 2 6 8 4 7 5 3 9 15 13 11 14 10 12 16 20 23 19 17 21
1 18 22 2 6 8 4 7 5 3 9 15 13 11 14 12 10 16 20 23 19 17 21
2 6 8 4 7 5 3 9 15 13 11 14 10 12 16 19 22 18 23 17 20 1 21
1 20 17 23 18 22 19 16 11 14 12 15 10 13 9 4 7 3 5 8 6 2 21
1 18 22 2 6 8 5 3 7 4 9 13 10 15 12 14 11 16 20 23 19 17 21
1 20 17 23 18 22 19 16 10 12 14 11 15 13 9 4 7 3 5 8 6 2 21
1 18 22 2 6 8 5 3 7 4 9 13 15 11 14 12 10 16 20 23 19 17 21
1 20 17 23 18 22 19 16 10 13 11 15 12 14 9 4 7 3 5 8 6 2 21
1 18 22 2 6 8 5 3 7 4 9 14 12 15 11 13 10 16 20 23 19 17 21
1 20 17 23 18 22 19 16 11 13 10 14 12 15 9 4 7 3 5 8 6 2 21
1 18 22 2 6 8 5 3 7 4 9 15 12 14 10 13 11 16 20 23 19 17 21
1 20 17 23 18 22 19 16 12 10 14 11 13 15 9 4 7 3 5 8 6 2 21
1 18 22 2 6 8 5 3 7 4 9 15 13 11 14 10 12 16 20 23 19 17 21
1 20 17 23 18 22 19 16 12 14 10 13 15 11 9 5 8 3 6 4 7 2 21
1 18 22 2 7 4 6 3 8 5 9 11 15 13 10 14 12 16 20 23 19 17 21
1 20 17 23 18 22 19 16 11 14 12 15 10 13 9 5 8 3 6 4 7 2 21
1 18 22 2 7 4 6 3 8 5 9 13 10 15 12 14 11 16 20 23 19 17 21
1 20 17 23 18 22 19 16 10 12 14 11 15 13 9 5 8 3 6 4 7 2 21
1 18 22 2 7 4 6 3 8 5 9 13 15 11 14 12 10 16 20 23 19 17 21
1 20 17 23 18 22 19 16 10 13 11 15 12 14 9 5 8 3 6 4 7 2 21
1 18 22 2 7 4 6 3 8 5 9 14 12 15 11 13 10 16 20 23 19 17 21
1 20 17 23 18 22 19 16 11 13 10 14 12 15 9 5 8 3 6 4 7 2 21
1 18 22 2 7 4 6 3 8 5 9 15 12 14 10 13 11 16 20 23 19 17 21
1 20 17 23 18 22 19 16 12 10 14 11 13 15 9 5 8 3 6 4 7 2 21
1 18 22 2 7 4 6 3 8 5 9 15 13 11 14 10 12 16 20 23 19 17 21
1 20 17 23 18 22 19 16 11 14 12 15 10 13 9 5 3 6 8 4 7 2 21
1 18 22 2 7 4 8 6 3 5 9 13 10 15 12 14 11 16 20 23 19 17 21
1 18 22 2 7 4 8 6 3 5 9 13 11 15 12 10 14 16 20 23 19 17 21
1 20 17 23 18 22 19 16 10 12 14 11 15 13 9 5 3 6 8 4 7 2 21
1 18 22 2 7 4 8 6 3 5 9 13 15 11 14 12 10 16 20 23 19 17 21
1 20 17 23 18 22 19 16 10 13 11 15 12 14 9 5 3 6 8 4 7 2 21
1 18 22 2 7 4 8 6 3 5 9 14 12 15 11 13 10 16 20 23 19 17 21
1 20 17 23 18 22 19 16 11 13 10 14 12 15 9 5 3 6 8 4 7 2 21
1 18 22 2 7 4 8 6 3 5 9 15 12 14 10 13 11 16 20 23 19 17 21
1 20 17 23 18 22 19 16 12 10 14 11 13 15 9 5 3 6 8 4 7 2 21
1 18 22 2 7 4 8 6 3 5 9 15 13 11 14 10 12 16 20 23 19 17 21
1 20 17 23 18 22 19 16 12 14 10 13 15 11 9 3 6 4 8 5 7 2 21
20 18 16 12 14 10 13 15 11 9 3 6 4 8 5 7 2 21 1 22 19 23 17
1 18 22 2 7 5 8 4 6 3 9 11 15 13 10 14 12 16 20 23 19 17 21
2 7 5 8 4 6 3 9 11 15 13 10 14 12 16 19 22 18 23 17 20 1 21
1 18 22 2 7 5 8 4 6 3 9 12 15 11 14 10 13 16 20 23 19 17 21
1 20 17 23 18 22 19 16 11 14 12 15 10 13 9 3 6 4 8 5 7 2 21
2 7 5 8 4 6 3 9 13 10 15 12 14 11 16 19 22 18 23 17 20 1 21
20 18 16 11 14 12 15 10 13 9 3 6 4 8 5 7 2 21 1 22 19 23 17
1 18 22 2 7 5 8 4 6 3 9 13 10 15 12 14 11 16 20 23 19 17 21
1 18 22 2 7 5 8 4 6 3 9 13 11 15 10 14 12 16 20 23 19 17 21
1 18 22 2 7 5 8 4 6 3 9 13 11 15 12 10 14 16 20 23 19 17 21
1 20 17 23 18 22 19 16 10 12 14 11 15 13 9 3 6 4 8 5 7 2 21
20 18 16 10 12 14 11 15 13 9 3 6 4 8 5 7 2 21 1 22 19 23 17
1 18 22 2 7 5 8 4 6 3 9 13 15 11 14 12 10 16 20 23 19 17 21
2 7 5 8 4 6 3 9 13 15 11 14 12 10 16 19 22 18 23 17 20 1 21
1 18 22 2 7 5 8 4 6 3 9 14 11 13 10 15 12 16 20 23 19 17 21
1 18 22 2 7 5 8 4 6 3 9 14 11 15 13 10 12 16 20 23 19 17 21
1 18 22 2 7 5 8 4 6 3 9 14 12 10 15 13 11 16 20 23 19 17 21
20 18 16 10 13 11 15 12 14 9 3 6 4 8 5 7 2 21 1 22 19 23 17
1 20 17 23 18 22 19 16 10 13 11 15 12 14 9 3 6 4 8 5 7 2 21
1 18 22 2 7 5 8 4 6 3 9 14 12 15 11 13 10 16 20 23 19 17 21
2 7 5 8 4 6 3 9 14 12 15 11 13 10 16 19 22 18 23 17 20 1 21
20 18 16 11 13 10 14 12 15 9 3 6 4 8 5 7 2 21 1 22 19 23 17
1 18 22 2 7 5 8 4 6 3 9 15 12 14 10 13 11 16 20 23 19 17 21
1 20 17 23 18 22 19 16 11 13 10 14 12 15 9 3 6 4 8 5 7 2 21
2 7 5 8 4 6 3 9 15 12 14 10 13 11 16 19 22 18 23 17 20 1 21
1 18 22 2 7 5 8 4 6 3 9 15 12 14 11 13 10 16 20 23 19 17 21
1 20 17 23 18 22 19 16 12 10 14 11 13 15 9 3 6 4 8 5 7 2 21
20 18 16 12 10 14 11 13 15 9 3 6 4 8 5 7 2 21 1 22 19 23 17
1 18 22 2 7 5 8 4 6 3 9 15 13 11 14 10 12 16 20 23 19 17 21
1 18 22 2 7 5 8 4 6 3 9 15 13 11 14 12 10 16 20 23 19 17 21
2 7 5 8 4 6 3 9 15 13 11 14 10 12 16 19 22 18 23 17 20 1 21
1 20 17 23 18 22 19 16 12 14 10 13 15 11 9 4 6 3 7 5 8 2 21
1 18 22 2 8 5 7 3 6 4 9 11 15 13 10 14 12 16 20 23 19 17 21
1 18 22 2 8 5 7 3 6 4 9 12 15 11 14 10 13 16 20 23 19 17 21
1 20 17 23 18 22 19 16 11 14 12 15 10 13 9 4 6 3 7 5 8 2 21
2 8 5 7 3 6 4 9 13 10 15 12 14 11 16 19 22 18 23 17 20 1 21
20 18 16 11 14 12 15 10 13 9 4 6 3 7 5 8 2 21 1 22 19 23 17
1 18 22 2 8 5 7 3 6 4 9 13 10 15 12 14 11 16 20 23 19 17 21
1 18 22 2 8 5 7 3 6 4 9 13 11 15 10 14 12 16 20 23 19 17 21
1 18 22 2 8 5 7 3 6 4 9 13 11 15 12 10 14 16 20 23 19 17 21
1 20 17 23 18 22 19 16 10 12 14 11 15 13 9 4 6 3 7 5 8 2 21
20 18 16 10 12 14 11 15 13 9 4 6 3 7 5 8 2 21 1 22 19 23 17
1 18 22 2 8 5 7 3 6 4 9 13 15 11 14 12 10 16 20 23 19 17 21
2 8 5 7 3 6 4 9 13 15 11 14 12 10 16 19 22 18 23 17 20 1 21
1 18 22 2 8 5 7 3 6 4 9 14 11 13 10 15 12 16 20 23 19 17 21
1 18 22 2 8 5 7 3 6 4 9 14 11 15 13 10 12 16 20 23 19 17 21
1 18 22 2 8 5 7 3 6 4 9 14 12 10 15 13 11 16 20 23 19 17 21
1 20 17 23 18 22 19 16 11 13 10 14 12 15 9 4 6 3 7 5 8 2 21
20 18 16 11 13 10 14 12 15 9 4 6 3 7 5 8 2 21 1 22 19 23 17
1 18 22 2 8 5 7 3 6 4 9 15 12 14 10 13 11 16 20 23 19 17 21
2 8 5 7 3 6 4 9 15 12 14 10 13 11 16 19 22 18 23 17 20 1 21
1 20 17 23 18 22 19 16 10 13 11 15 12 14 9 4 6 3 7 5 8 2 21
20 18 16 10 13 11 15 12 14 9 4 6 3 7 5 8 2 21 1 22 19 23 17
1 18 22 2 8 5 7 3 6 4 9 14 12 15 11 13 10 16 20 23 19 17 21
2 8 5 7 3 6 4 9 14 12 15 11 13 10 16 19 22 18 23 17 20 1 21
1 18 22 2 8 5 7 3 6 4 9 15 12 14 11 13 10 16 20 23 19 17 21
1 20 17 23 18 22 19 16 12 10 14 11 13 15 9 4 6 3 7 5 8 2 21
20 18 16 12 10 14 11 13 15 9 4 6 3 7 5 8 2 21 1 22 19 23 17
1 18 22 2 8 5 7 3 6 4 9 15 13 11 14 10 12 16 20 23 19 17 21
1 18 22 2 8 5 7 3 6 4 9 15 13 11 14 12 10 16 20 23 19 17 21
2 8 5 7 3 6 4 9 15 13 11 14 10 12 16 19 22 18 23 17 20 1 21
1 20 17 23 18 22 19 16 12 14 10 13 15 11 9 5 3 7 4 6 8 2 21
1 18 22 2 8 6 4 7 3 5 9 11 15 13 10 14 12 16 20 23 19 17 21
20 18 16 12 14 10 13 15 11 9 5 3 7 4 6 8 2 21 1 22 19 23 17
2 8 6 4 7 3 5 9 11 15 13 10 14 12 16 19 22 18 23 17 20 1 21
1 18 22 2 8 6 4 7 3 5 9 12 15 11 14 10 13 16 20 23 19 17 21
1 20 17 23 18 22 19 16 11 14 12 15 10 13 9 5 3 7 4 6 8 2 21
20 18 16 11 14 12 15 10 13 9 5 3 7 4 6 8 2 21 1 22 19 23 17
1 18 22 2 8 6 4 7 3 5 9 13 10 15 12 14 11 16 20 23 19 17 21
2 8 6 4 7 3 5 9 13 10 15 12 14 11 16 19 22 18 23 17 20 1 21
1 18 22 2 8 6 4 7 3 5 9 13 11 15 10 14 12 16 20 23 19 17 21
1 18 22 2 8 6 4 7 3 5 9 13 11 15 12 10 14 16 20 23 19 17 21
1 20 17 23 18 22 19 16 10 12 14 11 15 13 9 5 3 7 4 6 8 2 21
20 18 16 10 12 14 11 15 13 9 5 3 7 4 6 8 2 21 1 22 19 23 17
1 18 22 2 8 6 4 7 3 5 9 13 15 11 14 12 10 16 20 23 19 17 21
2 8 6 4 7 3 5 9 13 15 11 14 12 10 16 19 22 18 23 17 20 1 21
1 18 22 2 8 6 4 7 3 5 9 14 11 13 10 15 12 16 20 23 19 17 21
1 18 22 2 8 6 4 7 3 5 9 14 11 15 13 10 12 16 20 23 19 17 21
1 18 22 2 8 6 4 7 3 5 9 14 12 10 15 13 11 16 20 23 19 17 21
1 20 17 23 18 22 19 16 10 13 11 15 12 14 9 5 3 7 4 6 8 2 21
20 18 16 10 13 11 15 12 14 9 5 3 7 4 6 8 2 21 1 22 19 23 17
1 18 22 2 8 6 4 7 3 5 9 14 12 15 11 13 10 16 20 23 19 17 21
2 8 6 4 7 3 5 9 14 12 15 11 13 10 16 19 22 18 23 17 20 1 21
1 20 17 23 18 22 19 16 11 13 10 14 12 15 9 5 3 7 4 6 8 2 21
20 18 16 11 13 10 14 12 15 9 5 3 7 4 6 8 2 21 1 22 19 23 17
1 18 22 2 8 6 4 7 3 5 9 15 12 14 10 13 11 16 20 23 19 17 21
2 8 6 4 7 3 5 9 15 12 14 10 13 11 16 19 22 18 23 17 20 1 21
1 18 22 2 8 6 4 7 3 5 9 15 12 14 11 13 10 16 20 23 19 17 21
1 20 17 23 18 22 19 16 12 10 14 11 13 15 9 5 3 7 4 6 8 2 21
20 18 16 12 10 14 11 13 15 9 5 3 7 4 6 8 2 21 1 22 19 23 17
1 18 22 2 8 6 4 7 3 5 9 15 13 11 14 10 12 16 20 23 19 17 21
1 18 22 2 8 6 4 7 3 5 9 15 13 11 14 12 10 16 20 23 19 17 21
2 8 6 4 7 3 5 9 15 13 11 14 10 12 16 19 22 18 23 17 20 1 21
6 3 8 5 2 7 4 9 13 15 11 14 12 10 16 19 22 18 23 17 20 1 21
6 3 8 5 2 7 4 9 14 12 15 11 13 10 16 19 22 18 23 17 20 1 21
6 3 8 5 2 7 4 9 15 12 14 10 13 11 16 19 22 18 23 17 20 1 21
6 3 8 5 2 7 4 9 15 13 11 14 10 12 16 19 22 18 23 17 20 1 21
1 22 18 20 17 15 12 16 13 10 14 11 9 3 5 7 4 8 6 2 23 19 21
1 22 18 20 17 15 12 16 13 10 14 11 9 3 6 4 8 5 7 2 23 19 21
1 22 18 20 17 15 12 16 13 10 14 11 9 4 6 3 7 5 8 2 23 19 21
1 22 18 20 17 15 12 16 13 10 14 11 9 4 7 5 8 3 6 2 23 19 21
1 22 18 20 17 15 12 16 13 10 14 11 9 5 3 7 4 6 8 2 23 19 21
1 22 18 20 17 15 12 16 13 10 14 11 9 5 8 3 6 4 7 2 23 19 21
1 3 5 8 11 6 9 12 7 10 13 15 21 19 17 14 20 16 18 22 2 23 4
1 3 5 8 11 6 9 12 7 10 13 18 15 21 19 17 14 20 16 22 2 23 4
1 3 5 10 7 12 9 6 11 8 13 18 15 21 19 17 14 20 16 22 2 23 4
20 23 2 5 8 3 6 1 7 4 9 22 19 11 16 13 18 15 12 17 14 10 21
22 18 16 13 10 15 12 17 11 14 9 7 3 5 8 4 6 2 20 23 19 1 21
22 18 16 13 10 15 12 17 11 14 9 3 5 7 4 8 6 2 20 23 19 1 21
22 18 16 13 10 15 12 17 11 14 9 5 8 3 6 4 7 2 20 23 19 1 21
22 18 16 13 10 15 12 17 11 14 9 3 6 4 8 5 7 2 20 23 19 1 21
2 8 4 1 6 9 5 7 3 10 21 16 13 18 15 12 17 14 23 20 11 22 19
22 18 16 13 10 15 12 17 11 14 9 4 6 3 7 5 8 2 20 23 19 1 21
1 7 5 3 6 4 2 8 10 14 12 9 13 11 15 20 17 19 23 21 16 18 22
1 5 3 14 2 6 11 9 7 12 10 8 13 4 15 20 18 23 21 16 22 17 19
1 6 3 5 2 7 4 8 12 14 10 13 11 9 15 18 16 19 23 21 17 22 20
1 5 3 7 2 6 4 8 12 14 10 13 11 9 15 18 16 23 21 19 17 22 20
11 8 3 5 2 6 4 7 1 12 9 14 10 13 15 23 21 18 16 19 17 20 22
1 3 7 5 2 6 4 8 14 11 13 9 12 10 15 17 19 16 20 23 21 18 22
1 6 3 5 2 7 4 8 14 12 10 13 11 9 15 23 21 18 16 22 20 17 19
1 7 5 3 6 2 4 8 14 11 13 10 12 9 15 23 21 17 20 18 22 19 16
1 7 5 3 6 4 2 8 14 12 10 13 9 11 15 20 18 16 19 23 21 17 22
1 3 7 5 2 6 4 8 14 12 10 13 9 11 15 18 20 17 23 21 19 16 22
7 3 1 5 2 6 4 8 12 10 14 9 13 11 15 17 23 21 19 16 20 18 22
1 5 3 7 2 6 4 8 12 9 14 11 13 10 15 17 19 16 23 21 18 22 20
1 7 5 3 6 2 4 8 12 9 14 11 13 10 15 20 23 21 17 22 18 16 19
1 5 7 4 2 6 3 8 14 11 13 10 12 9 15 20 23 21 17 19 22 18 16
1 12 3 8 5 7 4 9 6 10 14 2 13 11 15 17 19 23 21 16 22 20 18
1 5 3 7 2 6 4 8 13 11 14 10 12 9 15 23 21 18 22 19 17 20 16
1 5 2 7 4 6 3 8 14 11 13 10 12 9 15 20 18 23 21 16 19 22 17
1 7 4 6 3 5 2 8 14 12 10 13 9 11 15 18 16 19 23 21 17 22 20
1 5 7 3 6 4 2 8 14 12 10 13 11 9 15 20 23 21 18 16 22 17 19
7 3 1 5 2 6 4 8 14 12 10 13 11 9 15 23 21 18 22 20 17 19 16
1 5 3 7 2 6 4 8 14 12 10 13 11 9 15 23 21 18 16 20 17 19 22
1 3 7 5 2 6 4 8 13 11 14 10 12 9 15 23 21 17 22 20 18 16 19
3 5 2 7 4 6 1 8 14 11 13 9 12 10 15 23 21 17 19 22 18 20 16
1 3 7 5 2 6 4 8 14 12 10 13 11 9 15 20 17 23 21 19 22 18 16
3 5 2 7 4 6 1 8 12 10 14 9 13 11 15 20 17 19 23 21 16 18 22
1 6 4 7 3 5 2 8 14 12 10 13 9 11 15 23 21 17 19 16 18 20 22
1 5 2 7 4 6 3 8 14 12 10 13 9 11 15 20 17 19 16 23 21 18 22
11 8 3 5 2 6 4 7 1 12 9 14 10 13 15 18 23 21 16 20 17 22 19
1 6 4 7 3 5 2 8 12 9 14 11 13 10 15 18 20 17 19 23 21 16 22
1 7 4 6 2 5 3 8 12 10 14 9 13 11 15 20 18 16 19 23 21 17 22
1 6 4 7 3 5 2 8 11 14 10 13 9 12 15 18 20 23 21 17 19 16 22
1 5 7 3 6 4 2 8 12 10 14 9 13 11 15 23 21 18 16 22 20 17 19
7 3 1 5 2 6 4 8 12 9 14 11 13 10 15 17 19 23 21 16 22 18 20
5 7 3 1 6 2 4 8 13 11 14 10 12 9 15 23 21 18 22 16 19 17 20
1 7 2 11 3 9 5 13 6 8 4 10 12 14 21 17 22 18 16 19 23 15 20
1 6 4 7 3 5 2 8 12 10 14 9 13 11 15 23 21 18 20 17 19 16 22
1 6 4 7 3 5 2 8 12 10 14 9 13 11 15 23 21 17 19 22 18 20 16
1 6 4 7 3 5 2 8 14 11 13 10 12 9 15 23 21 18 16 20 17 22 19
1 5 7 3 6 4 2 8 14 12 10 13 11 9 15 17 20 23 21 18 22 19 16
1 5 2 7 4 6 3 8 12 10 14 9 13 11 15 17 19 23 21 16 22 18 20
1 7 4 6 2 5 3 8 13 11 9 14 12 10 15 20 23 21 18 16 19 22 17
1 3 7 5 2 6 4 8 14 12 10 13 9 11 15 17 23 21 19 22 20 18 16
1 6 3 5 2 7 4 8 14 11 13 10 12 9 15 18 23 21 16 19 17 20 22
1 7 5 3 6 2 4 8 14 12 10 13 9 11 15 17 19 16 23 21 18 22 20
3 6 1 4 7 2 5 8 12 10 14 9 13 11 15 18 16 23 21 19 22 20 17
1 6 3 5 2 7 4 8 14 12 10 13 11 9 15 23 21 17 20 22 19 16 18
3 6 1 4 7 2 5 8 14 11 13 10 12 9 15 17 19 23 21 16 22 18 20
1 6 3 5 2 7 4 8 14 12 10 13 11 9 15 18 23 21 16 19 17 20 22
1 6 3 5 2 7 4 8 14 12 10 13 9 11 15 23 21 17 19 22 20 18 16
7 3 1 5 2 6 4 8 14 11 13 9 12 10 15 17 19 23 21 16 22 20 18
12 2 14 11 5 8 6 10 7 9 4 1 13 3 15 18 20 17 23 21 19 16 22
1 6 4 7 3 5 2 8 12 9 14 11 13 10 15 20 23 21 18 16 19 22 17
3 5 2 7 4 6 1 8 10 14 12 9 13 11 15 18 16 23 21 19 22 20 17
1 6 4 7 3 5 2 8 12 10 14 9 13 11 15 18 23 21 16 19 17 22 20
1 4 7 3 6 2 5 8 12 9 14 11 13 10 15 17 19 23 21 16 18 20 22
1 5 7 4 2 6 3 8 13 11 14 10 12 9 15 17 23 21 19 16 20 18 22
1 7 4 6 2 5 3 8 13 11 9 14 12 10 15 20 23 21 18 22 17 19 16
7 3 1 5 2 6 4 8 13 11 14 10 12 9 15 20 17 23 21 19 22 18 16
1 5 3 7 4 2 6 8 14 11 13 9 12 10 15 17 19 16 23 21 18 20 22
1 6 3 7 5 2 4 8 14 11 13 9 12 10 15 18 16 19 23 21 17 20 22
5 2 7 4 1 6 3 8 12 14 10 13 11 9 15 20 18 23 21 16 19 22 17
5 2 7 4 1 6 3 8 12 14 10 13 11 9 15 20 18 23 21 16 22 17 19
1 6 3 7 5 2 4 8 14 12 10 13 11 9 15 23 21 18 22 20 17 19 16
1 6 4 7 3 5 2 8 14 12 10 13 9 11 15 23 21 17 20 18 22 19 16
1 5 7 3 6 4 2 8 12 10 14 9 13 11 15 23 21 18 22 16 19 17 20
1 5 7 3 6 4 2 8 12 10 14 9 13 11 15 23 21 18 20 17 22 16 19
1 6 4 7 3 5 2 8 10 14 12 9 13 11 15 23 21 17 19 16 22 20 18
1 6 4 7 3 5 2 8 10 14 12 9 13 11 15 23 21 17 22 20 18 16 19
1 6 4 7 3 5 2 8 10 14 12 9 13 11 15 23 21 17 19 16 18 22 20
1 6 3 7 5 2 4 8 14 11 13 10 12 9 15 20 17 23 21 19 16 22 18
1 6 4 2 7 5 3 8 10 14 12 9 13 11 15 20 23 21 18 22 17 19 16
1 7 4 6 3 5 2 8 12 10 14 9 13 11 15 23 21 17 19 22 20 18 16
1 5 3 7 2 6 4 8 13 11 14 10 12 9 15 23 21 17 20 18 22 19 16
1 7 5 3 6 4 2 8 14 11 13 9 12 10 15 20 18 23 21 16 22 17 19
1 5 3 7 2 6 4 8 13 11 14 10 12 9 15 23 21 17 22 19 16 18 20
4 6 3 7 1 5 2 8 14 12 10 13 11 9 15 18 23 21 16 22 20 17 19
4 6 3 7 1 5 2 8 14 12 10 13 11 9 15 18 23 21 16 19 17 22 20
7 3 1 5 2 6 4 8 12 14 10 13 11 9 15 17 20 18 23 21 16 22 19
1 7 4 6 2 5 3 8 14 12 10 13 11 9 15 23 21 18 20 22 16 19 17
3 6 1 4 7 2 5 8 14 11 13 10 12 9 15 18 23 21 16 22 19 17 20
1 7 4 6 3 5 2 8 12 14 10 13 11 9 15 23 21 18 22 19 17 20 16
1 7 4 6 2 5 3 8 14 12 10 13 11 9 15 23 21 18 22 16 19 17 20
1 6 4 7 3 5 2 8 14 11 13 9 12 10 15 17 19 23 21 16 22 20 18
3 6 1 4 7 2 5 8 14 11 13 10 12 9 15 18 23 21 16 20 22 19 17
1 6 3 7 5 2 4 8 14 11 13 10 12 9 15 23 21 18 22 20 17 19 16
1 6 3 5 2 7 4 8 13 11 14 10 12 9 15 23 21 17 19 22 20 18 16
5 7 3 1 6 2 4 8 13 11 14 10 12 9 15 17 19 23 21 16 22 20 18
7 3 1 5 2 6 4 8 14 11 13 9 12 10 15 17 20 18 23 21 16 22 19
1 6 3 5 2 7 4 8 13 11 14 10 12 9 15 23 21 17 19 16 22 20 18
1 6 3 5 2 7 4 8 13 11 14 10 12 9 15 23 21 17 19 16 18 22 20
1 7 5 3 6 4 2 8 14 12 10 13 11 9 15 20 23 21 17 19 22 18 16
1 5 7 3 6 4 2 8 14 12 10 13 9 11 15 18 16 19 23 21 17 22 20
1 6 4 7 3 5 2 8 14 12 10 13 11 9 15 18 16 23 21 19 17 22 20
1 6 4 7 3 5 2 8 14 12 10 13 11 9 15 18 16 23 21 19 22 20 17
1 6 4 7 3 5 2 8 10 14 12 9 13 11 15 17 20 18 23 21 16 22 19
1 6 4 7 3 5 2 8 12 14 10 13 11 9 15 23 21 18 16 19 22 20 17
3 5 2 7 4 6 1 8 12 10 14 9 13 11 15 17 23 21 19 16 22 18 20
1 6 3 7 5 2 4 8 14 11 13 10 12 9 15 23 21 17 20 18 22 19 16
1 6 3 7 5 2 4 8 14 11 13 10 12 9 15 23 21 17 20 18 16 22 19
4 6 3 7 1 5 2 8 14 12 10 13 9 11 15 23 21 17 20 18 22 19 16
1 6 3 7 5 2 4 8 14 11 13 10 12 9 15 23 21 17 22 19 16 18 20
1 7 5 3 6 4 2 8 13 11 14 10 12 9 15 23 21 17 19 16 20 22 18
4 6 3 7 1 5 2 8 14 12 10 13 9 11 15 23 21 17 20 22 19 16 18
1 5 3 7 4 2 6 8 14 12 10 13 11 9 15 23 21 17 19 16 18 22 20
5 2 7 4 1 6 3 8 13 11 14 10 12 9 15 18 23 21 16 19 17 22 20
1 7 4 6 2 5 3 8 14 12 10 13 11 9 15 17 23 21 19 16 22 20 18
1 5 7 3 6 4 2 8 14 11 13 9 12 10 15 18 23 21 16 20 17 22 19
1 7 4 6 2 5 3 8 14 12 10 13 11 9 15 17 23 21 19 16 18 22 20
7 3 1 5 2 6 4 8 12 14 10 13 11 9 15 17 23 21 19 16 22 18 20
1 7 5 3 6 2 4 8 13 11 14 10 12 9 15 18 16 23 21 19 22 20 17
1 5 7 3 6 4 2 8 14 11 13 9 12 10 15 18 23 21 16 20 22 19 17
11 9 6 10 7 4 8 5 3 12 1 14 2 13 15 23 21 18 16 20 22 19 17
1 7 4 6 3 5 2 8 14 12 10 13 11 9 15 17 19 23 21 16 22 20 18
1 7 5 3 6 2 4 8 12 9 14 11 13 10 15 17 19 16 23 21 18 22 20
1 6 4 7 3 5 2 8 14 12 10 13 11 9 15 23 21 17 20 18 16 22 19
1 5 2 7 4 6 3 8 14 11 13 10 12 9 15 20 17 23 21 19 22 18 16
1 6 4 7 3 5 2 8 14 12 10 13 11 9 15 23 21 17 20 22 19 16 18
1 5 7 3 6 4 2 8 14 12 10 13 9 11 15 20 23 21 17 19 22 18 16
1 6 3 7 5 2 4 8 14 12 10 13 9 11 15 17 23 21 19 16 20 22 18
1 7 4 6 2 5 3 8 12 10 14 9 13 11 15 23 21 17 19 22 20 18 16
1 6 4 7 3 5 2 8 12 14 10 13 11 9 15 17 19 16 23 21 18 22 20
1 7 4 6 2 5 3 8 12 10 14 9 13 11 15 23 21 17 22 20 18 16 19
5 7 3 1 6 2 4 8 12 14 10 13 11 9 15 17 20 23 21 18 22 19 16
3 5 2 7 4 6 1 8 12 14 10 13 11 9 15 18 23 21 16 22 20 17 19
1 7 4 6 3 5 2 8 14 11 13 10 12 9 15 18 23 21 16 20 17 22 19
1 7 4 6 2 5 3 8 12 14 10 13 11 9 15 18 23 21 16 20 17 22 19
1 6 3 7 5 2 4 8 14 11 13 10 12 9 15 20 23 21 18 16 22 17 19
1 7 4 6 3 5 2 8 14 11 13 10 12 9 15 18 23 21 16 22 19 17 20
1 4 7 3 6 2 5 8 12 9 14 11 13 10 15 23 21 18 16 22 20 17 19
1 5 3 7 4 2 6 8 14 11 13 9 12 10 15 18 16 23 21 19 17 22 20
5 2 7 4 1 6 3 8 12 14 10 13 11 9 15 17 20 18 23 21 16 22 19
1 7 4 6 2 5 3 8 12 14 10 13 11 9 15 18 23 21 16 20 22 19 17
1 7 4 6 2 5 3 8 13 11 9 14 12 10 15 18 23 21 16 19 22 20 17
5 2 7 4 1 6 3 8 14 12 10 13 11 9 15 23 21 18 16 19 17 22 20
1 7 4 6 2 5 3 8 13 11 9 14 12 10 15 18 23 21 16 19 17 22 20
7 3 1 5 2 6 4 8 14 11 13 10 12 9 15 23 21 17 19 16 22 18 20
1 5 2 7 4 6 3 8 12 14 10 13 11 9 15 17 19 16 23 21 18 22 20
1 3 7 5 2 6 4 8 12 14 10 13 11 9 15 23 21 18 22 19 17 20 16
1 3 7 5 2 6 4 8 12 14 10 13 11 9 15 23 21 18 16 20 22 19 17
1 7 4 6 3 5 2 8 14 11 13 9 12 10 15 17 19 23 21 16 22 18 20
1 3 7 5 2 6 4 8 12 14 10 13 11 9 15 23 21 18 16 20 17 22 19
1 5 2 7 4 6 3 8 14 12 10 13 11 9 15 18 23 21 16 19 22 20 17
1 5 2 7 4 6 3 8 14 12 10 13 11 9 15 18 23 21 16 19 17 22 20
1 6 3 5 2 7 4 8 12 9 14 11 13 10 15 23 21 18 20 17 19 22 16
4 6 3 7 1 5 2 8 13 11 14 10 12 9 15 20 17 23 21 19 16 22 18
1 6 3 5 2 7 4 8 12 9 14 11 13 10 15 23 21 18 22 16 19 17 20
1 6 3 5 2 7 4 8 12 9 14 11 13 10 15 23 21 18 20 17 22 16 19
7 3 1 5 2 6 4 8 14 12 10 13 9 11 15 23 21 18 16 20 22 19 17
1 7 5 3 6 2 4 8 12 10 14 9 13 11 15 23 21 17 19 16 22 20 18
1 5 3 7 2 6 4 8 13 11 14 10 12 9 15 17 20 23 21 18 16 22 19
1 5 3 7 2 6 4 8 13 11 14 10 12 9 15 17 20 23 21 18 22 19 16
1 7 5 3 6 2 4 8 12 10 14 9 13 11 15 23 21 17 22 20 18 16 19
1 3 7 5 2 6 4 8 14 11 13 9 12 10 15 23 21 18 20 17 22 16 19
1 7 5 3 6 4 2 8 13 11 14 10 12 9 15 17 20 18 23 21 16 22 19
1 5 2 7 4 6 3 8 14 11 13 10 12 9 15 17 19 23 21 16 22 20 18
5 2 7 4 1 6 3 8 10 14 12 9 13 11 15 23 21 18 22 20 17 19 16
5 2 7 4 1 6 3 8 13 11 14 10 12 9 15 23 21 18 16 20 22 19 17
1 7 5 3 6 2 4 8 14 11 13 10 12 9 15 18 23 21 16 22 19 17 20
1 7 5 3 6 2 4 8 14 11 13 10 12 9 15 18 23 21 16 20 17 22 19
5 2 7 4 1 6 3 8 13 11 14 10 12 9 15 23 21 18 22 19 17 20 16
5 2 7 4 1 6 3 8 13 11 14 10 12 9 15 23 21 18 16 22 19 17 20
1 5 2 7 4 6 3 8 13 11 14 10 12 9 15 23 21 18 16 22 20 17 19
1 5 2 7 4 6 3 8 13 11 14 10 12 9 15 23 21 18 16 19 17 22 20
7 3 1 5 2 6 4 8 12 10 14 9 13 11 15 23 21 17 19 22 18 20 16
1 5 2 7 4 6 3 8 13 11 14 10 12 9 15 23 21 18 16 19 22 20 17
5 2 7 4 1 6 3 8 14 12 10 13 11 9 15 18 16 23 21 19 17 22 20
1 5 7 3 6 4 2 8 14 11 13 10 12 9 15 18 16 20 23 21 17 22 19
5 2 7 4 1 6 3 8 14 12 10 13 11 9 15 18 16 23 21 19 22 20 17
1 7 5 3 6 2 4 8 14 11 13 9 12 10 15 17 23 21 19 16 18 22 20
1 6 3 5 2 7 4 8 12 10 14 9 13 11 15 23 21 18 16 22 20 17 19
1 6 3 5 2 7 4 8 12 10 14 9 13 11 15 23 21 18 16 19 22 20 17
1 5 3 7 4 2 6 8 13 11 9 14 12 10 15 23 21 17 19 16 22 20 18
1 6 3 5 2 7 4 8 12 10 14 9 13 11 15 23 21 18 16 19 17 22 20
1 5 3 7 4 2 6 8 13 11 9 14 12 10 15 23 21 17 19 16 18 22 20
