14 10 13 11 9 15 23 21 24 16 22 19 17 20 18 26 12 8 4 6 2 5 7 3 25 1
12 14 10 13 11 9 15 23 21 24 16 22 19 17 20 18 26 8 4 6 2 5 7 3 25 1
3 7 5 2 6 4 8 12 14 10 13 11 9 15 23 21 24 16 22 19 17 20 18 26 25 1
14 10 13 11 9 15 23 21 24 16 22 19 17 20 18 26 12 8 4 6 2 5 7 25 1 3
12 14 10 13 11 9 15 23 21 24 16 22 19 17 20 18 26 8 4 6 2 5 7 25 1 3
7 5 2 6 4 8 12 14 10 13 11 9 15 23 21 24 16 22 19 17 20 18 26 25 1 3
5 2 6 4 8 12 14 10 13 11 9 15 23 21 24 16 22 19 17 20 18 26 25 1 3 7
2 6 4 8 12 14 10 13 11 9 15 23 21 24 16 22 19 17 20 18 26 25 1 3 7 5
6 4 8 12 14 10 13 11 9 15 23 21 24 16 22 19 17 20 18 26 25 1 3 7 5 2
14 10 13 11 9 15 23 21 24 16 22 19 17 20 18 26 12 8 25 1 3 7 5 2 6 4
8 12 14 10 13 11 9 15 23 21 24 16 22 19 17 20 18 26 25 1 3 7 5 2 6 4
12 14 10 13 11 9 15 23 21 24 16 22 19 17 20 18 26 8 25 1 3 7 5 2 6 4
12 14 10 13 11 9 15 23 21 24 16 22 19 17 20 18 26 25 1 3 7 5 2 6 4 8
13 11 14 10 12 9 15 23 21 24 16 22 19 17 20 18 26 8 4 6 2 5 7 3 25 1
11 14 10 12 9 15 23 21 24 16 22 19 17 20 18 26 13 8 4 6 2 5 7 3 25 1
3 7 5 2 6 4 8 13 11 14 10 12 9 15 23 21 24 16 22 19 17 20 18 26 25 1
13 11 14 10 12 9 15 23 21 24 16 22 19 17 20 18 26 8 4 6 2 5 7 25 1 3
11 14 10 12 9 15 23 21 24 16 22 19 17 20 18 26 13 8 4 6 2 5 7 25 1 3
7 5 2 6 4 8 13 11 14 10 12 9 15 23 21 24 16 22 19 17 20 18 26 25 1 3
5 2 6 4 8 13 11 14 10 12 9 15 23 21 24 16 22 19 17 20 18 26 25 1 3 7
2 6 4 8 13 11 14 10 12 9 15 23 21 24 16 22 19 17 20 18 26 25 1 3 7 5
6 4 8 13 11 14 10 12 9 15 23 21 24 16 22 19 17 20 18 26 25 1 3 7 5 2
13 11 14 10 12 9 15 23 21 24 16 22 19 17 20 18 26 8 25 1 3 7 5 2 6 4
11 14 10 12 9 15 23 21 24 16 22 19 17 20 18 26 13 8 25 1 3 7 5 2 6 4
8 13 11 14 10 12 9 15 23 21 24 16 22 19 17 20 18 26 25 1 3 7 5 2 6 4
13 11 14 10 12 9 15 23 21 24 16 22 19 17 20 18 26 25 1 3 7 5 2 6 4 8
12 14 10 13 11 9 15 18 20 17 23 21 19 22 16 24 26 25 1 3 7 5 2 6 4 8
14 10 13 11 9 15 18 20 17 23 21 19 22 16 24 26 25 1 3 7 5 2 6 4 8 12
10 13 11 9 15 18 20 17 23 21 19 22 16 24 26 25 1 3 7 5 2 6 4 8 12 14
13 11 9 15 18 20 17 23 21 19 22 16 24 26 25 1 3 7 5 2 6 4 8 12 14 10
11 9 15 18 20 17 23 21 19 22 16 24 26 25 1 3 7 5 2 6 4 8 12 14 10 13
15 18 20 17 23 21 19 22 16 24 26 25 1 3 7 5 2 6 4 8 12 14 10 13 11 9
13 11 14 10 12 9 15 23 21 17 19 22 20 18 16 24 26 25 1 3 7 5 2 6 4 8
11 14 10 12 9 15 23 21 17 19 22 20 18 16 24 26 25 1 3 7 5 2 6 4 8 13
14 10 12 9 15 23 21 17 19 22 20 18 16 24 26 25 1 3 7 5 2 6 4 8 13 11
10 12 9 15 23 21 17 19 22 20 18 16 24 26 25 1 3 7 5 2 6 4 8 13 11 14
12 9 15 23 21 17 19 22 20 18 16 24 26 25 1 3 7 5 2 6 4 8 13 11 14 10
15 23 21 17 19 22 20 18 16 24 26 25 1 3 7 5 2 6 4 8 13 11 14 10 12 9
12 14 10 13 11 9 15 23 21 17 19 22 20 18 16 24 26 25 1 3 7 5 2 6 4 8
14 10 13 11 9 15 23 21 17 19 22 20 18 16 24 26 25 1 3 7 5 2 6 4 8 12
10 13 11 9 15 23 21 17 19 22 20 18 16 24 26 25 1 3 7 5 2 6 4 8 12 14
13 11 9 15 23 21 17 19 22 20 18 16 24 26 25 1 3 7 5 2 6 4 8 12 14 10
11 9 15 23 21 17 19 22 20 18 16 24 26 25 1 3 7 5 2 6 4 8 12 14 10 13
15 23 21 17 19 22 20 18 16 24 26 25 1 3 7 5 2 6 4 8 12 14 10 13 11 9
13 11 14 10 12 9 15 17 23 21 19 22 20 18 16 24 26 25 1 3 7 5 2 6 4 8
11 14 10 12 9 15 17 23 21 19 22 20 18 16 24 26 25 1 3 7 5 2 6 4 8 13
14 10 12 9 15 17 23 21 19 22 20 18 16 24 26 25 1 3 7 5 2 6 4 8 13 11
10 12 9 15 17 23 21 19 22 20 18 16 24 26 25 1 3 7 5 2 6 4 8 13 11 14
12 9 15 17 23 21 19 22 20 18 16 24 26 25 1 3 7 5 2 6 4 8 13 11 14 10
15 17 23 21 19 22 20 18 16 24 26 25 1 3 7 5 2 6 4 8 13 11 14 10 12 9
13 11 14 10 12 9 15 20 23 21 18 22 17 19 16 24 26 25 1 3 7 5 2 6 4 8
11 14 10 12 9 15 20 23 21 18 22 17 19 16 24 26 25 1 3 7 5 2 6 4 8 13
14 10 12 9 15 20 23 21 18 22 17 19 16 24 26 25 1 3 7 5 2 6 4 8 13 11
10 12 9 15 20 23 21 18 22 17 19 16 24 26 25 1 3 7 5 2 6 4 8 13 11 14
12 9 15 20 23 21 18 22 17 19 16 24 26 25 1 3 7 5 2 6 4 8 13 11 14 10
15 20 23 21 18 22 17 19 16 24 26 25 1 3 7 5 2 6 4 8 13 11 14 10 12 9
12 14 10 13 11 9 15 20 23 21 18 22 17 19 16 24 26 25 1 3 7 5 2 6 4 8
14 10 13 11 9 15 20 23 21 18 22 17 19 16 24 26 25 1 3 7 5 2 6 4 8 12
10 13 11 9 15 20 23 21 18 22 17 19 16 24 26 25 1 3 7 5 2 6 4 8 12 14
13 11 9 15 20 23 21 18 22 17 19 16 24 26 25 1 3 7 5 2 6 4 8 12 14 10
11 9 15 20 23 21 18 22 17 19 16 24 26 25 1 3 7 5 2 6 4 8 12 14 10 13
15 20 23 21 18 22 17 19 16 24 26 25 1 3 7 5 2 6 4 8 12 14 10 13 11 9
13 11 14 10 12 9 15 23 21 18 20 17 19 22 16 24 26 25 1 3 7 5 2 6 4 8
11 14 10 12 9 15 23 21 18 20 17 19 22 16 24 26 25 1 3 7 5 2 6 4 8 13
14 10 12 9 15 23 21 18 20 17 19 22 16 24 26 25 1 3 7 5 2 6 4 8 13 11
10 12 9 15 23 21 18 20 17 19 22 16 24 26 25 1 3 7 5 2 6 4 8 13 11 14
12 9 15 23 21 18 20 17 19 22 16 24 26 25 1 3 7 5 2 6 4 8 13 11 14 10
15 23 21 18 20 17 19 22 16 24 26 25 1 3 7 5 2 6 4 8 13 11 14 10 12 9
12 14 10 13 11 9 15 23 21 18 20 17 19 22 16 24 26 25 1 3 7 5 2 6 4 8
14 10 13 11 9 15 23 21 18 20 17 19 22 16 24 26 25 1 3 7 5 2 6 4 8 12
10 13 11 9 15 23 21 18 20 17 19 22 16 24 26 25 1 3 7 5 2 6 4 8 12 14
13 11 9 15 23 21 18 20 17 19 22 16 24 26 25 1 3 7 5 2 6 4 8 12 14 10
11 9 15 23 21 18 20 17 19 22 16 24 26 25 1 3 7 5 2 6 4 8 12 14 10 13
15 23 21 18 20 17 19 22 16 24 26 25 1 3 7 5 2 6 4 8 12 14 10 13 11 9
12 10 14 9 13 11 15 23 21 18 20 17 19 22 16 24 26 25 1 3 7 5 2 6 4 8
10 14 9 13 11 15 23 21 18 20 17 19 22 16 24 26 25 1 3 7 5 2 6 4 8 12
14 9 13 11 15 23 21 18 20 17 19 22 16 24 26 25 1 3 7 5 2 6 4 8 12 10
9 13 11 15 23 21 18 20 17 19 22 16 24 26 25 1 3 7 5 2 6 4 8 12 10 14
13 11 15 23 21 18 20 17 19 22 16 24 26 25 1 3 7 5 2 6 4 8 12 10 14 9
11 15 23 21 18 20 17 19 22 16 24 26 25 1 3 7 5 2 6 4 8 12 10 14 9 13
15 23 21 18 20 17 19 22 16 24 26 25 1 3 7 5 2 6 4 8 12 10 14 9 13 11
