27 1 3 7 5 2 6 4 8 13 11 14 10 12 9 15 17 23 21 19 22 20 18 16 24 26 28 25
27 1 3 7 5 2 6 4 8 12 14 10 13 11 9 15 23 21 17 19 22 20 18 16 24 26 28 25
21 17 19 22 20 18 16 24 26 28 23 15 9 11 13 10 14 12 8 4 6 2 5 7 3 1 27 25
27 1 3 7 5 2 6 4 8 14 11 13 10 12 9 15 23 21 17 19 22 20 18 16 24 26 28 25
27 1 3 7 5 2 6 4 8 14 11 13 10 12 9 15 23 21 18 20 17 19 22 16 24 26 28 25
27 1 3 7 5 2 6 4 8 14 11 13 9 12 10 15 23 21 17 19 22 20 18 16 24 26 28 25
1 3 7 5 2 6 4 8 14 11 13 10 12 9 15 23 21 17 19 22 20 18 16 24 26 28 25 27
27 1 3 7 5 2 6 4 8 14 12 10 13 9 11 15 17 23 21 19 22 20 18 16 24 26 28 25
1 3 7 5 2 6 4 8 13 11 14 10 12 9 15 17 23 21 19 22 20 18 16 24 26 28 25 27
27 1 3 7 5 2 6 4 8 14 11 13 9 12 10 15 17 23 21 19 22 20 18 16 24 26 28 25
1 3 7 5 2 6 4 8 14 12 10 13 9 11 15 17 23 21 19 22 20 18 16 24 26 28 25 27
27 1 3 7 5 2 6 4 8 14 12 10 13 9 11 15 18 20 17 23 21 19 22 16 24 26 28 25
27 1 5 2 7 4 6 3 8 12 14 10 13 11 9 15 18 20 17 23 21 19 22 16 24 26 28 25
1 3 7 5 2 6 4 8 14 11 13 9 12 10 15 17 23 21 19 22 20 18 16 24 26 28 25 27
27 1 3 7 5 2 6 4 8 14 12 10 13 11 9 15 23 21 18 20 17 19 22 16 24 26 28 25
27 1 3 7 5 2 6 4 8 14 12 10 13 9 11 15 23 21 17 19 22 20 18 16 24 26 28 25
1 3 7 5 2 6 4 8 14 12 10 13 9 11 15 23 21 17 19 22 20 18 16 24 26 28 25 27
1 3 7 5 2 6 4 8 14 12 10 13 9 11 15 18 20 17 23 21 19 22 16 24 26 28 25 27
27 1 3 7 5 2 6 4 8 14 12 10 13 11 9 15 23 21 17 19 22 20 18 16 24 26 28 25
1 3 7 5 2 6 4 8 14 12 10 13 11 9 15 23 21 17 19 22 20 18 16 24 26 28 25 27
1 3 7 5 2 6 4 8 14 12 10 13 11 9 15 20 23 21 18 22 17 19 16 24 26 28 25 27
26 28 24 16 22 19 17 20 18 21 23 15 10 13 11 14 9 12 8 5 2 6 3 7 4 1 27 25
1 3 7 5 2 6 4 8 14 11 13 10 12 9 15 23 21 18 20 17 19 22 16 24 26 28 27 25
1 3 7 5 2 6 4 8 13 11 14 10 12 9 15 23 21 18 20 17 19 22 16 24 26 28 27 25
27 1 4 7 3 6 2 5 8 12 9 14 11 13 10 15 23 21 18 20 17 19 22 16 24 26 28 25
27 1 5 2 7 4 6 3 8 12 14 10 13 11 9 15 20 23 21 18 22 17 19 16 24 26 28 25
1 3 7 5 2 6 4 8 12 10 14 9 13 11 15 23 21 18 20 17 19 22 16 24 26 28 27 25
27 1 5 2 7 4 6 3 8 13 11 14 10 12 9 15 18 20 17 23 21 19 22 16 24 26 28 25
27 1 5 2 7 4 6 3 8 12 10 14 9 13 11 15 23 21 17 19 22 20 18 16 24 26 28 25
27 1 5 2 7 4 6 3 8 12 14 10 13 11 9 15 17 23 21 19 22 20 18 16 24 26 28 25
27 1 5 2 7 4 6 3 8 12 14 10 13 11 9 15 23 21 17 19 22 20 18 16 24 26 28 25
27 1 3 7 5 2 6 4 8 12 14 10 13 11 9 15 18 20 17 23 21 19 22 16 24 26 28 25
1 3 7 5 2 6 4 8 14 12 10 13 11 9 15 23 21 18 20 17 19 22 16 24 26 28 27 25
27 1 5 2 7 4 6 3 8 12 14 10 13 11 9 15 23 21 18 20 17 19 22 16 24 26 28 25
1 3 7 5 2 6 4 8 12 14 10 13 11 9 15 18 20 17 23 21 19 22 16 24 26 28 25 27
1 3 7 5 2 6 4 8 14 12 10 13 9 11 15 23 21 18 20 17 19 22 16 24 26 28 27 25
27 1 3 7 5 2 6 4 8 12 14 10 13 11 9 15 23 21 18 20 17 19 22 16 24 26 28 25
27 1 3 7 5 2 6 4 8 13 11 14 10 12 9 15 23 21 17 19 22 20 18 16 24 26 28 25
27 1 3 7 5 2 6 4 8 13 11 14 10 12 9 15 18 20 17 23 21 19 22 16 24 26 28 25
1 5 2 7 4 6 3 8 12 10 14 9 13 11 15 23 21 18 20 17 19 22 16 24 26 28 27 25
1 5 2 7 4 6 3 8 12 14 10 13 11 9 15 23 21 18 20 17 19 22 16 24 26 28 27 25
1 5 2 7 4 6 3 8 13 11 14 10 12 9 15 23 21 18 20 17 19 22 16 24 26 28 27 25
1 3 7 5 2 6 4 8 12 14 10 13 11 9 15 23 21 18 20 17 19 22 16 24 26 28 27 25
1 3 7 5 2 6 4 8 14 11 13 9 12 10 15 23 21 18 20 17 19 22 16 24 26 28 27 25
1 4 7 3 6 2 5 8 12 9 14 11 13 10 15 23 21 18 20 17 19 22 16 24 26 28 25 27
21 17 19 22 20 18 16 24 26 28 23 15 9 12 10 13 11 14 8 4 6 2 5 7 3 1 27 25
21 17 19 22 20 18 16 24 26 28 23 15 11 9 13 10 12 14 8 4 6 2 5 7 3 1 27 25
21 17 19 22 20 18 16 24 26 28 23 15 10 12 9 13 11 14 8 4 6 2 5 7 3 1 27 25
21 17 19 22 20 18 16 24 26 28 23 15 9 11 13 10 12 14 8 4 6 2 5 7 3 1 27 25
26 28 24 16 22 19 17 20 18 21 23 15 11 13 9 14 10 12 8 4 6 2 5 7 3 1 27 25
26 28 24 16 22 19 17 20 18 21 23 15 11 13 9 14 10 12 8 4 6 2 5 7 3 1 25 27
1 5 2 7 4 6 3 8 14 11 13 10 12 9 15 20 23 21 18 22 17 19 16 24 26 28 25 27
1 5 2 7 4 6 3 8 12 14 10 13 11 9 15 20 23 21 18 22 17 19 16 24 26 28 25 27
1 3 7 5 2 6 4 8 14 11 13 10 12 9 15 20 23 21 18 22 17 19 16 24 26 28 25 27
1 7 4 6 3 5 2 8 14 11 13 10 12 9 15 21 18 20 17 19 16 22 28 25 27 24 26 23
