1 3 7 5 2 6 4 8 12 10 14 9 13 11 15 17 19 16 18
1 3 7 5 2 6 4 8 12 10 14 9 13 11 15 18 16 19 17
1 3 7 5 2 6 4 8 12 14 10 13 11 9 15 17 19 16 18
1 3 7 5 2 6 4 8 12 14 10 13 11 9 15 18 16 19 17
1 3 7 5 2 6 4 8 13 11 14 10 12 9 15 17 19 16 18
1 3 7 5 2 6 4 8 13 11 14 10 12 9 15 18 16 19 17
1 3 7 5 2 6 4 8 14 11 13 9 12 10 15 17 19 16 18
1 3 7 5 2 6 4 8 14 11 13 9 12 10 15 18 16 19 17
1 3 7 5 2 6 4 8 14 11 13 10 12 9 15 17 19 16 18
1 3 7 5 2 6 4 8 14 11 13 10 12 9 15 18 16 19 17
1 3 7 5 2 6 4 8 14 12 10 13 9 11 15 17 19 16 18
1 3 7 5 2 6 4 8 14 12 10 13 9 11 15 18 16 19 17
1 3 7 5 2 6 4 8 14 12 10 13 11 9 15 17 19 16 18
1 3 7 5 2 6 4 8 14 12 10 13 11 9 15 18 16 19 17
1 4 7 3 6 2 5 8 12 9 14 11 13 10 15 17 19 16 18
1 4 7 3 6 2 5 8 12 9 14 11 13 10 15 18 16 19 17
1 5 2 7 4 6 3 8 12 10 14 9 13 11 15 17 19 16 18
1 5 2 7 4 6 3 8 12 10 14 9 13 11 15 18 16 19 17
1 5 2 7 4 6 3 8 12 14 10 13 11 9 15 17 19 16 18
1 5 2 7 4 6 3 8 12 14 10 13 11 9 15 18 16 19 17
1 5 2 7 4 6 3 8 13 11 14 10 12 9 15 17 19 16 18
1 5 2 7 4 6 3 8 13 11 14 10 12 9 15 18 16 19 17
1 5 2 7 4 6 3 8 14 11 13 9 12 10 15 17 19 16 18
1 5 2 7 4 6 3 8 14 11 13 9 12 10 15 18 16 19 17
1 5 2 7 4 6 3 8 14 11 13 10 12 9 15 17 19 16 18
1 5 2 7 4 6 3 8 14 11 13 10 12 9 15 18 16 19 17
1 5 2 7 4 6 3 8 14 12 10 13 9 11 15 17 19 16 18
1 5 2 7 4 6 3 8 14 12 10 13 9 11 15 18 16 19 17
1 5 2 7 4 6 3 8 14 12 10 13 11 9 15 17 19 16 18
1 5 2 7 4 6 3 8 14 12 10 13 11 9 15 18 16 19 17
1 5 3 7 2 6 4 8 10 14 12 9 13 11 15 17 19 16 18
1 5 3 7 2 6 4 8 10 14 12 9 13 11 15 18 16 19 17
1 5 3 7 2 6 4 8 12 9 14 11 13 10 15 17 19 16 18
1 5 3 7 2 6 4 8 12 9 14 11 13 10 15 18 16 19 17
1 5 3 7 2 6 4 8 12 10 14 9 13 11 15 17 19 16 18
1 5 3 7 2 6 4 8 12 10 14 9 13 11 15 18 16 19 17
1 5 3 7 2 6 4 8 12 14 10 13 11 9 15 17 19 16 18
1 5 3 7 2 6 4 8 12 14 10 13 11 9 15 18 16 19 17
1 5 3 7 2 6 4 8 13 11 14 10 12 9 15 17 19 16 18
1 5 3 7 2 6 4 8 13 11 14 10 12 9 15 18 16 19 17
1 5 3 7 2 6 4 8 14 11 13 9 12 10 15 17 19 16 18
1 5 3 7 2 6 4 8 14 11 13 9 12 10 15 18 16 19 17
1 5 3 7 2 6 4 8 14 11 13 10 12 9 15 17 19 16 18
1 5 3 7 2 6 4 8 14 11 13 10 12 9 15 18 16 19 17
1 5 3 7 2 6 4 8 14 12 10 13 9 11 15 17 19 16 18
1 5 3 7 2 6 4 8 14 12 10 13 9 11 15 18 16 19 17
1 5 3 7 2 6 4 8 14 12 10 13 11 9 15 17 19 16 18
1 5 3 7 2 6 4 8 14 12 10 13 11 9 15 18 16 19 17
1 5 3 7 4 2 6 8 10 14 12 9 13 11 15 17 19 16 18
1 5 3 7 4 2 6 8 10 14 12 9 13 11 15 18 16 19 17
1 5 3 7 4 2 6 8 12 9 14 11 13 10 15 17 19 16 18
1 5 3 7 4 2 6 8 12 9 14 11 13 10 15 18 16 19 17
1 5 3 7 4 2 6 8 12 10 14 9 13 11 15 17 19 16 18
1 5 3 7 4 2 6 8 12 10 14 9 13 11 15 18 16 19 17
1 5 3 7 4 2 6 8 12 14 10 13 11 9 15 17 19 16 18
1 5 3 7 4 2 6 8 12 14 10 13 11 9 15 18 16 19 17
1 5 3 7 4 2 6 8 13 11 9 14 12 10 15 17 19 16 18
1 5 3 7 4 2 6 8 13 11 9 14 12 10 15 18 16 19 17
1 5 3 7 4 2 6 8 13 11 14 10 12 9 15 17 19 16 18
1 5 3 7 4 2 6 8 13 11 14 10 12 9 15 18 16 19 17
1 5 3 7 4 2 6 8 14 11 13 9 12 10 15 17 19 16 18
1 5 3 7 4 2 6 8 14 11 13 9 12 10 15 18 16 19 17
1 5 3 7 4 2 6 8 14 11 13 10 12 9 15 17 19 16 18
1 5 3 7 4 2 6 8 14 11 13 10 12 9 15 18 16 19 17
1 5 3 7 4 2 6 8 14 12 10 13 9 11 15 17 19 16 18
1 5 3 7 4 2 6 8 14 12 10 13 9 11 15 18 16 19 17
1 5 3 7 4 2 6 8 14 12 10 13 11 9 15 17 19 16 18
1 5 3 7 4 2 6 8 14 12 10 13 11 9 15 18 16 19 17
1 5 3 14 2 6 8 12 10 7 11 9 13 4 15 17 19 16 18
1 5 3 14 2 6 9 12 8 11 7 10 13 4 15 17 19 16 18
1 5 3 14 2 6 10 7 12 9 11 8 13 4 15 17 19 16 18
1 5 3 14 2 6 10 8 12 7 11 9 13 4 15 17 19 16 18
1 5 3 14 2 6 10 12 9 7 11 8 13 4 15 17 19 16 18
1 5 3 14 2 6 11 9 7 12 10 8 13 4 15 17 19 16 18
1 5 3 14 2 6 12 9 11 8 10 7 13 4 15 17 19 16 18
1 5 3 14 2 6 12 10 8 11 9 7 13 4 15 17 19 16 18
1 5 7 3 6 4 2 8 10 14 12 9 13 11 15 17 19 16 18
1 5 7 3 6 4 2 8 10 14 12 9 13 11 15 18 16 19 17
1 5 7 3 6 4 2 8 11 14 10 13 9 12 15 17 19 16 18
1 5 7 3 6 4 2 8 11 14 10 13 9 12 15 18 16 19 17
1 5 7 3 6 4 2 8 12 10 14 9 13 11 15 17 19 16 18
1 5 7 3 6 4 2 8 12 10 14 9 13 11 15 18 16 19 17
1 5 7 3 6 4 2 8 12 14 10 13 11 9 15 17 19 16 18
1 5 7 3 6 4 2 8 12 14 10 13 11 9 15 18 16 19 17
1 5 7 3 6 4 2 8 13 11 14 10 12 9 15 17 19 16 18
1 5 7 3 6 4 2 8 13 11 14 10 12 9 15 18 16 19 17
1 5 7 3 6 4 2 8 14 11 13 9 12 10 15 17 19 16 18
1 5 7 3 6 4 2 8 14 11 13 9 12 10 15 18 16 19 17
1 5 7 3 6 4 2 8 14 11 13 10 12 9 15 17 19 16 18
1 5 7 3 6 4 2 8 14 11 13 10 12 9 15 18 16 19 17
1 5 7 3 6 4 2 8 14 12 10 13 9 11 15 17 19 16 18
1 5 7 3 6 4 2 8 14 12 10 13 9 11 15 18 16 19 17
1 5 7 3 6 4 2 8 14 12 10 13 11 9 15 17 19 16 18
1 5 7 3 6 4 2 8 14 12 10 13 11 9 15 18 16 19 17
1 5 7 4 2 6 3 8 12 10 14 9 13 11 15 17 19 16 18
1 5 7 4 2 6 3 8 12 10 14 9 13 11 15 18 16 19 17
1 5 7 4 2 6 3 8 12 14 10 13 11 9 15 17 19 16 18
1 5 7 4 2 6 3 8 12 14 10 13 11 9 15 18 16 19 17
1 5 7 4 2 6 3 8 13 11 14 10 12 9 15 17 19 16 18
1 5 7 4 2 6 3 8 13 11 14 10 12 9 15 18 16 19 17
1 5 7 4 2 6 3 8 14 11 13 9 12 10 15 17 19 16 18
1 5 7 4 2 6 3 8 14 11 13 9 12 10 15 18 16 19 17
1 5 7 4 2 6 3 8 14 11 13 10 12 9 15 17 19 16 18
1 5 7 4 2 6 3 8 14 11 13 10 12 9 15 18 16 19 17
1 5 7 4 2 6 3 8 14 12 10 13 9 11 15 17 19 16 18
1 5 7 4 2 6 3 8 14 12 10 13 9 11 15 18 16 19 17
1 5 7 4 2 6 3 8 14 12 10 13 11 9 15 17 19 16 18
1 5 7 4 2 6 3 8 14 12 10 13 11 9 15 18 16 19 17
1 6 3 5 2 7 4 8 10 14 12 9 13 11 15 17 19 16 18
1 6 3 5 2 7 4 8 10 14 12 9 13 11 15 18 16 19 17
1 6 3 5 2 7 4 8 11 14 10 13 9 12 15 17 19 16 18
1 6 3 5 2 7 4 8 11 14 10 13 9 12 15 18 16 19 17
1 6 3 5 2 7 4 8 12 9 14 11 13 10 15 17 19 16 18
1 6 3 5 2 7 4 8 12 9 14 11 13 10 15 18 16 19 17
1 6 3 5 2 7 4 8 12 10 14 9 13 11 15 17 19 16 18
1 6 3 5 2 7 4 8 12 10 14 9 13 11 15 18 16 19 17
1 6 3 5 2 7 4 8 12 14 10 13 11 9 15 17 19 16 18
1 6 3 5 2 7 4 8 12 14 10 13 11 9 15 18 16 19 17
1 6 3 5 2 7 4 8 13 11 14 10 12 9 15 17 19 16 18
1 6 3 5 2 7 4 8 13 11 14 10 12 9 15 18 16 19 17
1 6 3 5 2 7 4 8 14 11 13 9 12 10 15 17 19 16 18
1 6 3 5 2 7 4 8 14 11 13 9 12 10 15 18 16 19 17
1 6 3 5 2 7 4 8 14 11 13 10 12 9 15 17 19 16 18
1 6 3 5 2 7 4 8 14 11 13 10 12 9 15 18 16 19 17
1 6 3 5 2 7 4 8 14 12 10 13 9 11 15 17 19 16 18
1 6 3 5 2 7 4 8 14 12 10 13 9 11 15 18 16 19 17
1 6 3 5 2 7 4 8 14 12 10 13 11 9 15 17 19 16 18
1 6 3 5 2 7 4 8 14 12 10 13 11 9 15 18 16 19 17
1 6 3 7 5 2 4 8 12 10 14 9 13 11 15 17 19 16 18
1 6 3 7 5 2 4 8 12 10 14 9 13 11 15 18 16 19 17
1 6 3 7 5 2 4 8 12 14 10 13 11 9 15 17 19 16 18
1 6 3 7 5 2 4 8 12 14 10 13 11 9 15 18 16 19 17
1 6 3 7 5 2 4 8 13 11 14 10 12 9 15 17 19 16 18
1 6 3 7 5 2 4 8 13 11 14 10 12 9 15 18 16 19 17
1 6 3 7 5 2 4 8 14 11 13 9 12 10 15 17 19 16 18
1 6 3 7 5 2 4 8 14 11 13 9 12 10 15 18 16 19 17
1 6 3 7 5 2 4 8 14 11 13 10 12 9 15 17 19 16 18
1 6 3 7 5 2 4 8 14 11 13 10 12 9 15 18 16 19 17
1 6 3 7 5 2 4 8 14 12 10 13 9 11 15 17 19 16 18
1 6 3 7 5 2 4 8 14 12 10 13 9 11 15 18 16 19 17
1 6 3 7 5 2 4 8 14 12 10 13 11 9 15 17 19 16 18
1 6 3 7 5 2 4 8 14 12 10 13 11 9 15 18 16 19 17
1 6 3 9 5 11 2 8 4 10 7 12 15 18 13 16 19 14 17
1 6 3 9 5 11 2 8 4 10 7 12 17 14 19 16 13 18 15
1 6 4 2 7 5 3 8 10 14 12 9 13 11 15 17 19 16 18
1 6 4 2 7 5 3 8 10 14 12 9 13 11 15 18 16 19 17
1 6 4 7 3 5 2 8 10 14 12 9 13 11 15 17 19 16 18
1 6 4 7 3 5 2 8 10 14 12 9 13 11 15 18 16 19 17
1 6 4 7 3 5 2 8 11 14 10 13 9 12 15 17 19 16 18
1 6 4 7 3 5 2 8 11 14 10 13 9 12 15 18 16 19 17
1 6 4 7 3 5 2 8 12 9 14 11 13 10 15 17 19 16 18
1 6 4 7 3 5 2 8 12 9 14 11 13 10 15 18 16 19 17
1 6 4 7 3 5 2 8 12 10 14 9 13 11 15 17 19 16 18
1 6 4 7 3 5 2 8 12 10 14 9 13 11 15 18 16 19 17
1 6 4 7 3 5 2 8 12 14 10 13 11 9 15 17 19 16 18
1 6 4 7 3 5 2 8 12 14 10 13 11 9 15 18 16 19 17
1 6 4 7 3 5 2 8 13 11 14 10 12 9 15 17 19 16 18
1 6 4 7 3 5 2 8 13 11 14 10 12 9 15 18 16 19 17
1 6 4 7 3 5 2 8 14 11 13 9 12 10 15 17 19 16 18
1 6 4 7 3 5 2 8 14 11 13 9 12 10 15 18 16 19 17
1 6 4 7 3 5 2 8 14 11 13 10 12 9 15 17 19 16 18
1 6 4 7 3 5 2 8 14 11 13 10 12 9 15 18 16 19 17
1 6 4 7 3 5 2 8 14 12 10 13 9 11 15 17 19 16 18
1 6 4 7 3 5 2 8 14 12 10 13 9 11 15 18 16 19 17
1 6 4 7 3 5 2 8 14 12 10 13 11 9 15 17 19 16 18
1 6 4 7 3 5 2 8 14 12 10 13 11 9 15 18 16 19 17
1 7 3 9 5 2 11 8 4 10 6 12 15 18 13 16 19 14 17
1 7 3 9 5 2 11 8 4 10 6 12 17 14 19 16 13 18 15
1 7 4 6 2 5 3 8 12 9 14 11 13 10 15 17 19 16 18
1 7 4 6 2 5 3 8 12 9 14 11 13 10 15 18 16 19 17
1 7 4 6 2 5 3 8 12 10 14 9 13 11 15 17 19 16 18
1 7 4 6 2 5 3 8 12 10 14 9 13 11 15 18 16 19 17
1 7 4 6 2 5 3 8 12 14 10 13 11 9 15 17 19 16 18
1 7 4 6 2 5 3 8 12 14 10 13 11 9 15 18 16 19 17
1 7 4 6 2 5 3 8 13 11 9 14 12 10 15 17 19 16 18
1 7 4 6 2 5 3 8 13 11 9 14 12 10 15 18 16 19 17
1 7 4 6 2 5 3 8 13 11 14 10 12 9 15 17 19 16 18
1 7 4 6 2 5 3 8 13 11 14 10 12 9 15 18 16 19 17
1 7 4 6 2 5 3 8 14 11 13 9 12 10 15 17 19 16 18
1 7 4 6 2 5 3 8 14 11 13 9 12 10 15 18 16 19 17
1 7 4 6 2 5 3 8 14 11 13 10 12 9 15 17 19 16 18
1 7 4 6 2 5 3 8 14 11 13 10 12 9 15 18 16 19 17
1 7 4 6 2 5 3 8 14 12 10 13 9 11 15 17 19 16 18
1 7 4 6 2 5 3 8 14 12 10 13 9 11 15 18 16 19 17
1 7 4 6 2 5 3 8 14 12 10 13 11 9 15 17 19 16 18
1 7 4 6 2 5 3 8 14 12 10 13 11 9 15 18 16 19 17
1 7 4 6 3 5 2 8 10 14 12 9 13 11 15 17 19 16 18
1 7 4 6 3 5 2 8 10 14 12 9 13 11 15 18 16 19 17
1 7 4 6 3 5 2 8 12 9 14 11 13 10 15 17 19 16 18
1 7 4 6 3 5 2 8 12 9 14 11 13 10 15 18 16 19 17
1 7 4 6 3 5 2 8 12 10 14 9 13 11 15 17 19 16 18
1 7 4 6 3 5 2 8 12 10 14 9 13 11 15 18 16 19 17
1 7 4 6 3 5 2 8 12 14 10 13 11 9 15 17 19 16 18
1 7 4 6 3 5 2 8 12 14 10 13 11 9 15 18 16 19 17
1 7 4 6 3 5 2 8 13 11 14 10 12 9 15 17 19 16 18
1 7 4 6 3 5 2 8 13 11 14 10 12 9 15 18 16 19 17
1 7 4 6 3 5 2 8 14 11 13 9 12 10 15 17 19 16 18
1 7 4 6 3 5 2 8 14 11 13 9 12 10 15 18 16 19 17
1 7 4 6 3 5 2 8 14 11 13 10 12 9 15 17 19 16 18
1 7 4 6 3 5 2 8 14 11 13 10 12 9 15 18 16 19 17
1 7 4 6 3 5 2 8 14 12 10 13 9 11 15 17 19 16 18
1 7 4 6 3 5 2 8 14 12 10 13 9 11 15 18 16 19 17
1 7 4 6 3 5 2 8 14 12 10 13 11 9 15 17 19 16 18
1 7 4 6 3 5 2 8 14 12 10 13 11 9 15 18 16 19 17
1 7 5 3 6 2 4 8 10 14 12 9 13 11 15 17 19 16 18
1 7 5 3 6 2 4 8 10 14 12 9 13 11 15 18 16 19 17
1 7 5 3 6 2 4 8 12 9 14 11 13 10 15 17 19 16 18
1 7 5 3 6 2 4 8 12 9 14 11 13 10 15 18 16 19 17
1 7 5 3 6 2 4 8 12 10 14 9 13 11 15 17 19 16 18
1 7 5 3 6 2 4 8 12 10 14 9 13 11 15 18 16 19 17
1 7 5 3 6 2 4 8 12 14 10 13 11 9 15 17 19 16 18
1 7 5 3 6 2 4 8 12 14 10 13 11 9 15 18 16 19 17
1 7 5 3 6 2 4 8 13 11 9 14 12 10 15 17 19 16 18
1 7 5 3 6 2 4 8 13 11 9 14 12 10 15 18 16 19 17
1 7 5 3 6 2 4 8 13 11 14 10 12 9 15 17 19 16 18
1 7 5 3 6 2 4 8 13 11 14 10 12 9 15 18 16 19 17
1 7 5 3 6 2 4 8 14 11 13 9 12 10 15 17 19 16 18
1 7 5 3 6 2 4 8 14 11 13 9 12 10 15 18 16 19 17
1 7 5 3 6 2 4 8 14 11 13 10 12 9 15 17 19 16 18
1 7 5 3 6 2 4 8 14 11 13 10 12 9 15 18 16 19 17
1 7 5 3 6 2 4 8 14 12 10 13 9 11 15 17 19 16 18
1 7 5 3 6 2 4 8 14 12 10 13 9 11 15 18 16 19 17
1 7 5 3 6 2 4 8 14 12 10 13 11 9 15 17 19 16 18
1 7 5 3 6 2 4 8 14 12 10 13 11 9 15 18 16 19 17
1 7 5 3 6 4 2 8 10 14 12 9 13 11 15 17 19 16 18
1 7 5 3 6 4 2 8 10 14 12 9 13 11 15 18 16 19 17
1 7 5 3 6 4 2 8 12 9 14 11 13 10 15 17 19 16 18
1 7 5 3 6 4 2 8 12 9 14 11 13 10 15 18 16 19 17
1 7 5 3 6 4 2 8 12 10 14 9 13 11 15 17 19 16 18
1 7 5 3 6 4 2 8 12 10 14 9 13 11 15 18 16 19 17
1 7 5 3 6 4 2 8 12 14 10 13 11 9 15 17 19 16 18
1 7 5 3 6 4 2 8 12 14 10 13 11 9 15 18 16 19 17
1 7 5 3 6 4 2 8 13 11 14 10 12 9 15 17 19 16 18
1 7 5 3 6 4 2 8 13 11 14 10 12 9 15 18 16 19 17
1 7 5 3 6 4 2 8 14 11 13 9 12 10 15 17 19 16 18
1 7 5 3 6 4 2 8 14 11 13 9 12 10 15 18 16 19 17
1 7 5 3 6 4 2 8 14 11 13 10 12 9 15 17 19 16 18
1 7 5 3 6 4 2 8 14 11 13 10 12 9 15 18 16 19 17
1 7 5 3 6 4 2 8 14 12 10 13 9 11 15 17 19 16 18
1 7 5 3 6 4 2 8 14 12 10 13 9 11 15 18 16 19 17
1 7 5 3 6 4 2 8 14 12 10 13 11 9 15 17 19 16 18
1 7 5 3 6 4 2 8 14 12 10 13 11 9 15 18 16 19 17
1 12 3 5 9 7 4 8 6 10 14 2 13 11 15 17 19 16 18
1 12 3 6 9 5 8 4 7 10 14 2 13 11 15 17 19 16 18
1 12 3 7 4 9 6 8 5 10 14 2 13 11 15 17 19 16 18
1 12 3 7 5 9 4 8 6 10 14 2 13 11 15 17 19 16 18
1 12 3 7 5 9 6 4 8 10 14 2 13 11 15 17 19 16 18
1 12 3 7 9 5 8 6 4 10 14 2 13 11 15 17 19 16 18
1 12 3 8 5 7 4 9 6 10 14 2 13 11 15 17 19 16 18
1 12 3 8 5 9 7 4 6 10 14 2 13 11 15 17 19 16 18
1 12 3 8 6 4 9 7 5 10 14 2 13 11 15 17 19 16 18
1 12 3 8 6 9 5 7 4 10 14 2 13 11 15 17 19 16 18
1 12 3 9 6 8 4 7 5 10 14 2 13 11 15 17 19 16 18
1 12 3 9 6 8 5 7 4 10 14 2 13 11 15 17 19 16 18
1 12 3 9 7 5 8 4 6 10 14 2 13 11 15 17 19 16 18
1 12 3 9 7 5 8 6 4 10 14 2 13 11 15 17 19 16 18
3 5 2 7 4 6 1 8 10 14 12 9 13 11 15 17 19 16 18
3 5 2 7 4 6 1 8 10 14 12 9 13 11 15 18 16 19 17
3 5 2 7 4 6 1 8 12 10 14 9 13 11 15 17 19 16 18
3 5 2 7 4 6 1 8 12 10 14 9 13 11 15 18 16 19 17
3 5 2 7 4 6 1 8 12 14 10 13 11 9 15 17 19 16 18
3 5 2 7 4 6 1 8 12 14 10 13 11 9 15 18 16 19 17
3 5 2 7 4 6 1 8 13 11 14 10 12 9 15 17 19 16 18
3 5 2 7 4 6 1 8 13 11 14 10 12 9 15 18 16 19 17
3 5 2 7 4 6 1 8 14 11 13 9 12 10 15 17 19 16 18
3 5 2 7 4 6 1 8 14 11 13 9 12 10 15 18 16 19 17
3 5 2 7 4 6 1 8 14 11 13 10 12 9 15 17 19 16 18
3 5 2 7 4 6 1 8 14 11 13 10 12 9 15 18 16 19 17
3 5 2 7 4 6 1 8 14 12 10 13 9 11 15 17 19 16 18
3 5 2 7 4 6 1 8 14 12 10 13 9 11 15 18 16 19 17
3 5 2 7 4 6 1 8 14 12 10 13 11 9 15 17 19 16 18
3 5 2 7 4 6 1 8 14 12 10 13 11 9 15 18 16 19 17
3 6 1 4 7 2 5 8 10 14 12 9 13 11 15 17 19 16 18
3 6 1 4 7 2 5 8 10 14 12 9 13 11 15 18 16 19 17
3 6 1 4 7 2 5 8 12 9 14 11 13 10 15 17 19 16 18
3 6 1 4 7 2 5 8 12 9 14 11 13 10 15 18 16 19 17
3 6 1 4 7 2 5 8 12 10 14 9 13 11 15 17 19 16 18
3 6 1 4 7 2 5 8 12 10 14 9 13 11 15 18 16 19 17
3 6 1 4 7 2 5 8 12 14 10 13 11 9 15 17 19 16 18
3 6 1 4 7 2 5 8 12 14 10 13 11 9 15 18 16 19 17
3 6 1 4 7 2 5 8 13 11 14 10 12 9 15 17 19 16 18
3 6 1 4 7 2 5 8 13 11 14 10 12 9 15 18 16 19 17
3 6 1 4 7 2 5 8 14 11 13 9 12 10 15 17 19 16 18
3 6 1 4 7 2 5 8 14 11 13 9 12 10 15 18 16 19 17
3 6 1 4 7 2 5 8 14 11 13 10 12 9 15 17 19 16 18
3 6 1 4 7 2 5 8 14 11 13 10 12 9 15 18 16 19 17
3 6 1 4 7 2 5 8 14 12 10 13 9 11 15 17 19 16 18
3 6 1 4 7 2 5 8 14 12 10 13 9 11 15 18 16 19 17
3 6 1 4 7 2 5 8 14 12 10 13 11 9 15 17 19 16 18
3 6 1 4 7 2 5 8 14 12 10 13 11 9 15 18 16 19 17
4 6 2 5 1 3 7 10 13 8 11 14 9 12 15 17 19 16 18
4 6 3 7 1 5 2 8 12 10 14 9 13 11 15 17 19 16 18
4 6 3 7 1 5 2 8 12 10 14 9 13 11 15 18 16 19 17
4 6 3 7 1 5 2 8 12 14 10 13 11 9 15 17 19 16 18
4 6 3 7 1 5 2 8 12 14 10 13 11 9 15 18 16 19 17
4 6 3 7 1 5 2 8 13 11 9 14 12 10 15 17 19 16 18
4 6 3 7 1 5 2 8 13 11 9 14 12 10 15 18 16 19 17
4 6 3 7 1 5 2 8 13 11 14 10 12 9 15 17 19 16 18
4 6 3 7 1 5 2 8 13 11 14 10 12 9 15 18 16 19 17
4 6 3 7 1 5 2 8 14 11 13 9 12 10 15 17 19 16 18
4 6 3 7 1 5 2 8 14 11 13 9 12 10 15 18 16 19 17
4 6 3 7 1 5 2 8 14 11 13 10 12 9 15 17 19 16 18
4 6 3 7 1 5 2 8 14 11 13 10 12 9 15 18 16 19 17
4 6 3 7 1 5 2 8 14 12 10 13 9 11 15 17 19 16 18
4 6 3 7 1 5 2 8 14 12 10 13 9 11 15 18 16 19 17
4 6 3 7 1 5 2 8 14 12 10 13 11 9 15 17 19 16 18
4 6 3 7 1 5 2 8 14 12 10 13 11 9 15 18 16 19 17
5 2 4 7 1 6 3 8 12 9 14 11 13 10 15 17 19 16 18
5 2 4 7 1 6 3 8 12 9 14 11 13 10 15 18 16 19 17
5 2 7 3 1 6 4 8 10 14 12 9 13 11 15 17 19 16 18
5 2 7 3 1 6 4 8 10 14 12 9 13 11 15 18 16 19 17
5 2 7 4 1 6 3 8 10 14 12 9 13 11 15 17 19 16 18
5 2 7 4 1 6 3 8 10 14 12 9 13 11 15 18 16 19 17
5 2 7 4 1 6 3 8 12 9 14 11 13 10 15 17 19 16 18
5 2 7 4 1 6 3 8 12 9 14 11 13 10 15 18 16 19 17
5 2 7 4 1 6 3 8 12 10 14 9 13 11 15 17 19 16 18
5 2 7 4 1 6 3 8 12 10 14 9 13 11 15 18 16 19 17
5 2 7 4 1 6 3 8 12 14 10 13 11 9 15 17 19 16 18
5 2 7 4 1 6 3 8 12 14 10 13 11 9 15 18 16 19 17
5 2 7 4 1 6 3 8 13 11 14 10 12 9 15 17 19 16 18
5 2 7 4 1 6 3 8 13 11 14 10 12 9 15 18 16 19 17
5 2 7 4 1 6 3 8 14 11 13 9 12 10 15 17 19 16 18
5 2 7 4 1 6 3 8 14 11 13 9 12 10 15 18 16 19 17
5 2 7 4 1 6 3 8 14 11 13 10 12 9 15 17 19 16 18
5 2 7 4 1 6 3 8 14 11 13 10 12 9 15 18 16 19 17
5 2 7 4 1 6 3 8 14 12 10 13 9 11 15 17 19 16 18
5 2 7 4 1 6 3 8 14 12 10 13 9 11 15 18 16 19 17
5 2 7 4 1 6 3 8 14 12 10 13 11 9 15 17 19 16 18
5 2 7 4 1 6 3 8 14 12 10 13 11 9 15 18 16 19 17
5 3 6 1 4 2 7 10 13 8 11 14 9 12 15 17 19 16 18
5 7 3 1 6 2 4 8 11 14 10 13 9 12 15 17 19 16 18
5 7 3 1 6 2 4 8 11 14 10 13 9 12 15 18 16 19 17
5 7 3 1 6 2 4 8 12 10 14 9 13 11 15 17 19 16 18
5 7 3 1 6 2 4 8 12 10 14 9 13 11 15 18 16 19 17
5 7 3 1 6 2 4 8 12 14 10 13 11 9 15 17 19 16 18
5 7 3 1 6 2 4 8 12 14 10 13 11 9 15 18 16 19 17
5 7 3 1 6 2 4 8 13 11 14 10 12 9 15 17 19 16 18
5 7 3 1 6 2 4 8 13 11 14 10 12 9 15 18 16 19 17
5 7 3 1 6 2 4 8 14 11 13 9 12 10 15 17 19 16 18
5 7 3 1 6 2 4 8 14 11 13 9 12 10 15 18 16 19 17
5 7 3 1 6 2 4 8 14 11 13 10 12 9 15 17 19 16 18
5 7 3 1 6 2 4 8 14 11 13 10 12 9 15 18 16 19 17
5 7 3 1 6 2 4 8 14 12 10 13 9 11 15 17 19 16 18
5 7 3 1 6 2 4 8 14 12 10 13 9 11 15 18 16 19 17
5 7 3 1 6 2 4 8 14 12 10 13 11 9 15 17 19 16 18
5 7 3 1 6 2 4 8 14 12 10 13 11 9 15 18 16 19 17
7 3 1 5 2 6 4 8 12 9 14 11 13 10 15 17 19 16 18
7 3 1 5 2 6 4 8 12 9 14 11 13 10 15 18 16 19 17
7 3 1 5 2 6 4 8 12 10 14 9 13 11 15 17 19 16 18
7 3 1 5 2 6 4 8 12 10 14 9 13 11 15 18 16 19 17
7 3 1 5 2 6 4 8 12 14 10 13 11 9 15 17 19 16 18
7 3 1 5 2 6 4 8 12 14 10 13 11 9 15 18 16 19 17
7 3 1 5 2 6 4 8 13 11 14 10 12 9 15 17 19 16 18
7 3 1 5 2 6 4 8 13 11 14 10 12 9 15 18 16 19 17
7 3 1 5 2 6 4 8 14 11 13 9 12 10 15 17 19 16 18
7 3 1 5 2 6 4 8 14 11 13 9 12 10 15 18 16 19 17
7 3 1 5 2 6 4 8 14 11 13 10 12 9 15 17 19 16 18
7 3 1 5 2 6 4 8 14 11 13 10 12 9 15 18 16 19 17
7 3 1 5 2 6 4 8 14 12 10 13 9 11 15 17 19 16 18
7 3 1 5 2 6 4 8 14 12 10 13 9 11 15 18 16 19 17
7 3 1 5 2 6 4 8 14 12 10 13 11 9 15 17 19 16 18
7 3 1 5 2 6 4 8 14 12 10 13 11 9 15 18 16 19 17
9 4 6 3 7 5 8 2 11 13 1 10 14 12 15 17 19 16 18
9 4 6 3 7 5 8 2 11 13 1 10 14 12 15 18 16 19 17
9 5 3 7 4 6 8 2 11 13 1 10 14 12 15 17 19 16 18
9 5 3 7 4 6 8 2 11 13 1 10 14 12 15 18 16 19 17
10 5 8 11 7 4 9 6 3 12 1 14 2 13 15 17 19 16 18
10 5 8 11 7 4 9 6 3 12 1 14 2 13 15 18 16 19 17
11 8 3 5 2 6 4 7 1 12 9 14 10 13 15 17 19 16 18
11 8 3 5 2 6 4 7 1 12 9 14 10 13 15 18 16 19 17
11 8 4 2 6 3 5 7 1 12 9 14 10 13 15 17 19 16 18
11 8 4 2 6 3 5 7 1 12 9 14 10 13 15 18 16 19 17
11 9 6 10 7 4 8 5 3 12 1 14 2 13 15 17 19 16 18
11 9 6 10 7 4 8 5 3 12 1 14 2 13 15 18 16 19 17
11 13 9 6 2 8 5 3 7 1 4 10 14 12 15 17 19 16 18
11 13 9 6 2 8 5 3 7 1 4 10 14 12 15 18 16 19 17
11 13 9 6 8 3 5 7 2 4 1 10 14 12 15 17 19 16 18
11 13 9 6 8 3 5 7 2 4 1 10 14 12 15 18 16 19 17
12 2 14 11 5 7 9 6 10 8 4 1 13 3 15 17 19 16 18
12 2 14 11 5 7 9 6 10 8 4 1 13 3 15 18 16 19 17
12 2 14 11 5 8 6 10 7 9 4 1 13 3 15 17 19 16 18
12 2 14 11 5 8 6 10 7 9 4 1 13 3 15 18 16 19 17
12 2 14 11 6 8 5 9 7 10 4 1 13 3 15 17 19 16 18
12 2 14 11 6 8 5 9 7 10 4 1 13 3 15 18 16 19 17
12 2 14 11 6 9 5 7 10 8 4 1 13 3 15 17 19 16 18
12 2 14 11 6 9 5 7 10 8 4 1 13 3 15 18 16 19 17
12 2 14 11 7 5 8 10 6 9 4 1 13 3 15 17 19 16 18
12 2 14 11 7 5 8 10 6 9 4 1 13 3 15 18 16 19 17
12 2 14 11 7 5 9 6 8 10 4 1 13 3 15 17 19 16 18
12 2 14 11 7 5 9 6 8 10 4 1 13 3 15 18 16 19 17
12 2 14 11 7 9 5 8 10 6 4 1 13 3 15 17 19 16 18
12 2 14 11 7 9 5 8 10 6 4 1 13 3 15 18 16 19 17
12 2 14 11 7 10 5 8 6 9 4 1 13 3 15 17 19 16 18
12 2 14 11 7 10 5 8 6 9 4 1 13 3 15 18 16 19 17
14 2 9 6 11 4 7 12 3 10 5 8 13 1 15 17 19 16 18
14 2 9 6 11 4 7 12 3 10 5 8 13 1 15 18 16 19 17
14 2 12 4 9 6 11 8 5 10 7 3 13 1 15 17 19 16 18
14 2 12 4 9 6 11 8 5 10 7 3 13 1 15 18 16 19 17
14 2 12 6 10 8 5 11 7 4 9 3 13 1 15 17 19 16 18
14 2 12 6 10 8 5 11 7 4 9 3 13 1 15 18 16 19 17
14 2 12 6 11 8 4 10 7 5 9 3 13 1 15 17 19 16 18
14 2 12 6 11 8 4 10 7 5 9 3 13 1 15 18 16 19 17
14 2 12 7 10 4 9 6 11 8 5 3 13 1 15 17 19 16 18
14 2 12 7 10 4 9 6 11 8 5 3 13 1 15 18 16 19 17
14 2 12 8 5 10 7 4 9 6 11 3 13 1 15 17 19 16 18
14 2 12 8 5 10 7 4 9 6 11 3 13 1 15 18 16 19 17
14 2 12 10 7 4 9 6 11 5 8 3 13 1 15 17 19 16 18
14 2 12 10 7 4 9 6 11 5 8 3 13 1 15 18 16 19 17
14 12 10 4 8 6 13 5 9 3 11 2 7 1 15 17 19 16 18
14 12 10 4 8 6 13 5 9 3 11 2 7 1 15 18 16 19 17
