16 24 26 22 19 21 23 17 20 18 15 10 12 9 13 11 14 8 4 6 2 5 25 1 3 7
23 21 19 22 16 24 26 17 20 18 15 10 12 9 13 11 14 8 4 6 2 5 25 1 3 7
18 20 17 23 21 19 22 16 24 26 15 10 12 9 13 11 14 8 4 6 2 5 25 1 3 7
12 10 15 18 20 17 23 21 19 22 16 24 26 9 13 11 14 8 4 6 2 5 25 1 3 7
5 2 6 4 8 14 11 13 9 12 10 15 18 20 17 23 21 19 22 16 24 26 25 1 3 7
14 11 13 9 12 10 15 18 20 17 23 21 19 22 16 24 26 8 4 6 2 5 25 1 3 7
16 24 26 22 19 21 23 17 20 18 15 9 11 13 10 14 12 8 4 6 2 5 25 1 3 7
23 21 19 22 16 24 26 17 20 18 15 9 11 13 10 14 12 8 4 6 2 5 25 1 3 7
18 20 17 23 21 19 22 16 24 26 15 9 11 13 10 14 12 8 4 6 2 5 25 1 3 7
14 10 13 11 9 15 18 20 17 23 21 19 22 16 24 26 12 8 4 6 2 5 25 1 3 7
12 14 10 13 11 9 15 18 20 17 23 21 19 22 16 24 26 8 4 6 2 5 25 1 3 7
5 2 6 4 8 12 14 10 13 11 9 15 18 20 17 23 21 19 22 16 24 26 25 1 3 7
16 24 26 22 19 21 23 17 20 18 15 9 12 10 14 11 13 8 4 6 2 5 25 1 3 7
23 21 19 22 16 24 26 17 20 18 15 9 12 10 14 11 13 8 4 6 2 5 25 1 3 7
18 20 17 23 21 19 22 16 24 26 15 9 12 10 14 11 13 8 4 6 2 5 25 1 3 7
13 11 14 10 12 9 15 18 20 17 23 21 19 22 16 24 26 8 4 6 2 5 25 1 3 7
11 14 10 12 9 15 18 20 17 23 21 19 22 16 24 26 13 8 4 6 2 5 25 1 3 7
5 2 6 4 8 13 11 14 10 12 9 15 18 20 17 23 21 19 22 16 24 26 25 1 3 7
20 18 16 24 26 22 19 21 23 17 15 9 12 10 14 11 13 8 4 6 2 5 25 1 3 7
17 23 21 19 22 20 18 16 24 26 15 9 12 10 14 11 13 8 4 6 2 5 25 1 3 7
23 21 19 22 20 18 16 24 26 17 15 9 12 10 14 11 13 8 4 6 2 5 25 1 3 7
13 11 14 10 12 9 15 17 23 21 19 22 20 18 16 24 26 8 4 6 2 5 25 1 3 7
11 14 10 12 9 15 17 23 21 19 22 20 18 16 24 26 13 8 4 6 2 5 25 1 3 7
5 2 6 4 8 13 11 14 10 12 9 15 17 23 21 19 22 20 18 16 24 26 25 1 3 7
18 22 17 19 16 24 26 21 23 20 15 9 12 10 14 11 13 8 4 6 2 5 25 1 3 7
23 21 18 22 17 19 16 24 26 20 15 9 12 10 14 11 13 8 4 6 2 5 25 1 3 7
20 23 21 18 22 17 19 16 24 26 15 9 12 10 14 11 13 8 4 6 2 5 25 1 3 7
13 11 14 10 12 9 15 20 23 21 18 22 17 19 16 24 26 8 4 6 2 5 25 1 3 7
11 14 10 12 9 15 20 23 21 18 22 17 19 16 24 26 13 8 4 6 2 5 25 1 3 7
5 2 6 4 8 13 11 14 10 12 9 15 20 23 21 18 22 17 19 16 24 26 25 1 3 7
23 21 18 20 17 19 22 16 24 26 15 9 12 10 14 11 13 8 4 6 2 5 7 3 25 1
15 23 21 18 20 17 19 22 16 24 26 9 12 10 14 11 13 8 4 6 2 5 7 3 25 1
9 15 23 21 18 20 17 19 22 16 24 26 12 10 14 11 13 8 4 6 2 5 7 3 25 1
12 9 15 23 21 18 20 17 19 22 16 24 26 10 14 11 13 8 4 6 2 5 7 3 25 1
10 12 9 15 23 21 18 20 17 19 22 16 24 26 14 11 13 8 4 6 2 5 7 3 25 1
11 14 10 12 9 15 23 21 18 20 17 19 22 16 24 26 13 8 4 6 2 5 7 3 25 1
13 11 14 10 12 9 15 23 21 18 20 17 19 22 16 24 26 8 4 6 2 5 7 3 25 1
14 10 12 9 15 23 21 18 20 17 19 22 16 24 26 11 13 8 4 6 2 5 7 3 25 1
3 7 5 2 6 4 8 13 11 14 10 12 9 15 23 21 18 20 17 19 22 16 24 26 25 1
23 21 18 20 17 19 22 16 24 26 15 9 12 10 14 11 13 8 4 6 2 5 25 1 3 7
13 11 14 10 12 9 15 23 21 18 20 17 19 22 16 24 26 8 4 6 2 5 25 1 3 7
11 14 10 12 9 15 23 21 18 20 17 19 22 16 24 26 13 8 4 6 2 5 25 1 3 7
5 2 6 4 8 13 11 14 10 12 9 15 23 21 18 20 17 19 22 16 24 26 25 1 3 7
23 21 18 20 17 19 22 16 24 26 15 9 12 10 14 11 13 8 4 6 2 25 1 3 7 5
13 11 14 10 12 9 15 23 21 18 20 17 19 22 16 24 26 8 4 6 2 25 1 3 7 5
11 14 10 12 9 15 23 21 18 20 17 19 22 16 24 26 13 8 4 6 2 25 1 3 7 5
2 6 4 8 13 11 14 10 12 9 15 23 21 18 20 17 19 22 16 24 26 25 1 3 7 5
23 21 18 20 17 19 22 16 24 26 15 9 11 13 10 14 12 8 4 6 2 5 7 3 25 1
15 23 21 18 20 17 19 22 16 24 26 9 11 13 10 14 12 8 4 6 2 5 7 3 25 1
9 15 23 21 18 20 17 19 22 16 24 26 11 13 10 14 12 8 4 6 2 5 7 3 25 1
11 9 15 23 21 18 20 17 19 22 16 24 26 13 10 14 12 8 4 6 2 5 7 3 25 1
13 11 9 15 23 21 18 20 17 19 22 16 24 26 10 14 12 8 4 6 2 5 7 3 25 1
10 13 11 9 15 23 21 18 20 17 19 22 16 24 26 14 12 8 4 6 2 5 7 3 25 1
14 10 13 11 9 15 23 21 18 20 17 19 22 16 24 26 12 8 4 6 2 5 7 3 25 1
12 14 10 13 11 9 15 23 21 18 20 17 19 22 16 24 26 8 4 6 2 5 7 3 25 1
3 7 5 2 6 4 8 12 14 10 13 11 9 15 23 21 18 20 17 19 22 16 24 26 25 1
23 21 18 20 17 19 22 16 24 26 15 9 11 13 10 14 12 8 4 6 2 5 25 1 3 7
14 10 13 11 9 15 23 21 18 20 17 19 22 16 24 26 12 8 4 6 2 5 25 1 3 7
12 14 10 13 11 9 15 23 21 18 20 17 19 22 16 24 26 8 4 6 2 5 25 1 3 7
5 2 6 4 8 12 14 10 13 11 9 15 23 21 18 20 17 19 22 16 24 26 25 1 3 7
13 11 15 23 21 17 19 22 20 18 16 24 26 9 14 10 12 8 4 6 2 5 25 7 3 1
10 14 9 13 11 15 23 21 17 19 22 20 18 16 24 26 12 8 4 6 2 5 25 7 3 1
5 2 6 4 8 12 10 14 9 13 11 15 23 21 17 19 22 20 18 16 24 26 25 7 3 1
11 15 23 21 17 19 22 20 18 16 24 26 13 9 14 10 12 8 4 6 2 5 25 7 3 1
20 18 16 24 26 22 19 17 21 23 15 11 13 9 14 10 12 8 4 6 2 5 25 7 3 1
15 23 21 17 19 22 20 18 16 24 26 11 13 9 14 10 12 8 4 6 2 5 25 7 3 1
14 9 13 11 15 23 21 17 19 22 20 18 16 24 26 10 12 8 4 6 2 5 25 7 3 1
23 21 17 19 22 20 18 16 24 26 15 11 13 9 14 10 12 8 4 6 2 5 25 7 3 1
5 3 7 4 2 6 8 10 14 12 9 13 11 15 23 21 18 20 22 16 19 17 24 26 25 1
5 3 7 4 2 6 8 12 10 14 9 13 11 15 23 21 18 20 22 16 19 17 24 26 25 1
5 7 3 6 4 2 8 10 14 12 9 13 11 15 23 21 18 20 22 16 19 17 24 26 25 1
5 7 3 6 4 2 8 11 14 10 13 9 12 15 23 21 18 20 22 16 19 17 24 26 25 1
5 7 3 6 4 2 8 10 14 12 9 13 11 15 18 23 21 16 22 20 17 19 24 26 25 1
5 7 3 6 4 2 8 11 14 10 13 9 12 15 23 21 18 22 20 17 19 16 24 26 25 1
6 4 7 3 5 2 8 10 14 12 9 13 11 15 23 21 18 20 22 16 19 17 24 26 25 1
7 5 3 6 2 4 8 10 14 12 9 13 11 15 23 21 18 20 22 16 19 17 24 26 25 1
7 5 3 6 2 4 8 10 14 12 9 13 11 15 18 16 23 21 19 22 20 17 24 26 25 1
5 2 7 4 6 1 8 10 14 12 9 13 11 15 23 21 18 20 22 16 19 17 24 26 25 3
