1 3 7 5 2 6 4 8 14 11 13 10 12 9 15 23 21 18 20 17 19 22 16 24 26 28 25 27
1 3 7 5 2 6 4 8 13 11 14 10 12 9 15 23 21 18 20 17 19 22 16 24 26 28 25 27
1 3 7 5 2 6 4 8 14 12 10 13 11 9 15 23 21 18 20 17 19 22 16 24 26 28 25 27
1 3 7 5 2 6 4 8 14 12 10 13 9 11 15 23 21 18 20 17 19 22 16 24 26 28 25 27
1 3 7 5 2 6 4 8 12 10 14 9 13 11 15 23 21 18 20 17 19 22 16 24 26 28 25 27
1 5 2 7 4 6 3 8 12 14 10 13 11 9 15 23 21 18 20 17 19 22 16 24 26 28 25 27
1 5 2 7 4 6 3 8 13 11 14 10 12 9 15 23 21 18 20 17 19 22 16 24 26 28 25 27
1 5 2 7 4 6 3 8 12 10 14 9 13 11 15 23 21 18 20 17 19 22 16 24 26 28 25 27
1 3 7 5 2 6 4 8 12 14 10 13 11 9 15 23 21 18 20 17 19 22 16 24 26 28 25 27
1 3 7 5 2 6 4 8 14 11 13 9 12 10 15 23 21 18 20 17 19 22 16 24 26 28 25 27
1 7 4 6 2 5 3 8 14 11 13 9 12 10 15 21 18 20 16 19 17 22 28 25 27 23 26 24
1 5 7 3 6 4 2 8 12 14 10 13 11 9 15 19 21 17 20 18 16 22 26 28 24 27 25 23
1 5 2 7 4 6 3 8 12 9 14 11 13 10 15 19 16 21 18 20 17 22 26 23 28 25 27 24
1 3 7 5 2 6 4 8 10 14 12 9 13 11 15 17 21 19 16 20 18 22 24 28 26 23 27 25
1 6 4 7 3 5 2 8 13 11 14 10 12 9 15 20 18 21 17 19 16 22 27 25 28 24 26 23
1 5 3 7 4 2 6 8 12 10 14 11 9 13 15 19 17 21 18 16 20 22 26 24 28 25 23 27
1 6 3 7 5 2 4 8 13 10 14 12 9 11 15 20 17 21 19 16 18 22 27 24 28 26 23 25
1 5 7 4 2 6 3 8 12 14 11 9 13 10 15 19 21 18 16 20 17 22 26 28 25 23 27 24
