24 26 9 12 10 14 11 13 8 4 6 2 25 1 3 7 5 27 16 22 19 17 20 18 21 23 15 29 | 15 23 21 18 20 17 19 22 16 24 26 9 12 10 14 11 13 8 4 6 2 25 1 3 7 5 28
8 4 6 2 25 1 3 7 5 27 13 11 14 10 12 9 26 24 16 22 19 17 20 18 21 23 15 29 | 15 23 21 18 20 17 19 22 16 24 26 9 12 10 14 11 13 8 4 6 2 25 1 3 7 5 28
1 3 7 27 25 5 2 26 24 16 19 17 22 18 21 23 20 15 9 12 10 14 11 13 8 4 6 29 | 6 4 8 13 11 14 10 12 9 15 20 23 21 18 22 17 19 16 24 26 2 5 25 1 3 7 28
4 8 13 11 14 10 12 9 15 20 23 21 18 22 17 19 16 24 26 2 5 25 1 3 7 27 6 29 | 6 4 8 13 11 14 10 12 9 15 20 23 21 18 22 17 19 16 24 26 2 5 25 1 3 7 28
25 1 3 7 27 5 2 26 24 16 19 17 22 18 21 23 20 15 9 12 10 14 11 13 8 4 6 29 | 6 4 8 13 11 14 10 12 9 15 20 23 21 18 22 17 19 16 24 26 2 5 25 1 3 7 28
21 18 22 17 19 16 24 26 2 5 25 1 3 7 27 23 20 15 9 12 10 14 11 13 8 4 6 29 | 6 4 8 13 11 14 10 12 9 15 20 23 21 18 22 17 19 16 24 26 2 5 25 1 3 7 28
19 16 24 26 2 5 25 1 3 7 27 17 22 18 21 23 20 15 9 12 10 14 11 13 8 4 6 29 | 6 4 8 13 11 14 10 12 9 15 20 23 21 18 22 17 19 16 24 26 2 5 25 1 3 7 28
17 19 16 24 26 2 5 25 1 3 7 27 22 18 21 23 20 15 9 12 10 14 11 13 8 4 6 29 | 6 4 8 13 11 14 10 12 9 15 20 23 21 18 22 17 19 16 24 26 2 5 25 1 3 7 28
10 12 9 15 20 23 21 18 22 17 19 16 24 26 2 5 25 1 3 7 27 14 11 13 8 4 6 29 | 6 4 8 13 11 14 10 12 9 15 20 23 21 18 22 17 19 16 24 26 2 5 25 1 3 7 28
15 20 23 21 18 22 17 19 16 24 26 2 5 25 1 3 7 27 9 12 10 14 11 13 8 4 6 29 | 6 4 8 13 11 14 10 12 9 15 20 23 21 18 22 17 19 16 24 26 2 5 25 1 3 7 28
1 25 27 3 7 5 26 24 16 22 19 21 23 17 20 18 15 9 12 10 14 11 13 8 4 6 2 29 | 2 6 4 8 13 11 14 10 12 9 15 18 20 17 23 21 19 22 16 24 26 5 7 3 1 25 28
6 4 8 13 11 14 10 12 9 15 18 20 17 23 21 19 22 16 24 26 5 7 3 1 25 27 2 29 | 2 6 4 8 13 11 14 10 12 9 15 18 20 17 23 21 19 22 16 24 26 5 7 3 1 25 28
14 10 12 9 15 18 20 17 23 21 19 22 16 24 26 5 7 3 1 25 27 11 13 8 4 6 2 29 | 2 6 4 8 13 11 14 10 12 9 15 18 20 17 23 21 19 22 16 24 26 5 7 3 1 25 28
17 23 21 19 22 16 24 26 5 7 3 1 25 27 20 18 15 9 12 10 14 11 13 8 4 6 2 29 | 2 6 4 8 13 11 14 10 12 9 15 18 20 17 23 21 19 22 16 24 26 5 7 3 1 25 28
22 16 24 26 5 7 3 1 25 27 19 21 23 17 20 18 15 9 12 10 14 11 13 8 4 6 2 29 | 2 6 4 8 13 11 14 10 12 9 15 18 20 17 23 21 19 22 16 24 26 5 7 3 1 25 28
9 15 18 20 17 23 21 19 22 16 24 26 5 7 3 1 25 27 12 10 14 11 13 8 4 6 2 29 | 2 6 4 8 13 11 14 10 12 9 15 18 20 17 23 21 19 22 16 24 26 5 7 3 1 25 28
20 17 23 21 19 22 16 24 26 5 7 3 1 25 27 18 15 9 12 10 14 11 13 8 4 6 2 29 | 2 6 4 8 13 11 14 10 12 9 15 18 20 17 23 21 19 22 16 24 26 5 7 3 1 25 28
8 12 14 10 13 11 9 15 18 20 17 23 21 19 22 16 24 26 3 7 27 4 6 2 5 25 1 29 | 1 25 5 2 6 4 8 12 14 10 13 11 9 15 18 20 17 23 21 19 22 16 24 26 3 7 28
7 27 3 26 24 16 22 19 21 23 17 20 18 15 9 11 13 10 14 12 8 4 6 2 5 25 1 29 | 1 25 5 2 6 4 8 12 14 10 13 11 9 15 18 20 17 23 21 19 22 16 24 26 3 7 28
17 23 21 19 22 16 24 26 3 7 27 20 18 15 9 11 13 10 14 12 8 4 6 2 5 25 1 29 | 1 25 5 2 6 4 8 12 14 10 13 11 9 15 18 20 17 23 21 19 22 16 24 26 3 7 28
6 4 8 12 14 10 13 11 9 15 18 20 17 23 21 19 22 16 24 26 3 7 27 2 5 25 1 29 | 1 25 5 2 6 4 8 12 14 10 13 11 9 15 18 20 17 23 21 19 22 16 24 26 3 7 28
13 11 9 15 18 20 17 23 21 19 22 16 24 26 3 7 27 10 14 12 8 4 6 2 5 25 1 29 | 1 25 5 2 6 4 8 12 14 10 13 11 9 15 18 20 17 23 21 19 22 16 24 26 3 7 28
5 2 6 4 8 12 14 10 13 11 9 15 18 20 17 23 21 19 22 16 24 26 3 7 27 25 1 29 | 1 25 5 2 6 4 8 12 14 10 13 11 9 15 18 20 17 23 21 19 22 16 24 26 3 7 28
2 6 4 8 12 14 10 13 11 9 15 18 20 17 23 21 19 22 16 24 26 3 7 27 5 25 1 29 | 1 25 5 2 6 4 8 12 14 10 13 11 9 15 18 20 17 23 21 19 22 16 24 26 3 7 28
1 27 3 7 25 5 2 6 26 24 16 18 20 22 19 17 21 23 15 11 13 9 14 10 12 8 4 29 | 4 8 12 10 14 9 13 11 15 23 21 17 19 22 20 18 16 24 26 6 2 5 25 7 3 1 28
9 13 11 15 23 21 17 19 22 20 18 16 24 26 6 2 5 25 7 3 1 27 14 10 12 8 4 29 | 4 8 12 10 14 9 13 11 15 23 21 17 19 22 20 18 16 24 26 6 2 5 25 7 3 1 28
24 26 6 2 5 25 7 3 1 27 16 18 20 22 19 17 21 23 15 11 13 9 14 10 12 8 4 29 | 4 8 12 10 14 9 13 11 15 23 21 17 19 22 20 18 16 24 26 6 2 5 25 7 3 1 28
2 5 25 7 3 1 27 6 26 24 16 18 20 22 19 17 21 23 15 11 13 9 14 10 12 8 4 29 | 4 8 12 10 14 9 13 11 15 23 21 17 19 22 20 18 16 24 26 6 2 5 25 7 3 1 28
15 23 21 17 19 22 20 18 16 24 26 6 2 5 25 7 3 1 27 11 13 9 14 10 12 8 4 29 | 4 8 12 10 14 9 13 11 15 23 21 17 19 22 20 18 16 24 26 6 2 5 25 7 3 1 28
5 25 7 3 1 27 2 6 26 24 16 18 20 22 19 17 21 23 15 11 13 9 14 10 12 8 4 29 | 4 8 12 10 14 9 13 11 15 23 21 17 19 22 20 18 16 24 26 6 2 5 25 7 3 1 28
26 6 2 5 25 7 3 1 27 24 16 18 20 22 19 17 21 23 15 11 13 9 14 10 12 8 4 29 | 4 8 12 10 14 9 13 11 15 23 21 17 19 22 20 18 16 24 26 6 2 5 25 7 3 1 28
1 27 25 3 7 5 2 6 4 8 12 14 10 13 11 9 15 23 21 18 20 17 19 22 16 26 24 29 | 24 26 16 22 19 17 20 18 21 23 15 9 11 13 10 14 12 8 4 6 2 5 7 3 25 1 28
19 17 20 18 21 23 15 9 11 13 10 14 12 8 4 6 2 5 7 3 25 1 27 22 16 26 24 29 | 24 26 16 22 19 17 20 18 21 23 15 9 11 13 10 14 12 8 4 6 2 5 7 3 25 1 28
21 23 15 9 11 13 10 14 12 8 4 6 2 5 7 3 25 1 27 18 20 17 19 22 16 26 24 29 | 24 26 16 22 19 17 20 18 21 23 15 9 11 13 10 14 12 8 4 6 2 5 7 3 25 1 28
22 19 17 20 18 21 23 15 9 11 13 10 14 12 8 4 6 2 5 7 3 25 1 27 16 26 24 29 | 24 26 16 22 19 17 20 18 21 23 15 9 11 13 10 14 12 8 4 6 2 5 7 3 25 1 28
26 16 22 19 17 20 18 21 23 15 9 11 13 10 14 12 8 4 6 2 5 7 3 25 1 27 24 29 | 24 26 16 22 19 17 20 18 21 23 15 9 11 13 10 14 12 8 4 6 2 5 7 3 25 1 28
5 7 3 25 1 27 2 6 4 8 12 14 10 13 11 9 15 23 21 18 20 17 19 22 16 26 24 29 | 24 26 16 22 19 17 20 18 21 23 15 9 11 13 10 14 12 8 4 6 2 5 7 3 25 1 28
17 20 18 21 23 15 9 11 13 10 14 12 8 4 6 2 5 7 3 25 1 27 19 22 16 26 24 29 | 24 26 16 22 19 17 20 18 21 23 15 9 11 13 10 14 12 8 4 6 2 5 7 3 25 1 28
14 10 12 9 15 20 23 21 18 22 17 19 16 24 26 3 7 27 11 13 8 4 6 2 5 25 1 29 | 1 25 5 2 6 4 8 13 11 14 10 12 9 15 20 23 21 18 22 17 19 16 24 26 3 7 28
25 5 2 6 4 8 13 11 14 10 12 9 15 20 23 21 18 22 17 19 16 24 26 3 7 27 1 29 | 1 25 5 2 6 4 8 13 11 14 10 12 9 15 20 23 21 18 22 17 19 16 24 26 3 7 28
2 6 4 8 13 11 14 10 12 9 15 20 23 21 18 22 17 19 16 24 26 3 7 27 5 25 1 29 | 1 25 5 2 6 4 8 13 11 14 10 12 9 15 20 23 21 18 22 17 19 16 24 26 3 7 28
5 2 6 4 8 13 11 14 10 12 9 15 20 23 21 18 22 17 19 16 24 26 3 7 27 25 1 29 | 1 25 5 2 6 4 8 13 11 14 10 12 9 15 20 23 21 18 22 17 19 16 24 26 3 7 28
6 4 8 13 11 14 10 12 9 15 20 23 21 18 22 17 19 16 24 26 3 7 27 2 5 25 1 29 | 1 25 5 2 6 4 8 13 11 14 10 12 9 15 20 23 21 18 22 17 19 16 24 26 3 7 28
8 13 11 14 10 12 9 15 20 23 21 18 22 17 19 16 24 26 3 7 27 4 6 2 5 25 1 29 | 1 25 5 2 6 4 8 13 11 14 10 12 9 15 20 23 21 18 22 17 19 16 24 26 3 7 28
1 27 25 3 26 24 16 22 19 17 20 18 21 23 15 9 12 10 14 11 13 8 4 6 2 5 7 29 | 7 5 2 6 4 8 13 11 14 10 12 9 15 23 21 18 20 17 19 22 16 24 26 3 25 1 28
21 18 20 17 19 22 16 24 26 3 25 1 27 23 15 9 12 10 14 11 13 8 4 6 2 5 7 29 | 7 5 2 6 4 8 13 11 14 10 12 9 15 23 21 18 20 17 19 22 16 24 26 3 25 1 28
4 8 13 11 14 10 12 9 15 23 21 18 20 17 19 22 16 24 26 3 25 1 27 6 2 5 7 29 | 7 5 2 6 4 8 13 11 14 10 12 9 15 23 21 18 20 17 19 22 16 24 26 3 25 1 28
2 6 4 8 13 11 14 10 12 9 15 23 21 18 20 17 19 22 16 24 26 3 25 1 27 5 7 29 | 7 5 2 6 4 8 13 11 14 10 12 9 15 23 21 18 20 17 19 22 16 24 26 3 25 1 28
18 20 17 19 22 16 24 26 3 25 1 27 21 23 15 9 12 10 14 11 13 8 4 6 2 5 7 29 | 7 5 2 6 4 8 13 11 14 10 12 9 15 23 21 18 20 17 19 22 16 24 26 3 25 1 28
25 1 27 3 26 24 16 22 19 17 20 18 21 23 15 9 12 10 14 11 13 8 4 6 2 5 7 29 | 7 5 2 6 4 8 13 11 14 10 12 9 15 23 21 18 20 17 19 22 16 24 26 3 25 1 28
5 2 6 4 8 13 11 14 10 12 9 15 23 21 18 20 17 19 22 16 24 26 3 25 1 27 7 29 | 7 5 2 6 4 8 13 11 14 10 12 9 15 23 21 18 20 17 19 22 16 24 26 3 25 1 28
24 26 3 25 1 27 16 22 19 17 20 18 21 23 15 9 12 10 14 11 13 8 4 6 2 5 7 29 | 7 5 2 6 4 8 13 11 14 10 12 9 15 23 21 18 20 17 19 22 16 24 26 3 25 1 28
1 25 27 3 7 5 2 6 4 8 13 11 14 10 12 9 15 18 20 17 23 26 24 16 22 19 21 29 | 21 19 22 16 24 26 23 17 20 18 15 9 12 10 14 11 13 8 4 6 2 5 7 3 1 25 28
14 11 13 8 4 6 2 5 7 3 1 25 27 10 12 9 15 18 20 17 23 26 24 16 22 19 21 29 | 21 19 22 16 24 26 23 17 20 18 15 9 12 10 14 11 13 8 4 6 2 5 7 3 1 25 28
12 10 14 11 13 8 4 6 2 5 7 3 1 25 27 9 15 18 20 17 23 26 24 16 22 19 21 29 | 21 19 22 16 24 26 23 17 20 18 15 9 12 10 14 11 13 8 4 6 2 5 7 3 1 25 28
15 9 12 10 14 11 13 8 4 6 2 5 7 3 1 25 27 18 20 17 23 26 24 16 22 19 21 29 | 21 19 22 16 24 26 23 17 20 18 15 9 12 10 14 11 13 8 4 6 2 5 7 3 1 25 28
22 16 24 26 23 17 20 18 15 9 12 10 14 11 13 8 4 6 2 5 7 3 1 25 27 19 21 29 | 21 19 22 16 24 26 23 17 20 18 15 9 12 10 14 11 13 8 4 6 2 5 7 3 1 25 28
25 27 1 3 7 5 2 6 4 8 13 11 14 10 12 9 15 18 20 17 23 26 24 16 22 19 21 29 | 21 19 22 16 24 26 23 17 20 18 15 9 12 10 14 11 13 8 4 6 2 5 7 3 1 25 28
24 26 23 17 20 18 15 9 12 10 14 11 13 8 4 6 2 5 7 3 1 25 27 16 22 19 21 29 | 21 19 22 16 24 26 23 17 20 18 15 9 12 10 14 11 13 8 4 6 2 5 7 3 1 25 28
18 15 9 12 10 14 11 13 8 4 6 2 5 7 3 1 25 27 20 17 23 26 24 16 22 19 21 29 | 21 19 22 16 24 26 23 17 20 18 15 9 12 10 14 11 13 8 4 6 2 5 7 3 1 25 28
16 24 26 23 17 20 18 15 9 12 10 14 11 13 8 4 6 2 5 7 3 1 25 27 22 19 21 29 | 21 19 22 16 24 26 23 17 20 18 15 9 12 10 14 11 13 8 4 6 2 5 7 3 1 25 28
1 3 7 27 25 5 2 6 26 24 16 19 17 22 18 21 23 20 15 9 12 10 14 11 13 8 4 29 | 4 8 13 11 14 10 12 9 15 20 23 21 18 22 17 19 16 24 26 6 2 5 25 1 3 7 28
25 1 3 7 27 5 2 6 26 24 16 19 17 22 18 21 23 20 15 9 12 10 14 11 13 8 4 29 | 4 8 13 11 14 10 12 9 15 20 23 21 18 22 17 19 16 24 26 6 2 5 25 1 3 7 28
17 19 16 24 26 6 2 5 25 1 3 7 27 22 18 21 23 20 15 9 12 10 14 11 13 8 4 29 | 4 8 13 11 14 10 12 9 15 20 23 21 18 22 17 19 16 24 26 6 2 5 25 1 3 7 28
7 27 3 1 25 5 2 6 26 24 16 19 17 22 18 21 23 20 15 9 12 10 14 11 13 8 4 29 | 4 8 13 11 14 10 12 9 15 20 23 21 18 22 17 19 16 24 26 6 2 5 25 1 3 7 28
8 13 11 14 10 12 9 15 20 23 21 18 22 17 19 16 24 26 6 2 5 25 1 3 7 27 4 29 | 4 8 13 11 14 10 12 9 15 20 23 21 18 22 17 19 16 24 26 6 2 5 25 1 3 7 28
5 25 1 3 7 27 2 6 26 24 16 19 17 22 18 21 23 20 15 9 12 10 14 11 13 8 4 29 | 4 8 13 11 14 10 12 9 15 20 23 21 18 22 17 19 16 24 26 6 2 5 25 1 3 7 28
1 25 5 2 6 4 8 13 11 14 10 12 9 15 23 21 18 20 17 19 22 16 24 26 7 27 3 29 | 3 1 25 5 2 6 4 8 13 11 14 10 12 9 15 23 21 18 20 17 19 22 16 24 26 7 28
6 4 8 13 11 14 10 12 9 15 23 21 18 20 17 19 22 16 24 26 7 27 2 5 25 1 3 29 | 3 1 25 5 2 6 4 8 13 11 14 10 12 9 15 23 21 18 20 17 19 22 16 24 26 7 28
5 2 6 4 8 13 11 14 10 12 9 15 23 21 18 20 17 19 22 16 24 26 7 27 25 1 3 29 | 3 1 25 5 2 6 4 8 13 11 14 10 12 9 15 23 21 18 20 17 19 22 16 24 26 7 28
2 6 4 8 13 11 14 10 12 9 15 23 21 18 20 17 19 22 16 24 26 7 27 5 25 1 3 29 | 3 1 25 5 2 6 4 8 13 11 14 10 12 9 15 23 21 18 20 17 19 22 16 24 26 7 28
8 13 11 14 10 12 9 15 23 21 18 20 17 19 22 16 24 26 7 27 4 6 2 5 25 1 3 29 | 3 1 25 5 2 6 4 8 13 11 14 10 12 9 15 23 21 18 20 17 19 22 16 24 26 7 28
1 27 25 3 7 5 2 6 4 8 13 11 14 10 12 9 15 23 21 18 20 17 26 24 16 22 19 29 | 19 22 16 24 26 17 20 18 21 23 15 9 12 10 14 11 13 8 4 6 2 5 7 3 25 1 28
25 1 27 3 7 5 2 6 4 8 13 11 14 10 12 9 15 23 21 18 20 17 26 24 16 22 19 29 | 19 22 16 24 26 17 20 18 21 23 15 9 12 10 14 11 13 8 4 6 2 5 7 3 25 1 28
7 3 25 1 27 5 2 6 4 8 13 11 14 10 12 9 15 23 21 18 20 17 26 24 16 22 19 29 | 19 22 16 24 26 17 20 18 21 23 15 9 12 10 14 11 13 8 4 6 2 5 7 3 25 1 28
