15 12 17 21 9 22 18 20 23 19 8 3 6 1 4 7 2 5 24 13 16 11 14 10 26 | 10 14 11 16 13 15 12 17 21 9 22 18 20 23 19 8 3 6 1 4 7 2 5 25
22 18 20 23 19 8 3 6 1 4 7 2 5 24 9 21 17 12 15 13 16 11 14 10 26 | 10 14 11 16 13 15 12 17 21 9 22 18 20 23 19 8 3 6 1 4 7 2 5 25
9 22 18 20 23 19 8 3 6 1 4 7 2 5 24 21 17 12 15 13 16 11 14 10 26 | 10 14 11 16 13 15 12 17 21 9 22 18 20 23 19 8 3 6 1 4 7 2 5 25
7 2 5 24 4 1 6 3 8 19 23 20 18 22 9 21 17 12 15 13 16 11 14 10 26 | 10 14 11 16 13 15 12 17 21 9 22 18 20 23 19 8 3 6 1 4 7 2 5 25
3 6 1 4 7 2 5 24 8 19 23 20 18 22 9 21 17 12 15 13 16 11 14 10 26 | 10 14 11 16 13 15 12 17 21 9 22 18 20 23 19 8 3 6 1 4 7 2 5 25
8 3 6 1 4 7 2 5 24 19 23 20 18 22 9 21 17 12 15 13 16 11 14 10 26 | 10 14 11 16 13 15 12 17 21 9 22 18 20 23 19 8 3 6 1 4 7 2 5 25
20 23 19 8 3 6 1 4 7 2 5 24 18 22 9 21 17 12 15 13 16 11 14 10 26 | 10 14 11 16 13 15 12 17 21 9 22 18 20 23 19 8 3 6 1 4 7 2 5 25
1 24 18 2 21 3 9 6 8 4 7 5 10 14 12 16 13 23 20 22 19 17 15 11 26 | 11 15 17 19 22 20 23 13 16 12 14 10 5 7 4 8 6 9 3 21 2 18 1 25
22 20 23 13 16 12 14 10 5 7 4 8 6 9 3 21 2 18 1 24 19 17 15 11 26 | 11 15 17 19 22 20 23 13 16 12 14 10 5 7 4 8 6 9 3 21 2 18 1 25
18 1 24 2 21 3 9 6 8 4 7 5 10 14 12 16 13 23 20 22 19 17 15 11 26 | 11 15 17 19 22 20 23 13 16 12 14 10 5 7 4 8 6 9 3 21 2 18 1 25
14 10 5 7 4 8 6 9 3 21 2 18 1 24 12 16 13 23 20 22 19 17 15 11 26 | 11 15 17 19 22 20 23 13 16 12 14 10 5 7 4 8 6 9 3 21 2 18 1 25
23 13 16 12 14 10 5 7 4 8 6 9 3 21 2 18 1 24 20 22 19 17 15 11 26 | 11 15 17 19 22 20 23 13 16 12 14 10 5 7 4 8 6 9 3 21 2 18 1 25
1 24 7 5 3 6 2 4 8 19 10 15 13 16 12 14 11 17 23 18 21 9 20 22 26 | 22 20 9 21 18 23 17 11 14 12 16 13 15 10 19 8 4 2 6 3 5 7 1 25
20 9 21 18 23 17 11 14 12 16 13 15 10 19 8 4 2 6 3 5 7 1 24 22 26 | 22 20 9 21 18 23 17 11 14 12 16 13 15 10 19 8 4 2 6 3 5 7 1 25
6 3 5 7 1 24 2 4 8 19 10 15 13 16 12 14 11 17 23 18 21 9 20 22 26 | 22 20 9 21 18 23 17 11 14 12 16 13 15 10 19 8 4 2 6 3 5 7 1 25
23 17 11 14 12 16 13 15 10 19 8 4 2 6 3 5 7 1 24 18 21 9 20 22 26 | 22 20 9 21 18 23 17 11 14 12 16 13 15 10 19 8 4 2 6 3 5 7 1 25
22 5 24 18 16 20 17 19 21 15 9 11 13 10 23 4 7 2 6 1 3 8 12 14 26 | 14 12 8 3 1 6 2 7 4 23 10 13 11 9 15 21 19 17 20 16 18 22 5 25
1 3 7 5 24 6 2 4 8 21 23 20 9 22 19 11 14 17 12 15 18 13 16 10 26 | 10 16 13 18 15 12 17 14 11 19 22 9 20 23 21 8 4 2 6 1 3 7 5 25
16 13 18 15 12 17 14 11 19 22 9 20 23 21 8 4 2 6 1 3 7 5 24 10 26 | 10 16 13 18 15 12 17 14 11 19 22 9 20 23 21 8 4 2 6 1 3 7 5 25
20 23 21 8 4 2 6 1 3 7 5 24 9 22 19 11 14 17 12 15 18 13 16 10 26 | 10 16 13 18 15 12 17 14 11 19 22 9 20 23 21 8 4 2 6 1 3 7 5 25
1 5 3 23 6 8 12 14 10 13 11 9 15 21 19 17 20 16 18 22 4 24 7 2 26 | 2 7 1 5 3 23 6 8 12 14 10 13 11 9 15 21 19 17 20 16 18 22 4 25
6 8 12 14 10 13 11 9 15 21 19 17 20 16 18 22 4 24 23 3 5 1 7 2 26 | 2 7 1 5 3 23 6 8 12 14 10 13 11 9 15 21 19 17 20 16 18 22 4 25
7 1 5 3 23 6 8 12 14 10 13 11 9 15 21 19 17 20 16 18 22 4 24 2 26 | 2 7 1 5 3 23 6 8 12 14 10 13 11 9 15 21 19 17 20 16 18 22 4 25
8 12 14 10 13 11 9 15 21 19 17 20 16 18 22 4 24 6 23 3 5 1 7 2 26 | 2 7 1 5 3 23 6 8 12 14 10 13 11 9 15 21 19 17 20 16 18 22 4 25
20 16 18 22 4 24 17 19 21 15 9 11 13 10 14 12 8 6 23 3 5 1 7 2 26 | 2 7 1 5 3 23 6 8 12 14 10 13 11 9 15 21 19 17 20 16 18 22 4 25
22 4 24 18 16 20 17 19 21 15 9 11 13 10 14 12 8 6 23 3 5 1 7 2 26 | 2 7 1 5 3 23 6 8 12 14 10 13 11 9 15 21 19 17 20 16 18 22 4 25
16 18 22 4 24 20 17 19 21 15 9 11 13 10 14 12 8 6 23 3 5 1 7 2 26 | 2 7 1 5 3 23 6 8 12 14 10 13 11 9 15 21 19 17 20 16 18 22 4 25
1 24 18 2 21 23 20 22 19 17 13 15 11 14 16 12 10 6 4 8 5 7 9 3 26 | 3 9 7 5 8 4 6 10 12 16 14 11 15 13 17 19 22 20 23 21 2 18 1 25
17 19 22 20 23 21 2 18 1 24 13 15 11 14 16 12 10 6 4 8 5 7 9 3 26 | 3 9 7 5 8 4 6 10 12 16 14 11 15 13 17 19 22 20 23 21 2 18 1 25
14 11 15 13 17 19 22 20 23 21 2 18 1 24 16 12 10 6 4 8 5 7 9 3 26 | 3 9 7 5 8 4 6 10 12 16 14 11 15 13 17 19 22 20 23 21 2 18 1 25
18 1 24 2 21 23 20 22 19 17 13 15 11 14 16 12 10 6 4 8 5 7 9 3 26 | 3 9 7 5 8 4 6 10 12 16 14 11 15 13 17 19 22 20 23 21 2 18 1 25
22 20 9 21 18 23 13 15 11 14 16 12 10 19 8 3 5 2 6 4 7 1 24 17 26 | 17 22 20 9 21 18 23 13 15 11 14 16 12 10 19 8 3 5 2 6 4 7 1 25
8 3 5 2 6 4 7 1 24 19 10 12 16 14 11 15 13 23 18 21 9 20 22 17 26 | 17 22 20 9 21 18 23 13 15 11 14 16 12 10 19 8 3 5 2 6 4 7 1 25
18 10 13 8 6 2 4 7 3 5 1 24 21 11 14 9 12 15 20 17 22 19 23 16 26 | 16 23 19 22 17 20 15 12 9 14 11 21 18 10 13 8 6 2 4 7 3 5 1 25
22 17 20 15 12 9 14 11 21 18 10 13 8 6 2 4 7 3 5 1 24 19 23 16 26 | 16 23 19 22 17 20 15 12 9 14 11 21 18 10 13 8 6 2 4 7 3 5 1 25
15 12 9 14 11 21 18 10 13 8 6 2 4 7 3 5 1 24 20 17 22 19 23 16 26 | 16 23 19 22 17 20 15 12 9 14 11 21 18 10 13 8 6 2 4 7 3 5 1 25
1 24 18 2 21 3 8 6 9 5 7 4 10 15 13 16 12 14 11 17 23 20 22 19 26 | 19 22 20 23 17 11 14 12 16 13 15 10 4 7 5 9 6 8 3 21 2 18 1 25
21 2 18 1 24 3 8 6 9 5 7 4 10 15 13 16 12 14 11 17 23 20 22 19 26 | 19 22 20 23 17 11 14 12 16 13 15 10 4 7 5 9 6 8 3 21 2 18 1 25
2 18 1 24 21 3 8 6 9 5 7 4 10 15 13 16 12 14 11 17 23 20 22 19 26 | 19 22 20 23 17 11 14 12 16 13 15 10 4 7 5 9 6 8 3 21 2 18 1 25
18 1 24 2 21 3 8 6 9 5 7 4 10 15 13 16 12 14 11 17 23 20 22 19 26 | 19 22 20 23 17 11 14 12 16 13 15 10 4 7 5 9 6 8 3 21 2 18 1 25
3 21 2 18 1 24 8 6 9 5 7 4 10 15 13 16 12 14 11 17 23 20 22 19 26 | 19 22 20 23 17 11 14 12 16 13 15 10 4 7 5 9 6 8 3 21 2 18 1 25
4 7 3 5 1 24 2 6 8 19 10 23 18 21 9 20 22 17 13 11 14 16 12 15 26 | 15 12 16 14 11 13 17 22 20 9 21 18 23 10 19 8 6 2 4 7 3 5 1 25
1 24 7 4 6 23 18 21 9 20 22 17 12 15 13 16 11 14 10 19 8 3 5 2 26 | 2 5 3 8 19 10 14 11 16 13 15 12 17 22 20 9 21 18 23 6 4 7 1 25
7 1 24 4 6 23 18 21 9 20 22 17 12 15 13 16 11 14 10 19 8 3 5 2 26 | 2 5 3 8 19 10 14 11 16 13 15 12 17 22 20 9 21 18 23 6 4 7 1 25
1 5 3 23 21 19 17 20 16 18 22 4 24 7 2 6 8 12 10 14 9 13 11 15 26 | 15 11 13 9 14 10 12 8 6 2 7 1 5 3 23 21 19 17 20 16 18 22 4 25
22 4 24 18 16 20 17 19 21 23 3 5 1 7 2 6 8 12 10 14 9 13 11 15 26 | 15 11 13 9 14 10 12 8 6 2 7 1 5 3 23 21 19 17 20 16 18 22 4 25
14 10 12 8 6 2 7 1 5 3 23 21 19 17 20 16 18 22 4 24 9 13 11 15 26 | 15 11 13 9 14 10 12 8 6 2 7 1 5 3 23 21 19 17 20 16 18 22 4 25
16 18 22 4 24 20 17 19 21 23 3 5 1 7 2 6 8 12 10 14 9 13 11 15 26 | 15 11 13 9 14 10 12 8 6 2 7 1 5 3 23 21 19 17 20 16 18 22 4 25
8 6 2 7 1 5 3 23 21 19 17 20 16 18 22 4 24 12 10 14 9 13 11 15 26 | 15 11 13 9 14 10 12 8 6 2 7 1 5 3 23 21 19 17 20 16 18 22 4 25
22 18 20 23 8 5 2 7 4 1 6 3 24 9 21 17 12 15 13 16 11 14 10 19 26 | 19 10 14 11 16 13 15 12 17 21 9 22 18 20 23 8 5 2 7 4 1 6 3 25
9 22 18 20 23 8 5 2 7 4 1 6 3 24 21 17 12 15 13 16 11 14 10 19 26 | 19 10 14 11 16 13 15 12 17 21 9 22 18 20 23 8 5 2 7 4 1 6 3 25
5 2 7 4 1 6 3 24 8 23 20 18 22 9 21 17 12 15 13 16 11 14 10 19 26 | 19 10 14 11 16 13 15 12 17 21 9 22 18 20 23 8 5 2 7 4 1 6 3 25
1 3 7 24 5 2 6 4 8 21 23 20 9 22 19 13 16 11 14 17 12 15 18 10 26 | 10 18 15 12 17 14 11 16 13 19 22 9 20 23 21 8 4 6 2 5 1 3 7 25
23 21 8 4 6 2 5 1 3 7 24 20 9 22 19 13 16 11 14 17 12 15 18 10 26 | 10 18 15 12 17 14 11 16 13 19 22 9 20 23 21 8 4 6 2 5 1 3 7 25
7 24 3 1 5 2 6 4 8 21 23 20 9 22 19 13 16 11 14 17 12 15 18 10 26 | 10 18 15 12 17 14 11 16 13 19 22 9 20 23 21 8 4 6 2 5 1 3 7 25
17 14 11 16 13 19 22 9 20 23 21 8 4 6 2 5 1 3 7 24 12 15 18 10 26 | 10 18 15 12 17 14 11 16 13 19 22 9 20 23 21 8 4 6 2 5 1 3 7 25
1 7 3 5 23 15 21 19 17 20 16 18 22 6 24 4 2 8 13 11 14 10 12 9 26 | 9 12 10 14 11 13 8 2 4 1 7 3 5 23 15 21 19 17 20 16 18 22 6 25
11 13 8 2 4 1 7 3 5 23 15 21 19 17 20 16 18 22 6 24 14 10 12 9 26 | 9 12 10 14 11 13 8 2 4 1 7 3 5 23 15 21 19 17 20 16 18 22 6 25
1 6 2 7 4 23 17 20 16 18 22 5 24 3 8 13 10 14 12 9 11 15 21 19 26 | 19 21 15 11 9 12 14 10 13 8 3 1 6 2 7 4 23 17 20 16 18 22 5 25
22 5 24 18 16 20 17 23 4 7 2 6 1 3 8 13 10 14 12 9 11 15 21 19 26 | 19 21 15 11 9 12 14 10 13 8 3 1 6 2 7 4 23 17 20 16 18 22 5 25
15 11 9 12 14 10 13 8 3 1 6 2 7 4 23 17 20 16 18 22 5 24 21 19 26 | 19 21 15 11 9 12 14 10 13 8 3 1 6 2 7 4 23 17 20 16 18 22 5 25
20 16 18 22 5 24 17 23 4 7 2 6 1 3 8 13 10 14 12 9 11 15 21 19 26 | 19 21 15 11 9 12 14 10 13 8 3 1 6 2 7 4 23 17 20 16 18 22 5 25
18 22 5 24 16 20 17 23 4 7 2 6 1 3 8 13 10 14 12 9 11 15 21 19 26 | 19 21 15 11 9 12 14 10 13 8 3 1 6 2 7 4 23 17 20 16 18 22 5 25
5 24 22 18 16 20 17 23 4 7 2 6 1 3 8 13 10 14 12 9 11 15 21 19 26 | 19 21 15 11 9 12 14 10 13 8 3 1 6 2 7 4 23 17 20 16 18 22 5 25
1 24 18 2 21 3 7 9 5 8 6 4 10 16 13 15 11 14 12 17 23 20 22 19 26 | 19 22 20 23 17 12 14 11 15 13 16 10 4 6 8 5 9 7 3 21 2 18 1 25
3 21 2 18 1 24 7 9 5 8 6 4 10 16 13 15 11 14 12 17 23 20 22 19 26 | 19 22 20 23 17 12 14 11 15 13 16 10 4 6 8 5 9 7 3 21 2 18 1 25
22 20 23 17 12 14 11 15 13 16 10 4 6 8 5 9 7 3 21 2 18 1 24 19 26 | 19 22 20 23 17 12 14 11 15 13 16 10 4 6 8 5 9 7 3 21 2 18 1 25
23 17 12 14 11 15 13 16 10 4 6 8 5 9 7 3 21 2 18 1 24 20 22 19 26 | 19 22 20 23 17 12 14 11 15 13 16 10 4 6 8 5 9 7 3 21 2 18 1 25
18 1 24 2 21 3 7 9 5 8 6 4 10 16 13 15 11 14 12 17 23 20 22 19 26 | 19 22 20 23 17 12 14 11 15 13 16 10 4 6 8 5 9 7 3 21 2 18 1 25
6 8 5 9 7 3 21 2 18 1 24 4 10 16 13 15 11 14 12 17 23 20 22 19 26 | 19 22 20 23 17 12 14 11 15 13 16 10 4 6 8 5 9 7 3 21 2 18 1 25
1 5 3 23 10 15 21 19 17 20 16 18 22 4 24 7 2 6 8 13 11 9 14 12 26 | 12 14 9 11 13 8 6 2 7 1 5 3 23 10 15 21 19 17 20 16 18 22 4 25
14 9 11 13 8 6 2 7 1 5 3 23 10 15 21 19 17 20 16 18 22 4 24 12 26 | 12 14 9 11 13 8 6 2 7 1 5 3 23 10 15 21 19 17 20 16 18 22 4 25
5 3 23 10 15 21 19 17 20 16 18 22 4 24 1 7 2 6 8 13 11 9 14 12 26 | 12 14 9 11 13 8 6 2 7 1 5 3 23 10 15 21 19 17 20 16 18 22 4 25
19 22 20 23 1 24 17 12 14 11 15 13 16 10 4 6 8 5 9 7 3 21 2 18 26 | 18 2 21 3 7 9 5 8 6 4 10 16 13 15 11 14 12 17 19 22 20 23 1 25
22 20 23 1 24 19 17 12 14 11 15 13 16 10 4 6 8 5 9 7 3 21 2 18 26 | 18 2 21 3 7 9 5 8 6 4 10 16 13 15 11 14 12 17 19 22 20 23 1 25
20 23 1 24 22 19 17 12 14 11 15 13 16 10 4 6 8 5 9 7 3 21 2 18 26 | 18 2 21 3 7 9 5 8 6 4 10 16 13 15 11 14 12 17 19 22 20 23 1 25
13 15 11 14 12 17 19 22 20 23 1 24 16 10 4 6 8 5 9 7 3 21 2 18 26 | 18 2 21 3 7 9 5 8 6 4 10 16 13 15 11 14 12 17 19 22 20 23 1 25
1 24 7 5 3 23 18 21 9 20 22 17 12 15 11 13 16 14 10 19 8 2 4 6 26 | 6 4 2 8 19 10 14 16 13 11 15 12 17 22 20 9 21 18 23 3 5 7 1 25
4 2 8 19 10 14 16 13 11 15 12 17 22 20 9 21 18 23 3 5 7 1 24 6 26 | 6 4 2 8 19 10 14 16 13 11 15 12 17 22 20 9 21 18 23 3 5 7 1 25
19 10 14 16 13 11 15 12 17 22 20 9 21 18 23 3 5 7 1 24 8 2 4 6 26 | 6 4 2 8 19 10 14 16 13 11 15 12 17 22 20 9 21 18 23 3 5 7 1 25
5 7 1 24 3 23 18 21 9 20 22 17 12 15 11 13 16 14 10 19 8 2 4 6 26 | 6 4 2 8 19 10 14 16 13 11 15 12 17 22 20 9 21 18 23 3 5 7 1 25
1 3 7 24 5 2 6 23 20 9 22 19 11 16 13 18 15 12 17 14 10 21 8 4 26 | 4 8 21 10 14 17 12 15 18 13 16 11 19 22 9 20 23 6 2 5 1 3 7 25
8 21 10 14 17 12 15 18 13 16 11 19 22 9 20 23 6 2 5 1 3 7 24 4 26 | 4 8 21 10 14 17 12 15 18 13 16 11 19 22 9 20 23 6 2 5 1 3 7 25
9 3 6 1 4 7 2 5 8 24 21 10 15 12 18 13 16 11 14 17 19 23 20 22 26 | 22 20 23 19 17 14 11 16 13 18 12 15 10 21 9 3 6 1 4 7 2 5 8 25
3 6 1 4 7 2 5 8 24 9 21 10 15 12 18 13 16 11 14 17 19 23 20 22 26 | 22 20 23 19 17 14 11 16 13 18 12 15 10 21 9 3 6 1 4 7 2 5 8 25
12 15 10 21 9 3 6 1 4 7 2 5 8 24 18 13 16 11 14 17 19 23 20 22 26 | 22 20 23 19 17 14 11 16 13 18 12 15 10 21 9 3 6 1 4 7 2 5 8 25
20 23 19 17 14 11 16 13 18 12 15 10 21 9 3 6 1 4 7 2 5 8 24 22 26 | 22 20 23 19 17 14 11 16 13 18 12 15 10 21 9 3 6 1 4 7 2 5 8 25
18 12 15 10 21 9 3 6 1 4 7 2 5 8 24 13 16 11 14 17 19 23 20 22 26 | 22 20 23 19 17 14 11 16 13 18 12 15 10 21 9 3 6 1 4 7 2 5 8 25
8 24 5 2 7 4 1 6 3 9 21 10 15 12 18 13 16 11 14 17 19 23 20 22 26 | 22 20 23 19 17 14 11 16 13 18 12 15 10 21 9 3 6 1 4 7 2 5 8 25
1 24 7 5 3 6 2 4 8 19 10 16 13 15 11 14 12 17 23 18 21 9 20 22 26 | 22 20 9 21 18 23 17 12 14 11 15 13 16 10 19 8 4 2 6 3 5 7 1 25
20 9 21 18 23 17 12 14 11 15 13 16 10 19 8 4 2 6 3 5 7 1 24 22 26 | 22 20 9 21 18 23 17 12 14 11 15 13 16 10 19 8 4 2 6 3 5 7 1 25
1 3 7 5 24 6 2 4 8 21 10 16 13 18 15 12 17 14 11 19 22 9 23 20 26 | 20 23 9 22 19 11 14 17 12 15 18 13 16 10 21 8 4 2 6 1 3 7 5 25
12 15 18 13 16 10 21 8 4 2 6 1 3 7 5 24 17 14 11 19 22 9 23 20 26 | 20 23 9 22 19 11 14 17 12 15 18 13 16 10 21 8 4 2 6 1 3 7 5 25
22 19 11 14 17 12 15 18 13 16 10 21 8 4 2 6 1 3 7 5 24 9 23 20 26 | 20 23 9 22 19 11 14 17 12 15 18 13 16 10 21 8 4 2 6 1 3 7 5 25
11 14 17 12 15 18 13 16 10 21 8 4 2 6 1 3 7 5 24 19 22 9 23 20 26 | 20 23 9 22 19 11 14 17 12 15 18 13 16 10 21 8 4 2 6 1 3 7 5 25
21 8 4 2 6 1 3 7 5 24 10 16 13 18 15 12 17 14 11 19 22 9 23 20 26 | 20 23 9 22 19 11 14 17 12 15 18 13 16 10 21 8 4 2 6 1 3 7 5 25
1 24 5 3 7 4 2 6 8 19 10 15 12 14 11 16 13 17 22 20 23 18 21 9 26 | 9 21 18 23 20 22 17 13 16 11 14 12 15 10 19 8 6 2 4 7 3 5 1 25
13 16 11 14 12 15 10 19 8 6 2 4 7 3 5 1 24 17 22 20 23 18 21 9 26 | 9 21 18 23 20 22 17 13 16 11 14 12 15 10 19 8 6 2 4 7 3 5 1 25
21 18 23 20 22 17 13 16 11 14 12 15 10 19 8 6 2 4 7 3 5 1 24 9 26 | 9 21 18 23 20 22 17 13 16 11 14 12 15 10 19 8 6 2 4 7 3 5 1 25
4 7 3 5 1 24 2 6 8 19 10 15 12 14 11 16 13 17 22 20 23 18 21 9 26 | 9 21 18 23 20 22 17 13 16 11 14 12 15 10 19 8 6 2 4 7 3 5 1 25
22 17 13 16 11 14 12 15 10 19 8 6 2 4 7 3 5 1 24 20 23 18 21 9 26 | 9 21 18 23 20 22 17 13 16 11 14 12 15 10 19 8 6 2 4 7 3 5 1 25
1 6 2 7 4 23 14 11 15 21 19 17 20 16 18 22 5 24 3 8 13 10 12 9 26 | 9 12 10 13 8 3 1 6 2 7 4 23 14 11 15 21 19 17 20 16 18 22 5 25
12 10 13 8 3 1 6 2 7 4 23 14 11 15 21 19 17 20 16 18 22 5 24 9 26 | 9 12 10 13 8 3 1 6 2 7 4 23 14 11 15 21 19 17 20 16 18 22 5 25
4 23 14 11 15 21 19 17 20 16 18 22 5 24 7 2 6 1 3 8 13 10 12 9 26 | 9 12 10 13 8 3 1 6 2 7 4 23 14 11 15 21 19 17 20 16 18 22 5 25
10 13 8 3 1 6 2 7 4 23 14 11 15 21 19 17 20 16 18 22 5 24 12 9 26 | 9 12 10 13 8 3 1 6 2 7 4 23 14 11 15 21 19 17 20 16 18 22 5 25
1 24 7 5 3 6 2 4 8 13 10 18 21 11 14 9 12 15 20 17 22 19 23 16 26 | 16 23 19 22 17 20 15 12 9 14 11 21 18 10 13 8 4 2 6 3 5 7 1 25
23 19 22 17 20 15 12 9 14 11 21 18 10 13 8 4 2 6 3 5 7 1 24 16 26 | 16 23 19 22 17 20 15 12 9 14 11 21 18 10 13 8 4 2 6 3 5 7 1 25
15 12 9 14 11 21 18 10 13 8 4 2 6 3 5 7 1 24 20 17 22 19 23 16 26 | 16 23 19 22 17 20 15 12 9 14 11 21 18 10 13 8 4 2 6 3 5 7 1 25
22 17 20 15 12 9 14 11 21 18 10 13 8 4 2 6 3 5 7 1 24 19 23 16 26 | 16 23 19 22 17 20 15 12 9 14 11 21 18 10 13 8 4 2 6 3 5 7 1 25
1 24 7 5 3 6 23 18 21 9 20 22 17 13 11 15 12 14 16 10 19 8 4 2 26 | 2 4 8 19 10 16 14 12 15 11 13 17 22 20 9 21 18 23 6 3 5 7 1 25
19 10 16 14 12 15 11 13 17 22 20 9 21 18 23 6 3 5 7 1 24 8 4 2 26 | 2 4 8 19 10 16 14 12 15 11 13 17 22 20 9 21 18 23 6 3 5 7 1 25
3 5 7 1 24 6 23 18 21 9 20 22 17 13 11 15 12 14 16 10 19 8 4 2 26 | 2 4 8 19 10 16 14 12 15 11 13 17 22 20 9 21 18 23 6 3 5 7 1 25
5 7 1 24 3 6 23 18 21 9 20 22 17 13 11 15 12 14 16 10 19 8 4 2 26 | 2 4 8 19 10 16 14 12 15 11 13 17 22 20 9 21 18 23 6 3 5 7 1 25
3 7 4 2 6 8 19 10 14 12 16 13 11 15 17 22 20 9 21 18 23 1 24 5 26 | 5 3 7 4 2 6 8 19 10 14 12 16 13 11 15 17 22 20 9 21 18 23 1 25
7 4 2 6 8 19 10 14 12 16 13 11 15 17 22 20 9 21 18 23 1 24 3 5 26 | 5 3 7 4 2 6 8 19 10 14 12 16 13 11 15 17 22 20 9 21 18 23 1 25
2 18 1 24 21 3 9 7 5 8 4 6 10 12 16 14 11 15 13 23 20 22 19 17 26 | 17 19 22 20 23 13 15 11 14 16 12 10 6 4 8 5 7 9 3 21 2 18 1 25
23 13 11 15 12 14 16 10 19 8 6 2 4 7 3 5 1 24 18 21 9 20 22 17 26 | 17 22 20 9 21 18 23 13 11 15 12 14 16 10 19 8 6 2 4 7 3 5 1 25
8 6 2 4 7 3 5 1 24 19 10 16 14 12 15 11 13 23 18 21 9 20 22 17 26 | 17 22 20 9 21 18 23 13 11 15 12 14 16 10 19 8 6 2 4 7 3 5 1 25
4 7 3 5 1 24 2 6 8 19 10 16 14 12 15 11 13 23 18 21 9 20 22 17 26 | 17 22 20 9 21 18 23 13 11 15 12 14 16 10 19 8 6 2 4 7 3 5 1 25
1 5 3 23 12 10 14 9 13 11 15 21 19 17 20 16 18 22 4 24 7 2 6 8 26 | 8 6 2 7 1 5 3 23 12 10 14 9 13 11 15 21 19 17 20 16 18 22 4 25
3 23 12 10 14 9 13 11 15 21 19 17 20 16 18 22 4 24 5 1 7 2 6 8 26 | 8 6 2 7 1 5 3 23 12 10 14 9 13 11 15 21 19 17 20 16 18 22 4 25
5 3 23 12 10 14 9 13 11 15 21 19 17 20 16 18 22 4 24 1 7 2 6 8 26 | 8 6 2 7 1 5 3 23 12 10 14 9 13 11 15 21 19 17 20 16 18 22 4 25
7 1 5 3 23 12 10 14 9 13 11 15 21 19 17 20 16 18 22 4 24 2 6 8 26 | 8 6 2 7 1 5 3 23 12 10 14 9 13 11 15 21 19 17 20 16 18 22 4 25
2 7 1 5 3 23 12 10 14 9 13 11 15 21 19 17 20 16 18 22 4 24 6 8 26 | 8 6 2 7 1 5 3 23 12 10 14 9 13 11 15 21 19 17 20 16 18 22 4 25
6 2 7 1 5 3 23 12 10 14 9 13 11 15 21 19 17 20 16 18 22 4 24 8 26 | 8 6 2 7 1 5 3 23 12 10 14 9 13 11 15 21 19 17 20 16 18 22 4 25
1 6 2 7 4 23 21 19 17 20 16 18 22 5 24 3 8 13 11 14 10 12 9 15 26 | 15 9 12 10 14 11 13 8 3 1 6 2 7 4 23 21 19 17 20 16 18 22 5 25
22 5 24 18 16 20 17 19 21 23 4 7 2 6 1 3 8 13 11 14 10 12 9 15 26 | 15 9 12 10 14 11 13 8 3 1 6 2 7 4 23 21 19 17 20 16 18 22 5 25
2 7 4 23 21 19 17 20 16 18 22 5 24 6 1 3 8 13 11 14 10 12 9 15 26 | 15 9 12 10 14 11 13 8 3 1 6 2 7 4 23 21 19 17 20 16 18 22 5 25
20 16 18 22 5 24 17 19 21 23 4 7 2 6 1 3 8 13 11 14 10 12 9 15 26 | 15 9 12 10 14 11 13 8 3 1 6 2 7 4 23 21 19 17 20 16 18 22 5 25
17 20 16 18 22 5 24 19 21 23 4 7 2 6 1 3 8 13 11 14 10 12 9 15 26 | 15 9 12 10 14 11 13 8 3 1 6 2 7 4 23 21 19 17 20 16 18 22 5 25
8 3 1 6 2 7 4 23 21 19 17 20 16 18 22 5 24 13 11 14 10 12 9 15 26 | 15 9 12 10 14 11 13 8 3 1 6 2 7 4 23 21 19 17 20 16 18 22 5 25
23 15 13 16 10 19 8 3 5 2 6 4 7 1 24 18 21 9 20 22 17 12 14 11 26 | 11 14 12 17 22 20 9 21 18 23 15 13 16 10 19 8 3 5 2 6 4 7 1 25
22 20 9 21 18 23 13 15 11 14 16 12 10 19 8 6 2 4 7 3 5 1 24 17 26 | 17 22 20 9 21 18 23 13 15 11 14 16 12 10 19 8 6 2 4 7 3 5 1 25
21 18 23 13 15 11 14 16 12 10 19 8 6 2 4 7 3 5 1 24 9 20 22 17 26 | 17 22 20 9 21 18 23 13 15 11 14 16 12 10 19 8 6 2 4 7 3 5 1 25
1 24 7 5 23 18 21 9 20 22 17 11 14 12 16 13 15 10 19 8 2 4 6 3 26 | 3 6 4 2 8 19 10 15 13 16 12 14 11 17 22 20 9 21 18 23 5 7 1 25
4 2 8 19 10 15 13 16 12 14 11 17 22 20 9 21 18 23 5 7 1 24 6 3 26 | 3 6 4 2 8 19 10 15 13 16 12 14 11 17 22 20 9 21 18 23 5 7 1 25
21 18 23 5 7 1 24 9 20 22 17 11 14 12 16 13 15 10 19 8 2 4 6 3 26 | 3 6 4 2 8 19 10 15 13 16 12 14 11 17 22 20 9 21 18 23 5 7 1 25
3 5 23 2 8 12 14 10 13 11 9 15 21 19 17 20 16 18 22 6 24 7 1 4 26 | 4 1 7 3 5 23 2 8 12 14 10 13 11 9 15 21 19 17 20 16 18 22 6 25
19 17 20 16 18 22 6 24 21 15 9 11 13 10 14 12 8 2 23 5 3 7 1 4 26 | 4 1 7 3 5 23 2 8 12 14 10 13 11 9 15 21 19 17 20 16 18 22 6 25
1 24 18 2 21 23 20 22 19 17 12 15 13 16 11 14 10 6 9 4 7 5 8 3 26 | 3 8 5 7 4 9 6 10 14 11 16 13 15 12 17 19 22 20 23 21 2 18 1 25
18 1 24 2 21 23 20 22 19 17 12 15 13 16 11 14 10 6 9 4 7 5 8 3 26 | 3 8 5 7 4 9 6 10 14 11 16 13 15 12 17 19 22 20 23 21 2 18 1 25
20 23 21 2 18 1 24 22 19 17 12 15 13 16 11 14 10 6 9 4 7 5 8 3 26 | 3 8 5 7 4 9 6 10 14 11 16 13 15 12 17 19 22 20 23 21 2 18 1 25
23 21 2 18 1 24 20 22 19 17 12 15 13 16 11 14 10 6 9 4 7 5 8 3 26 | 3 8 5 7 4 9 6 10 14 11 16 13 15 12 17 19 22 20 23 21 2 18 1 25
1 5 3 23 19 17 20 16 18 22 4 24 7 2 6 8 14 12 10 13 9 11 15 21 26 | 21 15 11 9 13 10 12 14 8 6 2 7 1 5 3 23 19 17 20 16 18 22 4 25
22 4 24 18 16 20 17 19 23 3 5 1 7 2 6 8 14 12 10 13 9 11 15 21 26 | 21 15 11 9 13 10 12 14 8 6 2 7 1 5 3 23 19 17 20 16 18 22 4 25
18 22 4 24 16 20 17 19 23 3 5 1 7 2 6 8 14 12 10 13 9 11 15 21 26 | 21 15 11 9 13 10 12 14 8 6 2 7 1 5 3 23 19 17 20 16 18 22 4 25
16 18 22 4 24 20 17 19 23 3 5 1 7 2 6 8 14 12 10 13 9 11 15 21 26 | 21 15 11 9 13 10 12 14 8 6 2 7 1 5 3 23 19 17 20 16 18 22 4 25
7 1 5 3 23 19 17 20 16 18 22 4 24 2 6 8 14 12 10 13 9 11 15 21 26 | 21 15 11 9 13 10 12 14 8 6 2 7 1 5 3 23 19 17 20 16 18 22 4 25
14 8 6 2 7 1 5 3 23 19 17 20 16 18 22 4 24 12 10 13 9 11 15 21 26 | 21 15 11 9 13 10 12 14 8 6 2 7 1 5 3 23 19 17 20 16 18 22 4 25
15 11 9 13 10 12 14 8 6 2 7 1 5 3 23 19 17 20 16 18 22 4 24 21 26 | 21 15 11 9 13 10 12 14 8 6 2 7 1 5 3 23 19 17 20 16 18 22 4 25
1 5 3 23 18 22 4 24 7 2 6 8 13 10 14 12 9 11 15 21 19 17 20 16 26 | 16 20 17 19 21 15 11 9 12 14 10 13 8 6 2 7 1 5 3 23 18 22 4 25
23 18 22 4 24 3 5 1 7 2 6 8 13 10 14 12 9 11 15 21 19 17 20 16 26 | 16 20 17 19 21 15 11 9 12 14 10 13 8 6 2 7 1 5 3 23 18 22 4 25
22 4 24 18 23 3 5 1 7 2 6 8 13 10 14 12 9 11 15 21 19 17 20 16 26 | 16 20 17 19 21 15 11 9 12 14 10 13 8 6 2 7 1 5 3 23 18 22 4 25
4 24 22 18 23 3 5 1 7 2 6 8 13 10 14 12 9 11 15 21 19 17 20 16 26 | 16 20 17 19 21 15 11 9 12 14 10 13 8 6 2 7 1 5 3 23 18 22 4 25
3 23 18 22 4 24 5 1 7 2 6 8 13 10 14 12 9 11 15 21 19 17 20 16 26 | 16 20 17 19 21 15 11 9 12 14 10 13 8 6 2 7 1 5 3 23 18 22 4 25
1 24 7 5 3 6 2 4 8 19 10 12 16 14 11 15 13 17 23 18 21 9 20 22 26 | 22 20 9 21 18 23 17 13 15 11 14 16 12 10 19 8 4 2 6 3 5 7 1 25
6 3 5 7 1 24 2 4 8 19 10 12 16 14 11 15 13 17 23 18 21 9 20 22 26 | 22 20 9 21 18 23 17 13 15 11 14 16 12 10 19 8 4 2 6 3 5 7 1 25
20 9 21 18 23 17 13 15 11 14 16 12 10 19 8 4 2 6 3 5 7 1 24 22 26 | 22 20 9 21 18 23 17 13 15 11 14 16 12 10 19 8 4 2 6 3 5 7 1 25
1 6 3 24 4 7 2 5 8 19 10 14 16 12 15 13 11 17 21 9 22 18 23 20 26 | 20 23 18 22 9 21 17 11 13 15 12 16 14 10 19 8 5 2 7 4 1 6 3 25
21 17 11 13 15 12 16 14 10 19 8 5 2 7 4 1 6 3 24 9 22 18 23 20 26 | 20 23 18 22 9 21 17 11 13 15 12 16 14 10 19 8 5 2 7 4 1 6 3 25
3 24 6 1 4 7 2 5 8 19 10 14 16 12 15 13 11 17 21 9 22 18 23 20 26 | 20 23 18 22 9 21 17 11 13 15 12 16 14 10 19 8 5 2 7 4 1 6 3 25
1 24 7 5 3 6 4 2 23 18 21 9 20 22 17 12 15 11 13 16 14 10 19 8 26 | 8 19 10 14 16 13 11 15 12 17 22 20 9 21 18 23 2 4 6 3 5 7 1 25
4 6 3 5 7 1 24 2 23 18 21 9 20 22 17 12 15 11 13 16 14 10 19 8 26 | 8 19 10 14 16 13 11 15 12 17 22 20 9 21 18 23 2 4 6 3 5 7 1 25
21 18 23 2 4 6 3 5 7 1 24 9 20 22 17 12 15 11 13 16 14 10 19 8 26 | 8 19 10 14 16 13 11 15 12 17 22 20 9 21 18 23 2 4 6 3 5 7 1 25
6 3 5 7 1 24 4 2 23 18 21 9 20 22 17 12 15 11 13 16 14 10 19 8 26 | 8 19 10 14 16 13 11 15 12 17 22 20 9 21 18 23 2 4 6 3 5 7 1 25
3 5 7 1 24 6 4 2 23 18 21 9 20 22 17 12 15 11 13 16 14 10 19 8 26 | 8 19 10 14 16 13 11 15 12 17 22 20 9 21 18 23 2 4 6 3 5 7 1 25
7 1 24 5 3 6 4 2 23 18 21 9 20 22 17 12 15 11 13 16 14 10 19 8 26 | 8 19 10 14 16 13 11 15 12 17 22 20 9 21 18 23 2 4 6 3 5 7 1 25
21 9 22 18 20 23 13 15 11 14 16 12 10 19 8 5 2 7 4 1 6 3 24 17 26 | 17 21 9 22 18 20 23 13 15 11 14 16 12 10 19 8 5 2 7 4 1 6 3 25
12 10 19 8 5 2 7 4 1 6 3 24 16 14 11 15 13 23 20 18 22 9 21 17 26 | 17 21 9 22 18 20 23 13 15 11 14 16 12 10 19 8 5 2 7 4 1 6 3 25
1 6 2 7 4 23 10 15 21 19 17 20 16 18 22 5 24 3 8 12 14 11 9 13 26 | 13 9 11 14 12 8 3 1 6 2 7 4 23 10 15 21 19 17 20 16 18 22 5 25
12 8 3 1 6 2 7 4 23 10 15 21 19 17 20 16 18 22 5 24 14 11 9 13 26 | 13 9 11 14 12 8 3 1 6 2 7 4 23 10 15 21 19 17 20 16 18 22 5 25
1 24 7 5 3 6 2 4 8 23 16 19 22 17 20 15 12 9 14 11 21 18 10 13 26 | 13 10 18 21 11 14 9 12 15 20 17 22 19 16 23 8 4 2 6 3 5 7 1 25
22 19 16 23 8 4 2 6 3 5 7 1 24 17 20 15 12 9 14 11 21 18 10 13 26 | 13 10 18 21 11 14 9 12 15 20 17 22 19 16 23 8 4 2 6 3 5 7 1 25
3 1 6 2 7 4 23 11 13 9 12 10 15 21 19 17 20 16 18 22 5 24 8 14 26 | 14 8 3 1 6 2 7 4 23 11 13 9 12 10 15 21 19 17 20 16 18 22 5 25
22 4 24 18 16 20 17 19 21 15 13 9 11 14 23 3 5 1 7 2 6 8 12 10 26 | 10 12 8 6 2 7 1 5 3 23 14 11 9 13 15 21 19 17 20 16 18 22 4 25
9 13 15 21 19 17 20 16 18 22 4 24 11 14 23 3 5 1 7 2 6 8 12 10 26 | 10 12 8 6 2 7 1 5 3 23 14 11 9 13 15 21 19 17 20 16 18 22 4 25
21 8 3 6 1 4 7 2 5 22 9 20 23 12 14 17 11 16 13 18 24 10 19 15 26 | 15 19 10 21 8 3 6 1 4 7 2 5 22 9 20 23 12 14 17 11 16 13 18 25
19 10 21 8 3 6 1 4 7 2 5 22 9 20 23 12 14 17 11 16 13 18 24 15 26 | 15 19 10 21 8 3 6 1 4 7 2 5 22 9 20 23 12 14 17 11 16 13 18 25
1 3 7 5 24 6 2 4 8 21 10 18 13 16 11 14 17 12 15 19 23 20 9 22 26 | 22 9 20 23 19 15 12 17 14 11 16 13 18 10 21 8 4 2 6 1 3 7 5 25
23 19 15 12 17 14 11 16 13 18 10 21 8 4 2 6 1 3 7 5 24 20 9 22 26 | 22 9 20 23 19 15 12 17 14 11 16 13 18 10 21 8 4 2 6 1 3 7 5 25
20 23 19 15 12 17 14 11 16 13 18 10 21 8 4 2 6 1 3 7 5 24 9 22 26 | 22 9 20 23 19 15 12 17 14 11 16 13 18 10 21 8 4 2 6 1 3 7 5 25
10 21 8 4 2 6 1 3 7 5 24 18 13 16 11 14 17 12 15 19 23 20 9 22 26 | 22 9 20 23 19 15 12 17 14 11 16 13 18 10 21 8 4 2 6 1 3 7 5 25
21 8 4 2 6 1 3 7 5 24 10 18 13 16 11 14 17 12 15 19 23 20 9 22 26 | 22 9 20 23 19 15 12 17 14 11 16 13 18 10 21 8 4 2 6 1 3 7 5 25
5 24 7 3 1 6 2 4 8 21 10 18 13 16 11 14 17 12 15 19 23 20 9 22 26 | 22 9 20 23 19 15 12 17 14 11 16 13 18 10 21 8 4 2 6 1 3 7 5 25
1 24 7 5 3 6 4 2 23 18 21 9 20 22 17 12 14 11 15 13 16 10 19 8 26 | 8 19 10 16 13 15 11 14 12 17 22 20 9 21 18 23 2 4 6 3 5 7 1 25
5 7 1 24 3 6 4 2 23 18 21 9 20 22 17 12 14 11 15 13 16 10 19 8 26 | 8 19 10 16 13 15 11 14 12 17 22 20 9 21 18 23 2 4 6 3 5 7 1 25
23 2 4 6 3 5 7 1 24 18 21 9 20 22 17 12 14 11 15 13 16 10 19 8 26 | 8 19 10 16 13 15 11 14 12 17 22 20 9 21 18 23 2 4 6 3 5 7 1 25
3 5 7 1 24 6 4 2 23 18 21 9 20 22 17 12 14 11 15 13 16 10 19 8 26 | 8 19 10 16 13 15 11 14 12 17 22 20 9 21 18 23 2 4 6 3 5 7 1 25
21 18 23 2 4 6 3 5 7 1 24 9 20 22 17 12 14 11 15 13 16 10 19 8 26 | 8 19 10 16 13 15 11 14 12 17 22 20 9 21 18 23 2 4 6 3 5 7 1 25
17 22 20 9 21 18 23 2 4 6 3 5 7 1 24 12 14 11 15 13 16 10 19 8 26 | 8 19 10 16 13 15 11 14 12 17 22 20 9 21 18 23 2 4 6 3 5 7 1 25
15 11 14 12 17 22 20 9 21 18 23 2 4 6 3 5 7 1 24 13 16 10 19 8 26 | 8 19 10 16 13 15 11 14 12 17 22 20 9 21 18 23 2 4 6 3 5 7 1 25
1 5 3 23 8 13 11 9 14 12 10 15 21 19 17 20 16 18 22 4 24 7 2 6 26 | 6 2 7 1 5 3 23 8 13 11 9 14 12 10 15 21 19 17 20 16 18 22 4 25
2 7 1 5 3 23 8 13 11 9 14 12 10 15 21 19 17 20 16 18 22 4 24 6 26 | 6 2 7 1 5 3 23 8 13 11 9 14 12 10 15 21 19 17 20 16 18 22 4 25
23 8 13 11 9 14 12 10 15 21 19 17 20 16 18 22 4 24 3 5 1 7 2 6 26 | 6 2 7 1 5 3 23 8 13 11 9 14 12 10 15 21 19 17 20 16 18 22 4 25
4 24 22 18 16 20 17 19 21 15 10 12 14 9 11 13 8 23 3 5 1 7 2 6 26 | 6 2 7 1 5 3 23 8 13 11 9 14 12 10 15 21 19 17 20 16 18 22 4 25
5 3 23 8 13 11 9 14 12 10 15 21 19 17 20 16 18 22 4 24 1 7 2 6 26 | 6 2 7 1 5 3 23 8 13 11 9 14 12 10 15 21 19 17 20 16 18 22 4 25
1 5 3 23 6 8 13 10 14 12 9 11 15 21 19 17 20 16 18 22 4 24 7 2 26 | 2 7 1 5 3 23 6 8 13 10 14 12 9 11 15 21 19 17 20 16 18 22 4 25
16 18 22 4 24 20 17 19 21 15 11 9 12 14 10 13 8 6 23 3 5 1 7 2 26 | 2 7 1 5 3 23 6 8 13 10 14 12 9 11 15 21 19 17 20 16 18 22 4 25
17 20 16 18 22 4 24 19 21 15 11 9 12 14 10 13 8 6 23 3 5 1 7 2 26 | 2 7 1 5 3 23 6 8 13 10 14 12 9 11 15 21 19 17 20 16 18 22 4 25
6 8 13 10 14 12 9 11 15 21 19 17 20 16 18 22 4 24 23 3 5 1 7 2 26 | 2 7 1 5 3 23 6 8 13 10 14 12 9 11 15 21 19 17 20 16 18 22 4 25
4 24 22 18 16 20 17 19 21 15 11 9 12 14 10 13 8 6 23 3 5 1 7 2 26 | 2 7 1 5 3 23 6 8 13 10 14 12 9 11 15 21 19 17 20 16 18 22 4 25
8 13 10 14 12 9 11 15 21 19 17 20 16 18 22 4 24 6 23 3 5 1 7 2 26 | 2 7 1 5 3 23 6 8 13 10 14 12 9 11 15 21 19 17 20 16 18 22 4 25
23 6 8 13 10 14 12 9 11 15 21 19 17 20 16 18 22 4 24 3 5 1 7 2 26 | 2 7 1 5 3 23 6 8 13 10 14 12 9 11 15 21 19 17 20 16 18 22 4 25
1 24 18 2 21 3 7 9 5 8 6 4 10 15 12 16 23 20 22 19 17 13 11 14 26 | 14 11 13 17 19 22 20 23 16 12 15 10 4 6 8 5 9 7 3 21 2 18 1 25
23 16 12 15 10 4 6 8 5 9 7 3 21 2 18 1 24 20 22 19 17 13 11 14 26 | 14 11 13 17 19 22 20 23 16 12 15 10 4 6 8 5 9 7 3 21 2 18 1 25
2 18 1 24 21 3 7 9 5 8 6 4 10 15 12 16 23 20 22 19 17 13 11 14 26 | 14 11 13 17 19 22 20 23 16 12 15 10 4 6 8 5 9 7 3 21 2 18 1 25
3 21 2 18 1 24 7 9 5 8 6 4 10 15 12 16 23 20 22 19 17 13 11 14 26 | 14 11 13 17 19 22 20 23 16 12 15 10 4 6 8 5 9 7 3 21 2 18 1 25
19 22 20 23 16 12 15 10 4 6 8 5 9 7 3 21 2 18 1 24 17 13 11 14 26 | 14 11 13 17 19 22 20 23 16 12 15 10 4 6 8 5 9 7 3 21 2 18 1 25
21 2 18 1 24 3 7 9 5 8 6 4 10 15 12 16 23 20 22 19 17 13 11 14 26 | 14 11 13 17 19 22 20 23 16 12 15 10 4 6 8 5 9 7 3 21 2 18 1 25
1 24 5 3 7 4 2 6 23 18 21 9 20 22 17 11 13 15 12 16 14 10 19 8 26 | 8 19 10 14 16 12 15 13 11 17 22 20 9 21 18 23 6 2 4 7 3 5 1 25
21 18 23 6 2 4 7 3 5 1 24 9 20 22 17 11 13 15 12 16 14 10 19 8 26 | 8 19 10 14 16 12 15 13 11 17 22 20 9 21 18 23 6 2 4 7 3 5 1 25
7 3 5 1 24 4 2 6 23 18 21 9 20 22 17 11 13 15 12 16 14 10 19 8 26 | 8 19 10 14 16 12 15 13 11 17 22 20 9 21 18 23 6 2 4 7 3 5 1 25
4 7 3 5 1 24 2 6 23 18 21 9 20 22 17 11 13 15 12 16 14 10 19 8 26 | 8 19 10 14 16 12 15 13 11 17 22 20 9 21 18 23 6 2 4 7 3 5 1 25
