13 11 14 8 3 6 4 7 2 5 1 21 20 17 19 16 18 15 10 12 9
13 9 12 14 10 8 2 4 6 3 7 5 1 21 20 17 19 16 18 15 11
13 10 14 11 8 2 5 3 7 4 6 1 21 20 17 19 16 18 15 12 9
9 12 10 14 11 13 8 3 6 2 4 7 5 1 21 20 18 16 19 17 15
10 14 11 13 8 1 6 4 7 2 5 3 21 20 17 19 16 18 15 9 12
11 14 9 12 8 2 5 3 6 4 7 1 21 20 17 19 16 18 15 10 13
12 14 8 3 6 4 7 2 5 1 21 20 18 16 19 17 15 11 9 13 10
9 11 13 10 12 14 8 4 6 2 5 1 3 7 21 20 18 16 19 17 15
9 12 14 10 8 4 7 2 5 3 6 1 21 20 18 16 19 17 15 11 13
9 15 18 16 19 17 20 6 2 5 1 3 7 21 12 10 13 11 14 8 4
10 12 14 8 2 5 1 7 3 6 4 21 20 17 19 16 18 15 11 9 13
9 13 10 14 11 8 4 2 6 1 3 7 5 21 20 17 19 16 18 15 12
13 11 14 9 12 8 5 2 7 4 1 6 3 21 20 18 16 19 17 15 10
10 12 14 9 11 13 8 2 5 1 7 3 6 4 21 20 17 19 16 18 15
10 12 14 8 2 4 6 3 7 5 1 21 20 18 16 19 17 15 9 11 13
12 10 14 11 13 8 3 6 2 4 7 5 1 21 20 18 16 19 17 15 9
14 12 8 4 7 2 5 3 6 1 21 20 17 19 16 18 15 9 11 13 10
11 13 10 14 12 8 3 6 1 4 7 2 5 21 20 18 16 19 17 15 9
10 13 11 14 9 12 8 6 2 4 7 3 5 1 21 20 18 16 19 17 15
13 11 14 8 3 6 2 4 7 5 1 21 20 17 19 16 18 15 10 12 9
13 11 15 17 19 16 18 20 6 2 5 1 3 7 21 9 14 10 12 8 4
10 14 9 13 11 15 17 19 16 18 20 6 2 5 1 3 7 21 12 8 4
12 10 14 11 13 8 3 6 4 7 2 5 1 21 20 17 19 16 18 15 9
12 14 8 3 5 2 6 4 7 1 21 20 18 16 19 17 15 11 9 13 10
10 12 9 13 11 14 8 3 6 2 4 7 5 1 21 20 17 19 16 18 15
11 13 9 14 10 12 8 3 6 1 4 7 2 5 21 20 17 19 16 18 15
11 14 9 12 8 2 4 6 3 5 7 1 21 20 18 16 19 17 15 10 13
10 12 9 13 11 14 8 4 6 2 7 3 5 1 21 20 17 19 16 18 15
12 10 14 11 13 8 4 6 2 7 3 5 1 21 20 17 19 16 18 15 9
1 13 11 2 8 5 7 3 6 4 9 21 20 18 16 19 17 15 12 14 10
9 11 13 10 14 12 8 4 7 2 5 3 6 1 21 20 17 19 16 18 15
13 11 14 8 4 6 2 7 3 5 1 21 20 18 16 19 17 15 10 12 9
13 11 14 8 3 6 2 4 7 5 1 21 20 18 16 19 17 15 10 12 9
9 11 13 10 12 14 8 1 6 4 7 2 5 3 21 20 17 19 16 18 15
9 12 10 13 11 14 8 6 2 4 7 3 5 1 21 20 17 19 16 18 15
9 12 10 14 11 13 8 2 4 6 3 7 5 1 21 20 17 19 16 18 15
9 11 13 10 14 12 8 2 5 1 7 3 6 4 21 20 17 19 16 18 15
11 13 10 12 14 8 2 5 3 7 4 6 1 21 20 18 16 19 17 15 9
14 10 1 13 11 2 8 5 7 3 6 4 9 21 20 18 16 19 17 15 12
11 13 9 12 14 10 8 5 2 7 4 1 6 3 21 20 18 16 19 17 15
14 12 8 3 6 1 4 7 2 5 21 20 17 19 16 18 15 9 11 13 10
11 14 8 3 6 1 4 7 2 5 21 20 17 19 16 18 15 10 12 9 13
10 12 14 9 11 13 8 2 5 1 7 3 6 4 21 20 18 16 19 17 15
12 14 10 8 2 4 6 3 5 7 1 21 20 17 19 16 18 15 11 13 9
11 13 10 12 14 8 3 5 2 6 4 7 1 21 20 17 19 16 18 15 9
11 13 10 14 12 8 4 6 2 5 1 3 7 21 20 17 19 16 18 15 9
12 14 8 1 6 4 7 2 5 3 21 20 18 16 19 17 15 11 9 13 10
9 12 7 10 6 2 14 3 5 1 21 20 18 16 19 17 15 4 13 8 11
17 19 16 18 20 9 12 7 10 6 2 14 3 5 1 21 15 4 13 8 11
7 10 6 2 14 3 5 1 21 12 9 20 18 16 19 17 15 4 13 8 11
20 9 12 7 10 6 2 14 3 5 1 21 18 16 19 17 15 4 13 8 11
10 13 11 14 9 12 8 2 4 6 3 5 7 1 21 20 17 19 16 18 15
12 14 10 8 4 7 2 5 3 6 1 21 20 17 19 16 18 15 11 13 9
9 12 10 13 11 14 8 3 6 4 7 2 5 1 21 20 18 16 19 17 15
10 12 14 8 4 2 5 7 3 6 1 21 20 18 16 19 17 15 11 9 13
9 12 10 13 11 14 8 2 5 1 7 3 6 4 21 20 17 19 16 18 15
13 10 12 14 8 1 6 4 7 2 5 3 21 20 18 16 19 17 15 11 9
12 14 10 8 2 5 3 6 4 7 1 21 20 17 19 16 18 15 11 13 9
6 2 5 1 3 7 21 20 18 16 19 17 15 11 13 9 14 10 12 8 4
9 11 13 10 12 14 8 4 6 2 5 7 3 1 21 20 18 16 19 17 15
10 12 9 13 11 14 8 4 7 2 5 3 6 1 21 20 18 16 19 17 15
10 14 12 8 2 5 1 7 3 6 4 21 20 18 16 19 17 15 9 11 13
11 14 8 4 6 2 7 3 5 1 21 20 17 19 16 18 15 10 12 9 13
13 10 14 11 8 2 4 6 3 7 5 1 21 20 18 16 19 17 15 12 9
11 14 9 12 8 2 5 3 7 4 6 1 21 20 17 19 16 18 15 10 13
9 12 10 13 11 14 8 4 2 5 7 3 6 1 21 20 18 16 19 17 15
11 9 13 10 12 14 8 5 2 7 4 1 6 3 21 20 17 19 16 18 15
14 12 8 1 6 4 7 2 5 3 21 20 18 16 19 17 15 9 11 13 10
11 14 8 2 4 6 3 7 5 1 21 20 18 16 19 17 15 9 12 10 13
10 14 11 13 8 3 5 2 6 4 7 1 21 20 18 16 19 17 15 9 12
10 12 14 8 2 5 3 7 4 6 1 21 20 18 16 19 17 15 9 11 13
14 8 2 5 1 7 3 6 4 21 20 17 19 16 18 15 9 11 13 10 12
13 9 12 14 10 8 4 6 1 3 7 2 5 21 20 17 19 16 18 15 11
10 14 11 13 8 3 6 2 4 7 5 1 21 20 18 16 19 17 15 9 12
11 13 10 12 14 8 4 2 5 7 3 6 1 21 20 18 16 19 17 15 9
13 9 14 10 12 8 3 6 1 4 7 2 5 21 20 18 16 19 17 15 11
11 14 8 3 5 2 6 4 7 1 21 20 18 16 19 17 15 10 12 9 13
13 9 12 14 10 8 2 4 6 3 7 5 1 21 20 18 16 19 17 15 11
11 13 9 14 10 12 8 2 4 6 3 7 5 1 21 20 18 16 19 17 15
11 13 9 14 10 12 8 1 6 4 7 2 5 3 21 20 17 19 16 18 15
13 3 11 6 9 4 7 10 5 8 12 2 14 21 20 18 16 19 17 15 1
14 10 12 8 3 6 4 7 2 5 1 21 20 17 19 16 18 15 11 13 9
10 13 11 14 8 6 2 4 7 3 5 1 21 20 18 16 19 17 15 9 12
9 11 13 10 14 12 8 4 2 5 7 3 6 1 21 20 18 16 19 17 15
9 11 13 10 14 12 8 2 5 3 6 4 7 1 21 20 17 19 16 18 15
11 14 9 12 8 6 2 4 7 3 5 1 21 20 18 16 19 17 15 10 13
10 12 14 8 4 2 6 3 5 7 1 21 20 17 19 16 18 15 11 9 13
14 11 13 8 4 6 2 5 1 3 7 21 20 18 16 19 17 15 9 12 10
11 13 9 12 14 10 8 2 4 6 3 5 7 1 21 20 17 19 16 18 15
12 10 14 11 13 8 2 5 1 7 3 6 4 21 20 18 16 19 17 15 9
10 14 12 8 3 5 2 6 4 7 1 21 20 18 16 19 17 15 9 11 13
9 12 10 13 11 14 8 2 5 3 7 4 6 1 21 20 18 16 19 17 15
14 10 12 8 2 5 3 7 4 6 1 21 20 18 16 19 17 15 11 13 9
14 12 8 2 5 3 7 4 6 1 21 20 17 19 16 18 15 9 11 13 10
11 9 13 10 12 14 8 3 6 4 7 2 5 1 21 20 18 16 19 17 15
11 14 8 3 5 2 6 4 7 1 21 20 17 19 16 18 15 10 12 9 13
11 14 9 12 8 4 6 2 5 1 3 7 21 20 18 16 19 17 15 10 13
13 9 14 10 12 8 3 5 2 6 4 7 1 21 20 17 19 16 18 15 11
9 12 14 10 8 2 5 3 7 4 6 1 21 20 17 19 16 18 15 11 13
11 13 9 12 14 10 8 2 5 3 7 4 6 1 21 20 18 16 19 17 15
