15 20 18 21 17 19 16 22 25 23 26 24 27 9 12 10 14 11 13 8 2 5 3 7 4 6 1
9 15 20 18 21 17 19 16 22 25 23 26 24 27 12 10 14 11 13 8 2 5 3 7 4 6 1
18 21 17 19 16 22 25 23 26 24 27 20 15 9 12 10 14 11 13 8 2 5 3 7 4 6 1
20 18 21 17 19 16 22 25 23 26 24 27 15 9 12 10 14 11 13 8 2 5 3 7 4 6 1
10 12 9 15 20 18 21 17 19 16 22 25 23 26 24 27 14 11 13 8 2 5 3 7 4 6 1
12 9 15 20 18 21 17 19 16 22 25 23 26 24 27 10 14 11 13 8 2 5 3 7 4 6 1
11 14 10 12 9 15 20 18 21 17 19 16 22 25 23 26 24 27 13 8 2 5 3 7 4 6 1
14 10 12 9 15 20 18 21 17 19 16 22 25 23 26 24 27 11 13 8 2 5 3 7 4 6 1
13 11 14 10 12 9 15 20 18 21 17 19 16 22 25 23 26 24 27 8 2 5 3 7 4 6 1
8 13 11 14 10 12 9 15 20 18 21 17 19 16 22 25 23 26 24 27 2 5 3 7 4 6 1
2 8 13 11 14 10 12 9 15 20 18 21 17 19 16 22 25 23 26 24 27 5 3 7 4 6 1
5 2 8 13 11 14 10 12 9 15 20 18 21 17 19 16 22 25 23 26 24 27 3 7 4 6 1
4 7 3 5 2 8 13 11 14 10 12 9 15 20 18 21 17 19 16 22 25 23 26 24 27 6 1
6 4 7 3 5 2 8 13 11 14 10 12 9 15 20 18 21 17 19 16 22 25 23 26 24 27 1
3 5 2 8 13 11 14 10 12 9 15 20 18 21 17 19 16 22 25 23 26 24 27 7 4 6 1
24 27 26 23 25 22 16 19 17 21 18 20 15 9 12 10 14 11 13 8 2 5 3 7 4 6 1
7 3 5 2 8 13 11 14 10 12 9 15 20 18 21 17 19 16 22 25 23 26 24 27 4 6 1
18 22 24 26 23 25 27 16 20 17 19 21 15 11 9 13 10 12 14 8 4 2 6 3 5 7 1
23 25 27 26 24 22 18 16 20 17 19 21 15 11 9 13 10 12 14 8 4 2 6 3 5 7 1
21 19 17 20 16 18 22 24 26 23 25 27 15 11 9 13 10 12 14 8 4 2 6 3 5 7 1
15 21 19 17 20 16 18 22 24 26 23 25 27 11 9 13 10 12 14 8 4 2 6 3 5 7 1
11 15 21 19 17 20 16 18 22 24 26 23 25 27 9 13 10 12 14 8 4 2 6 3 5 7 1
9 11 15 21 19 17 20 16 18 22 24 26 23 25 27 13 10 12 14 8 4 2 6 3 5 7 1
13 9 11 15 21 19 17 20 16 18 22 24 26 23 25 27 10 12 14 8 4 2 6 3 5 7 1
10 13 9 11 15 21 19 17 20 16 18 22 24 26 23 25 27 12 14 8 4 2 6 3 5 7 1
12 10 13 9 11 15 21 19 17 20 16 18 22 24 26 23 25 27 14 8 4 2 6 3 5 7 1
14 12 10 13 9 11 15 21 19 17 20 16 18 22 24 26 23 25 27 8 4 2 6 3 5 7 1
8 14 12 10 13 9 11 15 21 19 17 20 16 18 22 24 26 23 25 27 4 2 6 3 5 7 1
4 8 14 12 10 13 9 11 15 21 19 17 20 16 18 22 24 26 23 25 27 2 6 3 5 7 1
2 4 8 14 12 10 13 9 11 15 21 19 17 20 16 18 22 24 26 23 25 27 6 3 5 7 1
6 2 4 8 14 12 10 13 9 11 15 21 19 17 20 16 18 22 24 26 23 25 27 3 5 7 1
7 5 3 6 2 4 8 14 12 10 13 9 11 15 21 19 17 20 16 18 22 24 26 23 25 27 1
3 6 2 4 8 14 12 10 13 9 11 15 21 19 17 20 16 18 22 24 26 23 25 27 5 7 1
18 22 25 23 26 24 27 16 20 17 19 21 15 11 9 13 10 12 14 8 4 2 6 3 5 7 1
24 27 26 23 25 22 18 16 20 17 19 21 15 11 9 13 10 12 14 8 4 2 6 3 5 7 1
5 3 6 2 4 8 14 12 10 13 9 11 15 21 19 17 20 16 18 22 24 26 23 25 27 7 1
20 16 18 22 24 26 23 25 27 17 19 21 15 11 9 13 10 12 14 8 4 2 6 3 5 7 1
21 19 17 20 16 18 22 25 23 26 24 27 15 11 9 13 10 12 14 8 4 2 6 3 5 7 1
15 21 19 17 20 16 18 22 25 23 26 24 27 11 9 13 10 12 14 8 4 2 6 3 5 7 1
11 15 21 19 17 20 16 18 22 25 23 26 24 27 9 13 10 12 14 8 4 2 6 3 5 7 1
9 11 15 21 19 17 20 16 18 22 25 23 26 24 27 13 10 12 14 8 4 2 6 3 5 7 1
13 9 11 15 21 19 17 20 16 18 22 25 23 26 24 27 10 12 14 8 4 2 6 3 5 7 1
10 13 9 11 15 21 19 17 20 16 18 22 25 23 26 24 27 12 14 8 4 2 6 3 5 7 1
12 10 13 9 11 15 21 19 17 20 16 18 22 25 23 26 24 27 14 8 4 2 6 3 5 7 1
8 14 12 10 13 9 11 15 21 19 17 20 16 18 22 25 23 26 24 27 4 2 6 3 5 7 1
4 8 14 12 10 13 9 11 15 21 19 17 20 16 18 22 25 23 26 24 27 2 6 3 5 7 1
14 12 10 13 9 11 15 21 19 17 20 16 18 22 25 23 26 24 27 8 4 2 6 3 5 7 1
17 20 16 18 22 24 26 23 25 27 19 21 15 11 9 13 10 12 14 8 4 2 6 3 5 7 1
2 4 8 14 12 10 13 9 11 15 21 19 17 20 16 18 22 25 23 26 24 27 6 3 5 7 1
6 2 4 8 14 12 10 13 9 11 15 21 19 17 20 16 18 22 25 23 26 24 27 3 5 7 1
7 5 3 6 2 4 8 14 12 10 13 9 11 15 21 19 17 20 16 18 22 25 23 26 24 27 1
3 6 2 4 8 14 12 10 13 9 11 15 21 19 17 20 16 18 22 25 23 26 24 27 5 7 1
5 3 6 2 4 8 14 12 10 13 9 11 15 21 19 17 20 16 18 22 25 23 26 24 27 7 1
20 16 18 22 25 23 26 24 27 17 19 21 15 11 9 13 10 12 14 8 4 2 6 3 5 7 1
17 20 16 18 22 25 23 26 24 27 19 21 15 11 9 13 10 12 14 8 4 2 6 3 5 7 1
