24 26 16 22 19 21 23 17 20 18 15 10 12 9 13 11 14 8 4 6 2 5 25 1 3 7
22 16 24 26 19 21 23 17 20 18 15 10 12 9 13 11 14 8 4 6 2 5 25 1 3 7
21 19 22 16 24 26 23 17 20 18 15 10 12 9 13 11 14 8 4 6 2 5 25 1 3 7
15 18 20 17 23 21 19 22 16 24 26 10 12 9 13 11 14 8 4 6 2 5 25 1 3 7
19 22 16 24 26 21 23 17 20 18 15 10 12 9 13 11 14 8 4 6 2 5 25 1 3 7
17 23 21 19 22 16 24 26 20 18 15 10 12 9 13 11 14 8 4 6 2 5 25 1 3 7
20 17 23 21 19 22 16 24 26 18 15 10 12 9 13 11 14 8 4 6 2 5 25 1 3 7
8 14 11 13 9 12 10 15 18 20 17 23 21 19 22 16 24 26 4 6 2 5 25 1 3 7
9 12 10 15 18 20 17 23 21 19 22 16 24 26 13 11 14 8 4 6 2 5 25 1 3 7
11 13 9 12 10 15 18 20 17 23 21 19 22 16 24 26 14 8 4 6 2 5 25 1 3 7
10 15 18 20 17 23 21 19 22 16 24 26 12 9 13 11 14 8 4 6 2 5 25 1 3 7
13 9 12 10 15 18 20 17 23 21 19 22 16 24 26 11 14 8 4 6 2 5 25 1 3 7
2 6 4 8 14 11 13 9 12 10 15 18 20 17 23 21 19 22 16 24 26 5 25 1 3 7
6 4 8 14 11 13 9 12 10 15 18 20 17 23 21 19 22 16 24 26 2 5 25 1 3 7
1 25 5 2 6 4 8 14 11 13 9 12 10 15 18 20 17 23 21 19 22 16 24 26 3 7
25 5 2 6 4 8 14 11 13 9 12 10 15 18 20 17 23 21 19 22 16 24 26 1 3 7
16 24 26 22 19 21 23 17 20 18 15 9 11 13 10 14 12 8 4 6 2 5 7 3 1 25
3 1 25 5 2 6 4 8 14 11 13 9 12 10 15 18 20 17 23 21 19 22 16 24 26 7
19 22 16 24 26 21 23 17 20 18 15 9 11 13 10 14 12 8 4 6 2 5 7 3 1 25
23 21 19 22 16 24 26 17 20 18 15 9 11 13 10 14 12 8 4 6 2 5 7 3 1 25
15 18 20 17 23 21 19 22 16 24 26 9 11 13 10 14 12 8 4 6 2 5 7 3 1 25
18 20 17 23 21 19 22 16 24 26 15 9 11 13 10 14 12 8 4 6 2 5 7 3 1 25
9 15 18 20 17 23 21 19 22 16 24 26 11 13 10 14 12 8 4 6 2 5 7 3 1 25
11 9 15 18 20 17 23 21 19 22 16 24 26 13 10 14 12 8 4 6 2 5 7 3 1 25
13 11 9 15 18 20 17 23 21 19 22 16 24 26 10 14 12 8 4 6 2 5 7 3 1 25
10 13 11 9 15 18 20 17 23 21 19 22 16 24 26 14 12 8 4 6 2 5 7 3 1 25
8 12 14 10 13 11 9 15 18 20 17 23 21 19 22 16 24 26 4 6 2 5 7 3 1 25
4 8 12 14 10 13 11 9 15 18 20 17 23 21 19 22 16 24 26 6 2 5 7 3 1 25
6 4 8 12 14 10 13 11 9 15 18 20 17 23 21 19 22 16 24 26 2 5 7 3 1 25
2 6 4 8 12 14 10 13 11 9 15 18 20 17 23 21 19 22 16 24 26 5 7 3 1 25
12 14 10 13 11 9 15 18 20 17 23 21 19 22 16 24 26 8 4 6 2 5 7 3 1 25
5 2 6 4 8 12 14 10 13 11 9 15 18 20 17 23 21 19 22 16 24 26 7 3 1 25
3 7 5 2 6 4 8 12 14 10 13 11 9 15 18 20 17 23 21 19 22 16 24 26 1 25
7 5 2 6 4 8 12 14 10 13 11 9 15 18 20 17 23 21 19 22 16 24 26 3 1 25
14 10 13 11 9 15 18 20 17 23 21 19 22 16 24 26 12 8 4 6 2 5 7 3 1 25
24 26 16 22 19 21 23 17 20 18 15 9 11 13 10 14 12 8 4 6 2 5 25 1 3 7
22 16 24 26 19 21 23 17 20 18 15 9 11 13 10 14 12 8 4 6 2 5 7 3 1 25
22 16 24 26 19 21 23 17 20 18 15 9 11 13 10 14 12 8 4 6 2 5 25 1 3 7
17 23 21 19 22 16 24 26 20 18 15 9 11 13 10 14 12 8 4 6 2 5 7 3 1 25
19 22 16 24 26 21 23 17 20 18 15 9 11 13 10 14 12 8 4 6 2 5 25 1 3 7
21 19 22 16 24 26 23 17 20 18 15 9 11 13 10 14 12 8 4 6 2 5 25 1 3 7
15 18 20 17 23 21 19 22 16 24 26 9 11 13 10 14 12 8 4 6 2 5 25 1 3 7
11 9 15 18 20 17 23 21 19 22 16 24 26 13 10 14 12 8 4 6 2 5 25 1 3 7
9 15 18 20 17 23 21 19 22 16 24 26 11 13 10 14 12 8 4 6 2 5 25 1 3 7
17 23 21 19 22 16 24 26 20 18 15 9 11 13 10 14 12 8 4 6 2 5 25 1 3 7
20 17 23 21 19 22 16 24 26 18 15 9 11 13 10 14 12 8 4 6 2 5 25 1 3 7
8 12 14 10 13 11 9 15 18 20 17 23 21 19 22 16 24 26 4 6 2 5 25 1 3 7
13 11 9 15 18 20 17 23 21 19 22 16 24 26 10 14 12 8 4 6 2 5 25 1 3 7
10 13 11 9 15 18 20 17 23 21 19 22 16 24 26 14 12 8 4 6 2 5 25 1 3 7
2 6 4 8 12 14 10 13 11 9 15 18 20 17 23 21 19 22 16 24 26 5 25 1 3 7
6 4 8 12 14 10 13 11 9 15 18 20 17 23 21 19 22 16 24 26 2 5 25 1 3 7
1 25 5 2 6 4 8 12 14 10 13 11 9 15 18 20 17 23 21 19 22 16 24 26 3 7
3 1 25 5 2 6 4 8 12 14 10 13 11 9 15 18 20 17 23 21 19 22 16 24 26 7
25 5 2 6 4 8 12 14 10 13 11 9 15 18 20 17 23 21 19 22 16 24 26 1 3 7
16 24 26 22 19 21 23 17 20 18 15 9 12 10 14 11 13 8 4 6 2 5 7 3 1 25
19 22 16 24 26 21 23 17 20 18 15 9 12 10 14 11 13 8 4 6 2 5 7 3 1 25
23 21 19 22 16 24 26 17 20 18 15 9 12 10 14 11 13 8 4 6 2 5 7 3 1 25
18 20 17 23 21 19 22 16 24 26 15 9 12 10 14 11 13 8 4 6 2 5 7 3 1 25
15 18 20 17 23 21 19 22 16 24 26 9 12 10 14 11 13 8 4 6 2 5 7 3 1 25
9 15 18 20 17 23 21 19 22 16 24 26 12 10 14 11 13 8 4 6 2 5 7 3 1 25
12 9 15 18 20 17 23 21 19 22 16 24 26 10 14 11 13 8 4 6 2 5 7 3 1 25
10 12 9 15 18 20 17 23 21 19 22 16 24 26 14 11 13 8 4 6 2 5 7 3 1 25
14 10 12 9 15 18 20 17 23 21 19 22 16 24 26 11 13 8 4 6 2 5 7 3 1 25
11 14 10 12 9 15 18 20 17 23 21 19 22 16 24 26 13 8 4 6 2 5 7 3 1 25
17 23 21 19 22 16 24 26 20 18 15 9 12 10 14 11 13 8 4 6 2 5 7 3 1 25
13 11 14 10 12 9 15 18 20 17 23 21 19 22 16 24 26 8 4 6 2 5 7 3 1 25
22 16 24 26 19 21 23 17 20 18 15 9 12 10 14 11 13 8 4 6 2 5 7 3 1 25
4 8 13 11 14 10 12 9 15 18 20 17 23 21 19 22 16 24 26 6 2 5 7 3 1 25
8 13 11 14 10 12 9 15 18 20 17 23 21 19 22 16 24 26 4 6 2 5 7 3 1 25
6 4 8 13 11 14 10 12 9 15 18 20 17 23 21 19 22 16 24 26 2 5 7 3 1 25
2 6 4 8 13 11 14 10 12 9 15 18 20 17 23 21 19 22 16 24 26 5 7 3 1 25
5 2 6 4 8 13 11 14 10 12 9 15 18 20 17 23 21 19 22 16 24 26 7 3 1 25
7 5 2 6 4 8 13 11 14 10 12 9 15 18 20 17 23 21 19 22 16 24 26 3 1 25
3 7 5 2 6 4 8 13 11 14 10 12 9 15 18 20 17 23 21 19 22 16 24 26 1 25
21 19 22 16 24 26 23 17 20 18 15 9 11 13 10 14 12 8 4 6 2 5 7 3 1 25
4 8 14 11 13 9 12 10 15 18 20 17 23 21 19 22 16 24 26 6 2 5 25 1 3 7
4 8 12 14 10 13 11 9 15 18 20 17 23 21 19 22 16 24 26 6 2 5 25 1 3 7
21 19 22 16 24 26 23 17 20 18 15 9 12 10 14 11 13 8 4 6 2 5 7 3 1 25
20 17 23 21 19 22 16 24 26 18 15 9 11 13 10 14 12 8 4 6 2 5 7 3 1 25
20 17 23 21 19 22 16 24 26 18 15 9 12 10 14 11 13 8 4 6 2 5 7 3 1 25
24 26 16 22 19 21 23 17 20 18 15 9 11 13 10 14 12 8 4 6 2 5 7 3 1 25
24 26 16 22 19 21 23 17 20 18 15 9 12 10 14 11 13 8 4 6 2 5 7 3 1 25
24 26 16 22 19 21 23 17 20 18 15 9 12 10 14 11 13 8 4 6 2 5 25 1 3 7
22 16 24 26 19 21 23 17 20 18 15 9 12 10 14 11 13 8 4 6 2 5 25 1 3 7
19 22 16 24 26 21 23 17 20 18 15 9 12 10 14 11 13 8 4 6 2 5 25 1 3 7
21 19 22 16 24 26 23 17 20 18 15 9 12 10 14 11 13 8 4 6 2 5 25 1 3 7
15 18 20 17 23 21 19 22 16 24 26 9 12 10 14 11 13 8 4 6 2 5 25 1 3 7
17 23 21 19 22 16 24 26 20 18 15 9 12 10 14 11 13 8 4 6 2 5 25 1 3 7
20 17 23 21 19 22 16 24 26 18 15 9 12 10 14 11 13 8 4 6 2 5 25 1 3 7
9 15 18 20 17 23 21 19 22 16 24 26 12 10 14 11 13 8 4 6 2 5 25 1 3 7
10 12 9 15 18 20 17 23 21 19 22 16 24 26 14 11 13 8 4 6 2 5 25 1 3 7
12 9 15 18 20 17 23 21 19 22 16 24 26 10 14 11 13 8 4 6 2 5 25 1 3 7
8 13 11 14 10 12 9 15 18 20 17 23 21 19 22 16 24 26 4 6 2 5 25 1 3 7
2 6 4 8 13 11 14 10 12 9 15 18 20 17 23 21 19 22 16 24 26 5 25 1 3 7
6 4 8 13 11 14 10 12 9 15 18 20 17 23 21 19 22 16 24 26 2 5 25 1 3 7
14 10 12 9 15 18 20 17 23 21 19 22 16 24 26 11 13 8 4 6 2 5 25 1 3 7
1 25 5 2 6 4 8 13 11 14 10 12 9 15 18 20 17 23 21 19 22 16 24 26 3 7
20 18 16 24 26 22 19 21 23 17 15 9 12 10 14 11 13 8 4 6 2 5 7 3 1 25
3 1 25 5 2 6 4 8 13 11 14 10 12 9 15 18 20 17 23 21 19 22 16 24 26 7
18 16 24 26 20 22 19 21 23 17 15 9 12 10 14 11 13 8 4 6 2 5 7 3 1 25
25 5 2 6 4 8 13 11 14 10 12 9 15 18 20 17 23 21 19 22 16 24 26 1 3 7
22 20 18 16 24 26 19 21 23 17 15 9 12 10 14 11 13 8 4 6 2 5 7 3 1 25
19 22 20 18 16 24 26 21 23 17 15 9 12 10 14 11 13 8 4 6 2 5 7 3 1 25
23 21 19 22 20 18 16 24 26 17 15 9 12 10 14 11 13 8 4 6 2 5 7 3 1 25
10 12 9 15 17 23 21 19 22 20 18 16 24 26 14 11 13 8 4 6 2 5 7 3 1 25
9 15 17 23 21 19 22 20 18 16 24 26 12 10 14 11 13 8 4 6 2 5 7 3 1 25
17 23 21 19 22 20 18 16 24 26 15 9 12 10 14 11 13 8 4 6 2 5 7 3 1 25
15 17 23 21 19 22 20 18 16 24 26 9 12 10 14 11 13 8 4 6 2 5 7 3 1 25
14 10 12 9 15 17 23 21 19 22 20 18 16 24 26 11 13 8 4 6 2 5 7 3 1 25
12 9 15 17 23 21 19 22 20 18 16 24 26 10 14 11 13 8 4 6 2 5 7 3 1 25
8 13 11 14 10 12 9 15 17 23 21 19 22 20 18 16 24 26 4 6 2 5 7 3 1 25
4 8 13 11 14 10 12 9 15 17 23 21 19 22 20 18 16 24 26 6 2 5 7 3 1 25
6 4 8 13 11 14 10 12 9 15 17 23 21 19 22 20 18 16 24 26 2 5 7 3 1 25
13 11 14 10 12 9 15 17 23 21 19 22 20 18 16 24 26 8 4 6 2 5 7 3 1 25
24 26 16 18 20 22 19 21 23 17 15 9 12 10 14 11 13 8 4 6 2 5 25 1 3 7
2 6 4 8 13 11 14 10 12 9 15 17 23 21 19 22 20 18 16 24 26 5 7 3 1 25
5 2 6 4 8 13 11 14 10 12 9 15 17 23 21 19 22 20 18 16 24 26 7 3 1 25
3 7 5 2 6 4 8 13 11 14 10 12 9 15 17 23 21 19 22 20 18 16 24 26 1 25
7 5 2 6 4 8 13 11 14 10 12 9 15 17 23 21 19 22 20 18 16 24 26 3 1 25
11 14 10 12 9 15 17 23 21 19 22 20 18 16 24 26 13 8 4 6 2 5 7 3 1 25
16 24 26 18 20 22 19 21 23 17 15 9 12 10 14 11 13 8 4 6 2 5 7 3 1 25
16 24 26 18 20 22 19 21 23 17 15 9 12 10 14 11 13 8 4 6 2 5 25 1 3 7
21 19 22 20 18 16 24 26 23 17 15 9 12 10 14 11 13 8 4 6 2 5 25 1 3 7
15 17 23 21 19 22 20 18 16 24 26 9 12 10 14 11 13 8 4 6 2 5 25 1 3 7
9 15 17 23 21 19 22 20 18 16 24 26 12 10 14 11 13 8 4 6 2 5 25 1 3 7
10 12 9 15 17 23 21 19 22 20 18 16 24 26 14 11 13 8 4 6 2 5 25 1 3 7
8 13 11 14 10 12 9 15 17 23 21 19 22 20 18 16 24 26 4 6 2 5 25 1 3 7
12 9 15 17 23 21 19 22 20 18 16 24 26 10 14 11 13 8 4 6 2 5 25 1 3 7
19 22 20 18 16 24 26 21 23 17 15 9 12 10 14 11 13 8 4 6 2 5 25 1 3 7
22 20 18 16 24 26 19 21 23 17 15 9 12 10 14 11 13 8 4 6 2 5 25 1 3 7
18 16 24 26 20 22 19 21 23 17 15 9 12 10 14 11 13 8 4 6 2 5 25 1 3 7
2 6 4 8 13 11 14 10 12 9 15 17 23 21 19 22 20 18 16 24 26 5 25 1 3 7
6 4 8 13 11 14 10 12 9 15 17 23 21 19 22 20 18 16 24 26 2 5 25 1 3 7
1 25 5 2 6 4 8 13 11 14 10 12 9 15 17 23 21 19 22 20 18 16 24 26 3 7
14 10 12 9 15 17 23 21 19 22 20 18 16 24 26 11 13 8 4 6 2 5 25 1 3 7
25 5 2 6 4 8 13 11 14 10 12 9 15 17 23 21 19 22 20 18 16 24 26 1 3 7
16 24 26 19 17 22 18 21 23 20 15 9 12 10 14 11 13 8 4 6 2 5 7 3 1 25
3 1 25 5 2 6 4 8 13 11 14 10 12 9 15 17 23 21 19 22 20 18 16 24 26 7
19 16 24 26 17 22 18 21 23 20 15 9 12 10 14 11 13 8 4 6 2 5 7 3 1 25
18 22 17 19 16 24 26 21 23 20 15 9 12 10 14 11 13 8 4 6 2 5 7 3 1 25
20 23 21 18 22 17 19 16 24 26 15 9 12 10 14 11 13 8 4 6 2 5 7 3 1 25
15 20 23 21 18 22 17 19 16 24 26 9 12 10 14 11 13 8 4 6 2 5 7 3 1 25
23 21 18 22 17 19 16 24 26 20 15 9 12 10 14 11 13 8 4 6 2 5 7 3 1 25
22 17 19 16 24 26 18 21 23 20 15 9 12 10 14 11 13 8 4 6 2 5 7 3 1 25
9 15 20 23 21 18 22 17 19 16 24 26 12 10 14 11 13 8 4 6 2 5 7 3 1 25
10 12 9 15 20 23 21 18 22 17 19 16 24 26 14 11 13 8 4 6 2 5 7 3 1 25
12 9 15 20 23 21 18 22 17 19 16 24 26 10 14 11 13 8 4 6 2 5 7 3 1 25
17 19 16 24 26 22 18 21 23 20 15 9 12 10 14 11 13 8 4 6 2 5 7 3 1 25
8 13 11 14 10 12 9 15 20 23 21 18 22 17 19 16 24 26 4 6 2 5 7 3 1 25
14 10 12 9 15 20 23 21 18 22 17 19 16 24 26 11 13 8 4 6 2 5 7 3 1 25
4 8 13 11 14 10 12 9 15 20 23 21 18 22 17 19 16 24 26 6 2 5 7 3 1 25
11 14 10 12 9 15 20 23 21 18 22 17 19 16 24 26 13 8 4 6 2 5 7 3 1 25
6 4 8 13 11 14 10 12 9 15 20 23 21 18 22 17 19 16 24 26 2 5 7 3 1 25
13 11 14 10 12 9 15 20 23 21 18 22 17 19 16 24 26 8 4 6 2 5 7 3 1 25
2 6 4 8 13 11 14 10 12 9 15 20 23 21 18 22 17 19 16 24 26 5 7 3 1 25
3 7 5 2 6 4 8 13 11 14 10 12 9 15 20 23 21 18 22 17 19 16 24 26 1 25
7 5 2 6 4 8 13 11 14 10 12 9 15 20 23 21 18 22 17 19 16 24 26 3 1 25
5 2 6 4 8 13 11 14 10 12 9 15 20 23 21 18 22 17 19 16 24 26 7 3 1 25
4 8 13 11 14 10 12 9 15 18 20 17 23 21 19 22 16 24 26 6 2 5 25 1 3 7
4 8 13 11 14 10 12 9 15 17 23 21 19 22 20 18 16 24 26 6 2 5 25 1 3 7
21 18 22 17 19 16 24 26 23 20 15 9 12 10 14 11 13 8 4 6 2 5 7 3 1 25
24 26 16 18 20 22 19 21 23 17 15 9 12 10 14 11 13 8 4 6 2 5 7 3 1 25
24 26 16 19 17 22 18 21 23 20 15 9 12 10 14 11 13 8 4 6 2 5 7 3 1 25
24 26 16 19 17 22 18 21 23 20 15 9 12 10 14 11 13 8 4 6 2 5 25 1 3 7
16 24 26 19 17 22 18 21 23 20 15 9 12 10 14 11 13 8 4 6 2 5 25 1 3 7
19 16 24 26 17 22 18 21 23 20 15 9 12 10 14 11 13 8 4 6 2 5 25 1 3 7
17 19 16 24 26 22 18 21 23 20 15 9 12 10 14 11 13 8 4 6 2 5 25 1 3 7
15 20 23 21 18 22 17 19 16 24 26 9 12 10 14 11 13 8 4 6 2 5 25 1 3 7
21 18 22 17 19 16 24 26 23 20 15 9 12 10 14 11 13 8 4 6 2 5 25 1 3 7
22 17 19 16 24 26 18 21 23 20 15 9 12 10 14 11 13 8 4 6 2 5 25 1 3 7
8 13 11 14 10 12 9 15 20 23 21 18 22 17 19 16 24 26 4 6 2 5 25 1 3 7
10 12 9 15 20 23 21 18 22 17 19 16 24 26 14 11 13 8 4 6 2 5 25 1 3 7
9 15 20 23 21 18 22 17 19 16 24 26 12 10 14 11 13 8 4 6 2 5 25 1 3 7
2 6 4 8 13 11 14 10 12 9 15 20 23 21 18 22 17 19 16 24 26 5 25 1 3 7
6 4 8 13 11 14 10 12 9 15 20 23 21 18 22 17 19 16 24 26 2 5 25 1 3 7
1 25 5 2 6 4 8 13 11 14 10 12 9 15 20 23 21 18 22 17 19 16 24 26 3 7
25 5 2 6 4 8 13 11 14 10 12 9 15 20 23 21 18 22 17 19 16 24 26 1 3 7
12 9 15 20 23 21 18 22 17 19 16 24 26 10 14 11 13 8 4 6 2 5 25 1 3 7
14 10 12 9 15 20 23 21 18 22 17 19 16 24 26 11 13 8 4 6 2 5 25 1 3 7
19 22 16 24 26 17 20 18 21 23 15 9 12 10 14 11 13 8 4 6 2 5 7 3 1 25
17 19 22 16 24 26 20 18 21 23 15 9 12 10 14 11 13 8 4 6 2 5 7 3 1 25
16 24 26 22 19 17 20 18 21 23 15 9 12 10 14 11 13 8 4 6 2 5 7 3 1 25
22 16 24 26 19 17 20 18 21 23 15 9 12 10 14 11 13 8 4 6 2 5 7 3 1 25
20 17 19 22 16 24 26 18 21 23 15 9 12 10 14 11 13 8 4 6 2 5 7 3 1 25
15 23 21 18 20 17 19 22 16 24 26 9 12 10 14 11 13 8 4 6 2 5 7 3 1 25
3 1 25 5 2 6 4 8 13 11 14 10 12 9 15 20 23 21 18 22 17 19 16 24 26 7
10 12 9 15 23 21 18 20 17 19 22 16 24 26 14 11 13 8 4 6 2 5 7 3 1 25
23 21 18 20 17 19 22 16 24 26 15 9 12 10 14 11 13 8 4 6 2 5 7 3 1 25
9 15 23 21 18 20 17 19 22 16 24 26 12 10 14 11 13 8 4 6 2 5 7 3 1 25
8 13 11 14 10 12 9 15 23 21 18 20 17 19 22 16 24 26 4 6 2 5 7 3 1 25
4 8 13 11 14 10 12 9 15 23 21 18 20 17 19 22 16 24 26 6 2 5 7 3 1 25
6 4 8 13 11 14 10 12 9 15 23 21 18 20 17 19 22 16 24 26 2 5 7 3 1 25
12 9 15 23 21 18 20 17 19 22 16 24 26 10 14 11 13 8 4 6 2 5 7 3 1 25
14 10 12 9 15 23 21 18 20 17 19 22 16 24 26 11 13 8 4 6 2 5 7 3 1 25
11 14 10 12 9 15 23 21 18 20 17 19 22 16 24 26 13 8 4 6 2 5 7 3 1 25
13 11 14 10 12 9 15 23 21 18 20 17 19 22 16 24 26 8 4 6 2 5 7 3 1 25
2 6 4 8 13 11 14 10 12 9 15 23 21 18 20 17 19 22 16 24 26 5 7 3 1 25
7 5 2 6 4 8 13 11 14 10 12 9 15 23 21 18 20 17 19 22 16 24 26 3 1 25
3 7 5 2 6 4 8 13 11 14 10 12 9 15 23 21 18 20 17 19 22 16 24 26 1 25
24 26 16 22 19 17 20 18 21 23 15 9 12 10 14 11 13 8 4 6 2 5 7 3 25 1
5 2 6 4 8 13 11 14 10 12 9 15 23 21 18 20 17 19 22 16 24 26 7 3 1 25
16 24 26 22 19 17 20 18 21 23 15 9 12 10 14 11 13 8 4 6 2 5 7 3 25 1
17 19 22 16 24 26 20 18 21 23 15 9 12 10 14 11 13 8 4 6 2 5 7 3 25 1
22 16 24 26 19 17 20 18 21 23 15 9 12 10 14 11 13 8 4 6 2 5 7 3 25 1
19 22 16 24 26 17 20 18 21 23 15 9 12 10 14 11 13 8 4 6 2 5 7 3 25 1
20 17 19 22 16 24 26 18 21 23 15 9 12 10 14 11 13 8 4 6 2 5 7 3 25 1
18 20 17 19 22 16 24 26 21 23 15 9 12 10 14 11 13 8 4 6 2 5 7 3 25 1
8 13 11 14 10 12 9 15 23 21 18 20 17 19 22 16 24 26 4 6 2 5 7 3 25 1
4 8 13 11 14 10 12 9 15 23 21 18 20 17 19 22 16 24 26 6 2 5 7 3 25 1
2 6 4 8 13 11 14 10 12 9 15 23 21 18 20 17 19 22 16 24 26 5 7 3 25 1
6 4 8 13 11 14 10 12 9 15 23 21 18 20 17 19 22 16 24 26 2 5 7 3 25 1
21 18 20 17 19 22 16 24 26 23 15 9 12 10 14 11 13 8 4 6 2 5 7 3 25 1
7 5 2 6 4 8 13 11 14 10 12 9 15 23 21 18 20 17 19 22 16 24 26 3 25 1
24 26 16 22 19 17 20 18 21 23 15 9 12 10 14 11 13 8 4 6 2 5 25 1 3 7
25 3 7 5 2 6 4 8 13 11 14 10 12 9 15 23 21 18 20 17 19 22 16 24 26 1
5 2 6 4 8 13 11 14 10 12 9 15 23 21 18 20 17 19 22 16 24 26 7 3 25 1
16 24 26 22 19 17 20 18 21 23 15 9 12 10 14 11 13 8 4 6 2 5 25 1 3 7
22 16 24 26 19 17 20 18 21 23 15 9 12 10 14 11 13 8 4 6 2 5 25 1 3 7
17 19 22 16 24 26 20 18 21 23 15 9 12 10 14 11 13 8 4 6 2 5 25 1 3 7
19 22 16 24 26 17 20 18 21 23 15 9 12 10 14 11 13 8 4 6 2 5 25 1 3 7
15 23 21 18 20 17 19 22 16 24 26 9 12 10 14 11 13 8 4 6 2 5 25 1 3 7
20 17 19 22 16 24 26 18 21 23 15 9 12 10 14 11 13 8 4 6 2 5 25 1 3 7
18 20 17 19 22 16 24 26 21 23 15 9 12 10 14 11 13 8 4 6 2 5 25 1 3 7
21 18 20 17 19 22 16 24 26 23 15 9 12 10 14 11 13 8 4 6 2 5 25 1 3 7
10 12 9 15 23 21 18 20 17 19 22 16 24 26 14 11 13 8 4 6 2 5 25 1 3 7
8 13 11 14 10 12 9 15 23 21 18 20 17 19 22 16 24 26 4 6 2 5 25 1 3 7
9 15 23 21 18 20 17 19 22 16 24 26 12 10 14 11 13 8 4 6 2 5 25 1 3 7
12 9 15 23 21 18 20 17 19 22 16 24 26 10 14 11 13 8 4 6 2 5 25 1 3 7
6 4 8 13 11 14 10 12 9 15 23 21 18 20 17 19 22 16 24 26 2 5 25 1 3 7
2 6 4 8 13 11 14 10 12 9 15 23 21 18 20 17 19 22 16 24 26 5 25 1 3 7
14 10 12 9 15 23 21 18 20 17 19 22 16 24 26 11 13 8 4 6 2 5 25 1 3 7
1 25 5 2 6 4 8 13 11 14 10 12 9 15 23 21 18 20 17 19 22 16 24 26 3 7
25 5 2 6 4 8 13 11 14 10 12 9 15 23 21 18 20 17 19 22 16 24 26 1 3 7
3 1 25 5 2 6 4 8 13 11 14 10 12 9 15 23 21 18 20 17 19 22 16 24 26 7
4 8 13 11 14 10 12 9 15 20 23 21 18 22 17 19 16 24 26 6 2 5 25 1 3 7
4 8 13 11 14 10 12 9 15 23 21 18 20 17 19 22 16 24 26 6 2 5 25 1 3 7
24 26 16 22 19 17 20 18 21 23 15 9 12 10 14 11 13 8 4 6 2 5 7 3 1 25
18 20 17 19 22 16 24 26 21 23 15 9 12 10 14 11 13 8 4 6 2 5 7 3 1 25
24 26 16 22 19 17 20 18 21 23 15 9 12 10 14 11 13 8 4 6 2 25 1 3 7 5
22 16 24 26 19 17 20 18 21 23 15 9 12 10 14 11 13 8 4 6 2 25 1 3 7 5
16 24 26 22 19 17 20 18 21 23 15 9 12 10 14 11 13 8 4 6 2 25 1 3 7 5
19 22 16 24 26 17 20 18 21 23 15 9 12 10 14 11 13 8 4 6 2 25 1 3 7 5
17 19 22 16 24 26 20 18 21 23 15 9 12 10 14 11 13 8 4 6 2 25 1 3 7 5
15 23 21 18 20 17 19 22 16 24 26 9 12 10 14 11 13 8 4 6 2 25 1 3 7 5
20 17 19 22 16 24 26 18 21 23 15 9 12 10 14 11 13 8 4 6 2 25 1 3 7 5
10 12 9 15 23 21 18 20 17 19 22 16 24 26 14 11 13 8 4 6 2 25 1 3 7 5
9 15 23 21 18 20 17 19 22 16 24 26 12 10 14 11 13 8 4 6 2 25 1 3 7 5
18 20 17 19 22 16 24 26 21 23 15 9 12 10 14 11 13 8 4 6 2 25 1 3 7 5
12 9 15 23 21 18 20 17 19 22 16 24 26 10 14 11 13 8 4 6 2 25 1 3 7 5
8 13 11 14 10 12 9 15 23 21 18 20 17 19 22 16 24 26 4 6 2 25 1 3 7 5
4 8 13 11 14 10 12 9 15 23 21 18 20 17 19 22 16 24 26 6 2 25 1 3 7 5
1 25 2 6 4 8 13 11 14 10 12 9 15 23 21 18 20 17 19 22 16 24 26 3 7 5
6 4 8 13 11 14 10 12 9 15 23 21 18 20 17 19 22 16 24 26 2 25 1 3 7 5
21 18 20 17 19 22 16 24 26 23 15 9 12 10 14 11 13 8 4 6 2 25 1 3 7 5
25 2 6 4 8 13 11 14 10 12 9 15 23 21 18 20 17 19 22 16 24 26 1 3 7 5
3 1 25 2 6 4 8 13 11 14 10 12 9 15 23 21 18 20 17 19 22 16 24 26 7 5
19 22 16 24 26 17 20 18 21 23 15 9 11 13 10 14 12 8 4 6 2 5 7 3 1 25
22 16 24 26 19 17 20 18 21 23 15 9 11 13 10 14 12 8 4 6 2 5 7 3 1 25
17 19 22 16 24 26 20 18 21 23 15 9 11 13 10 14 12 8 4 6 2 5 7 3 1 25
14 10 12 9 15 23 21 18 20 17 19 22 16 24 26 11 13 8 4 6 2 25 1 3 7 5
16 24 26 22 19 17 20 18 21 23 15 9 11 13 10 14 12 8 4 6 2 5 7 3 1 25
20 17 19 22 16 24 26 18 21 23 15 9 11 13 10 14 12 8 4 6 2 5 7 3 1 25
15 23 21 18 20 17 19 22 16 24 26 9 11 13 10 14 12 8 4 6 2 5 7 3 1 25
23 21 18 20 17 19 22 16 24 26 15 9 11 13 10 14 12 8 4 6 2 5 7 3 1 25
9 15 23 21 18 20 17 19 22 16 24 26 11 13 10 14 12 8 4 6 2 5 7 3 1 25
13 11 9 15 23 21 18 20 17 19 22 16 24 26 10 14 12 8 4 6 2 5 7 3 1 25
11 9 15 23 21 18 20 17 19 22 16 24 26 13 10 14 12 8 4 6 2 5 7 3 1 25
8 12 14 10 13 11 9 15 23 21 18 20 17 19 22 16 24 26 4 6 2 5 7 3 1 25
10 13 11 9 15 23 21 18 20 17 19 22 16 24 26 14 12 8 4 6 2 5 7 3 1 25
4 8 12 14 10 13 11 9 15 23 21 18 20 17 19 22 16 24 26 6 2 5 7 3 1 25
6 4 8 12 14 10 13 11 9 15 23 21 18 20 17 19 22 16 24 26 2 5 7 3 1 25
12 14 10 13 11 9 15 23 21 18 20 17 19 22 16 24 26 8 4 6 2 5 7 3 1 25
2 6 4 8 12 14 10 13 11 9 15 23 21 18 20 17 19 22 16 24 26 5 7 3 1 25
7 5 2 6 4 8 12 14 10 13 11 9 15 23 21 18 20 17 19 22 16 24 26 3 1 25
24 26 16 22 19 17 20 18 21 23 15 9 11 13 10 14 12 8 4 6 2 5 7 3 25 1
14 10 13 11 9 15 23 21 18 20 17 19 22 16 24 26 12 8 4 6 2 5 7 3 1 25
3 7 5 2 6 4 8 12 14 10 13 11 9 15 23 21 18 20 17 19 22 16 24 26 1 25
5 2 6 4 8 12 14 10 13 11 9 15 23 21 18 20 17 19 22 16 24 26 7 3 1 25
16 24 26 22 19 17 20 18 21 23 15 9 11 13 10 14 12 8 4 6 2 5 7 3 25 1
19 22 16 24 26 17 20 18 21 23 15 9 11 13 10 14 12 8 4 6 2 5 7 3 25 1
22 16 24 26 19 17 20 18 21 23 15 9 11 13 10 14 12 8 4 6 2 5 7 3 25 1
17 19 22 16 24 26 20 18 21 23 15 9 11 13 10 14 12 8 4 6 2 5 7 3 25 1
20 17 19 22 16 24 26 18 21 23 15 9 11 13 10 14 12 8 4 6 2 5 7 3 25 1
18 20 17 19 22 16 24 26 21 23 15 9 11 13 10 14 12 8 4 6 2 5 7 3 25 1
4 8 12 14 10 13 11 9 15 23 21 18 20 17 19 22 16 24 26 6 2 5 7 3 25 1
8 12 14 10 13 11 9 15 23 21 18 20 17 19 22 16 24 26 4 6 2 5 7 3 25 1
6 4 8 12 14 10 13 11 9 15 23 21 18 20 17 19 22 16 24 26 2 5 7 3 25 1
21 18 20 17 19 22 16 24 26 23 15 9 11 13 10 14 12 8 4 6 2 5 7 3 25 1
2 6 4 8 12 14 10 13 11 9 15 23 21 18 20 17 19 22 16 24 26 5 7 3 25 1
24 26 16 22 19 17 20 18 21 23 15 9 11 13 10 14 12 8 4 6 2 5 25 1 3 7
25 3 7 5 2 6 4 8 12 14 10 13 11 9 15 23 21 18 20 17 19 22 16 24 26 1
7 5 2 6 4 8 12 14 10 13 11 9 15 23 21 18 20 17 19 22 16 24 26 3 25 1
5 2 6 4 8 12 14 10 13 11 9 15 23 21 18 20 17 19 22 16 24 26 7 3 25 1
19 22 16 24 26 17 20 18 21 23 15 9 11 13 10 14 12 8 4 6 2 5 25 1 3 7
22 16 24 26 19 17 20 18 21 23 15 9 11 13 10 14 12 8 4 6 2 5 25 1 3 7
16 24 26 22 19 17 20 18 21 23 15 9 11 13 10 14 12 8 4 6 2 5 25 1 3 7
17 19 22 16 24 26 20 18 21 23 15 9 11 13 10 14 12 8 4 6 2 5 25 1 3 7
15 23 21 18 20 17 19 22 16 24 26 9 11 13 10 14 12 8 4 6 2 5 25 1 3 7
20 17 19 22 16 24 26 18 21 23 15 9 11 13 10 14 12 8 4 6 2 5 25 1 3 7
9 15 23 21 18 20 17 19 22 16 24 26 11 13 10 14 12 8 4 6 2 5 25 1 3 7
11 9 15 23 21 18 20 17 19 22 16 24 26 13 10 14 12 8 4 6 2 5 25 1 3 7
8 12 14 10 13 11 9 15 23 21 18 20 17 19 22 16 24 26 4 6 2 5 25 1 3 7
18 20 17 19 22 16 24 26 21 23 15 9 11 13 10 14 12 8 4 6 2 5 25 1 3 7
10 13 11 9 15 23 21 18 20 17 19 22 16 24 26 14 12 8 4 6 2 5 25 1 3 7
13 11 9 15 23 21 18 20 17 19 22 16 24 26 10 14 12 8 4 6 2 5 25 1 3 7
21 18 20 17 19 22 16 24 26 23 15 9 11 13 10 14 12 8 4 6 2 5 25 1 3 7
2 6 4 8 12 14 10 13 11 9 15 23 21 18 20 17 19 22 16 24 26 5 25 1 3 7
6 4 8 12 14 10 13 11 9 15 23 21 18 20 17 19 22 16 24 26 2 5 25 1 3 7
25 5 2 6 4 8 12 14 10 13 11 9 15 23 21 18 20 17 19 22 16 24 26 1 3 7
1 25 5 2 6 4 8 12 14 10 13 11 9 15 23 21 18 20 17 19 22 16 24 26 3 7
3 1 25 5 2 6 4 8 12 14 10 13 11 9 15 23 21 18 20 17 19 22 16 24 26 7
4 8 12 14 10 13 11 9 15 23 21 18 20 17 19 22 16 24 26 6 2 5 25 1 3 7
24 26 16 22 19 17 20 18 21 23 15 9 11 13 10 14 12 8 4 6 2 5 7 3 1 25
7 3 1 25 2 6 4 8 13 11 14 10 12 9 15 23 21 18 20 17 19 22 16 24 26 5
18 20 17 19 22 16 24 26 21 23 15 9 11 13 10 14 12 8 4 6 2 5 7 3 1 25
16 24 26 18 20 22 19 17 21 23 15 11 13 9 14 10 12 8 4 6 2 5 25 7 3 1
17 19 22 20 18 16 24 26 21 23 15 11 13 9 14 10 12 8 4 6 2 5 25 7 3 1
19 22 20 18 16 24 26 17 21 23 15 11 13 9 14 10 12 8 4 6 2 5 25 7 3 1
9 13 11 15 23 21 17 19 22 20 18 16 24 26 14 10 12 8 4 6 2 5 25 7 3 1
2 6 4 8 12 10 14 9 13 11 15 23 21 17 19 22 20 18 16 24 26 5 25 7 3 1
21 17 19 22 20 18 16 24 26 23 15 11 13 9 14 10 12 8 4 6 2 5 25 7 3 1
1 3 7 25 5 2 6 4 8 12 10 14 9 13 11 15 23 21 17 19 22 20 18 16 24 26
25 5 2 6 4 8 12 10 14 9 13 11 15 23 21 17 19 22 20 18 16 24 26 7 3 1
22 20 18 16 24 26 19 17 21 23 15 11 13 9 14 10 12 8 4 6 2 5 25 7 3 1
6 4 8 12 10 14 9 13 11 15 23 21 17 19 22 20 18 16 24 26 2 5 25 7 3 1
7 25 5 2 6 4 8 12 10 14 9 13 11 15 23 21 17 19 22 20 18 16 24 26 3 1
3 7 25 5 2 6 4 8 12 10 14 9 13 11 15 23 21 17 19 22 20 18 16 24 26 1
18 16 24 26 20 22 19 17 21 23 15 11 13 9 14 10 12 8 4 6 2 5 25 7 3 1
12 10 14 9 13 11 15 23 21 17 19 22 20 18 16 24 26 8 4 6 2 5 25 7 3 1
4 8 12 10 14 9 13 11 15 23 21 17 19 22 20 18 16 24 26 6 2 5 25 7 3 1
8 12 10 14 9 13 11 15 23 21 17 19 22 20 18 16 24 26 4 6 2 5 25 7 3 1
24 26 16 18 20 22 19 17 21 23 15 11 13 9 14 10 12 8 4 6 2 5 25 7 3 1
25 5 3 7 2 6 4 8 12 14 10 13 11 9 15 20 23 21 18 22 17 19 16 24 26 1
5 3 7 2 6 4 8 10 14 12 9 13 11 15 23 21 18 20 17 19 22 16 24 26 1 25
5 3 7 2 6 4 8 10 14 12 9 13 11 15 20 18 16 23 21 19 22 17 24 26 1 25
25 5 3 7 2 6 4 8 10 14 12 9 13 11 15 20 18 16 23 21 19 22 17 24 26 1
25 5 3 7 2 6 4 8 12 14 10 13 11 9 15 18 16 20 23 21 17 19 22 24 26 1
25 5 3 7 2 6 4 8 12 14 10 13 11 9 15 23 21 18 22 20 17 19 16 24 26 1
25 5 3 7 2 6 4 8 12 9 14 11 13 10 15 20 18 16 23 21 19 22 17 24 26 1
5 3 7 2 6 4 8 12 10 14 9 13 11 15 23 21 18 20 22 16 19 17 24 26 1 25
25 5 3 7 2 6 4 8 12 10 14 9 13 11 15 18 16 20 23 21 17 19 22 24 26 1
25 5 3 7 2 6 4 8 13 11 14 10 12 9 15 20 18 16 23 21 19 22 17 24 26 1
25 5 3 7 2 6 4 8 13 11 14 10 12 9 15 20 23 21 18 22 17 19 16 24 26 1
25 5 3 7 2 6 4 8 13 11 14 10 12 9 15 18 16 20 23 21 17 19 22 24 26 1
25 5 3 7 2 6 4 8 14 11 13 9 12 10 15 18 16 20 23 21 17 19 22 24 26 1
25 5 3 7 2 6 4 8 14 11 13 10 12 9 15 20 23 21 18 22 17 19 16 24 26 1
25 5 3 7 2 6 4 8 14 11 13 10 12 9 15 20 18 16 23 21 19 22 17 24 26 1
25 5 3 7 2 6 4 8 14 11 13 10 12 9 15 17 23 21 19 16 22 18 20 24 26 1
25 5 3 7 2 6 4 8 13 11 14 10 12 9 15 23 21 18 22 20 17 19 16 24 26 1
25 5 3 7 2 6 4 8 14 11 13 9 12 10 15 23 21 18 22 20 17 19 16 24 26 1
25 5 3 7 2 6 4 8 14 11 13 10 12 9 15 18 16 20 23 21 17 19 22 24 26 1
25 5 3 7 2 6 4 8 14 12 10 13 11 9 15 20 23 21 18 22 17 19 16 24 26 1
25 5 3 7 2 6 4 8 14 12 10 13 11 9 15 20 18 16 23 21 19 22 17 24 26 1
25 5 3 7 2 6 4 8 14 12 10 13 11 9 15 17 23 21 19 16 22 18 20 24 26 1
25 5 3 7 2 6 4 8 14 12 10 13 11 9 15 18 16 20 23 21 17 19 22 24 26 1
25 5 3 7 2 6 4 8 14 11 13 10 12 9 15 23 21 18 22 20 17 19 16 24 26 1
5 3 7 4 2 6 8 10 14 12 9 13 11 15 20 18 16 23 21 19 22 17 24 26 1 25
25 5 3 7 2 6 4 8 14 12 10 13 11 9 15 23 21 18 22 20 17 19 16 24 26 1
5 3 7 4 2 6 8 10 14 12 9 13 11 15 23 21 17 22 20 18 16 19 24 26 1 25
5 3 7 4 2 6 8 10 14 12 9 13 11 15 23 21 18 20 22 16 19 17 24 26 1 25
5 3 7 4 2 6 8 10 14 12 9 13 11 15 23 21 18 20 17 19 22 16 24 26 1 25
5 3 7 4 2 6 8 10 14 12 9 13 11 15 18 16 23 21 19 22 20 17 24 26 1 25
5 3 7 4 2 6 8 10 14 12 9 13 11 15 23 21 18 16 19 22 20 17 24 26 1 25
5 3 7 4 2 6 8 10 14 12 9 13 11 15 23 21 18 22 20 17 19 16 24 26 1 25
5 3 7 4 2 6 8 12 10 14 9 13 11 15 23 21 18 20 22 16 19 17 24 26 1 25
5 7 3 6 4 2 8 10 14 12 9 13 11 15 18 23 21 16 20 17 22 19 24 26 1 25
5 7 3 6 4 2 8 10 14 12 9 13 11 15 20 23 21 17 19 16 22 18 24 26 1 25
5 7 3 6 4 2 8 10 14 12 9 13 11 15 20 17 23 21 19 16 22 18 24 26 1 25
5 7 3 6 4 2 8 10 14 12 9 13 11 15 23 21 18 20 22 16 19 17 24 26 1 25
5 7 3 6 4 2 8 10 14 12 9 13 11 15 23 21 18 20 17 19 22 16 24 26 1 25
5 7 3 6 4 2 8 10 14 12 9 13 11 15 23 21 17 20 18 22 19 16 24 26 1 25
25 5 7 3 6 4 2 8 10 14 12 9 13 11 15 23 21 17 20 18 22 19 16 24 26 1
25 5 7 3 6 4 2 8 10 14 12 9 13 11 15 18 16 20 23 21 17 19 22 24 26 1
25 5 7 3 6 4 2 8 10 14 12 9 13 11 15 20 18 16 23 21 19 22 17 24 26 1
5 7 3 6 4 2 8 10 14 12 9 13 11 15 17 23 21 19 16 20 22 18 24 26 1 25
25 5 7 3 6 4 2 8 10 14 12 9 13 11 15 20 23 21 18 22 17 19 16 24 26 1
5 7 3 6 4 2 8 10 14 12 9 13 11 15 20 18 23 21 16 19 22 17 24 26 1 25
5 7 3 6 4 2 8 11 14 10 13 9 12 15 18 23 21 16 20 17 22 19 24 26 1 25
5 7 3 6 4 2 8 11 14 10 13 9 12 15 20 17 23 21 19 16 22 18 24 26 1 25
5 7 3 6 4 2 8 11 14 10 13 9 12 15 23 21 18 20 17 19 22 16 24 26 1 25
5 7 3 6 4 2 8 11 14 10 13 9 12 15 23 21 18 22 16 19 17 20 24 26 1 25
5 7 3 6 4 2 8 11 14 10 13 9 12 15 23 21 18 20 22 16 19 17 24 26 1 25
5 7 3 6 4 2 8 10 14 12 9 13 11 15 18 16 23 21 19 22 20 17 24 26 1 25
25 5 7 3 6 4 2 8 10 14 12 9 13 11 15 18 16 23 21 19 22 20 17 24 26 1
25 5 7 3 6 4 2 8 12 10 14 9 13 11 15 18 16 20 23 21 17 19 22 24 26 1
5 7 3 6 4 2 8 10 14 12 9 13 11 15 23 21 18 22 20 17 19 16 24 26 1 25
25 5 7 3 6 4 2 8 10 14 12 9 13 11 15 23 21 18 22 20 17 19 16 24 26 1
5 7 3 6 4 2 8 10 14 12 9 13 11 15 18 23 21 16 22 20 17 19 24 26 1 25
25 5 7 3 6 4 2 8 10 14 12 9 13 11 15 18 23 21 16 22 20 17 19 24 26 1
5 7 3 6 4 2 8 10 14 12 9 13 11 15 23 21 17 22 20 18 16 19 24 26 1 25
25 5 7 3 6 4 2 8 10 14 12 9 13 11 15 17 23 21 19 22 20 18 16 24 26 1
25 5 7 3 6 4 2 8 12 14 10 13 11 9 15 20 23 21 18 22 17 19 16 24 26 1
5 7 3 6 4 2 8 11 14 10 13 9 12 15 23 21 18 22 20 17 19 16 24 26 1 25
5 7 3 6 4 2 8 11 14 10 13 9 12 15 20 18 16 23 21 19 22 17 24 26 1 25
5 7 3 6 4 2 8 11 14 10 13 9 12 15 23 21 17 20 18 22 19 16 24 26 1 25
5 7 3 6 4 2 8 11 14 10 13 9 12 15 17 23 21 19 16 20 22 18 24 26 1 25
25 5 7 3 6 4 2 8 12 14 10 13 11 9 15 18 16 20 23 21 17 19 22 24 26 1
25 5 7 3 6 4 2 8 13 11 14 10 12 9 15 18 16 20 23 21 17 19 22 24 26 1
25 5 7 3 6 4 2 8 14 11 13 9 12 10 15 18 16 20 23 21 17 19 22 24 26 1
25 5 7 3 6 4 2 8 13 11 14 10 12 9 15 20 23 21 18 22 17 19 16 24 26 1
25 5 7 3 6 4 2 8 12 14 10 13 11 9 15 23 21 18 22 20 17 19 16 24 26 1
25 5 7 3 6 4 2 8 14 11 13 9 12 10 15 20 23 21 18 22 17 19 16 24 26 1
25 5 7 3 6 4 2 8 13 11 14 10 12 9 15 23 21 18 22 20 17 19 16 24 26 1
25 5 7 3 6 4 2 8 14 11 13 9 12 10 15 18 16 23 21 19 22 20 17 24 26 1
25 5 7 3 6 4 2 8 14 11 13 10 12 9 15 18 16 20 23 21 17 19 22 24 26 1
25 5 7 3 6 4 2 8 14 11 13 9 12 10 15 23 21 18 22 20 17 19 16 24 26 1
25 5 7 3 6 4 2 8 13 11 14 10 12 9 15 17 23 21 19 22 20 18 16 24 26 1
25 5 7 3 6 4 2 8 14 11 13 10 12 9 15 20 23 21 18 22 17 19 16 24 26 1
25 5 7 3 6 4 2 8 14 11 13 10 12 9 15 23 21 17 20 18 22 19 16 24 26 1
25 5 7 3 6 4 2 8 14 11 13 10 12 9 15 17 23 21 19 16 22 18 20 24 26 1
25 5 7 3 6 4 2 8 14 11 13 10 12 9 15 17 23 21 19 16 20 22 18 24 26 1
25 5 7 3 6 4 2 8 14 11 13 10 12 9 15 20 18 16 23 21 19 22 17 24 26 1
25 5 7 3 6 4 2 8 14 11 13 9 12 10 15 17 23 21 19 22 20 18 16 24 26 1
25 5 7 3 6 4 2 8 14 11 13 10 12 9 15 23 21 18 22 20 17 19 16 24 26 1
25 5 7 3 6 4 2 8 14 11 13 10 12 9 15 17 23 21 19 16 22 20 18 24 26 1
25 5 7 3 6 4 2 8 14 12 10 13 11 9 15 20 23 21 18 22 17 19 16 24 26 1
25 5 7 3 6 4 2 8 14 12 10 13 11 9 15 23 21 17 20 18 22 19 16 24 26 1
25 5 7 3 6 4 2 8 14 12 10 13 11 9 15 20 18 16 23 21 19 22 17 24 26 1
25 5 7 3 6 4 2 8 14 12 10 13 11 9 15 18 16 20 23 21 17 19 22 24 26 1
25 5 7 3 6 4 2 8 14 12 10 13 11 9 15 17 23 21 19 16 22 18 20 24 26 1
25 5 7 3 6 4 2 8 14 12 10 13 11 9 15 17 23 21 19 16 20 22 18 24 26 1
25 5 7 3 6 4 2 8 14 12 10 13 9 11 15 17 23 21 19 22 20 18 16 24 26 1
25 5 7 3 6 4 2 8 14 12 10 13 11 9 15 23 21 18 22 20 17 19 16 24 26 1
25 5 7 3 6 4 2 8 14 12 10 13 11 9 15 17 23 21 19 16 22 20 18 24 26 1
25 6 3 5 2 7 4 8 10 14 12 9 13 11 15 20 23 21 18 22 17 19 16 24 26 1
25 6 3 5 2 7 4 8 12 9 14 11 13 10 15 20 23 21 18 22 17 19 16 24 26 1
25 6 3 5 2 7 4 8 10 14 12 9 13 11 15 17 23 21 19 22 20 18 16 24 26 1
25 6 3 5 2 7 4 8 12 9 14 11 13 10 15 17 23 21 19 22 20 18 16 24 26 1
25 6 3 5 2 7 4 8 14 11 13 10 12 9 15 20 23 21 18 22 17 19 16 24 26 1
25 6 3 5 2 7 4 8 14 11 13 9 12 10 15 17 23 21 19 22 20 18 16 24 26 1
25 6 3 5 2 7 4 8 14 12 10 13 9 11 15 17 23 21 19 22 20 18 16 24 26 1
25 6 3 5 2 7 4 8 14 12 10 13 11 9 15 20 23 21 18 22 17 19 16 24 26 1
6 4 7 3 5 2 8 10 14 12 9 13 11 15 18 23 21 16 20 17 22 19 24 26 1 25
6 4 7 3 5 2 8 10 14 12 9 13 11 15 20 23 21 17 19 16 22 18 24 26 1 25
6 4 2 7 5 3 8 10 14 12 9 13 11 15 23 21 18 20 17 19 22 16 24 26 1 25
6 4 7 3 5 2 8 10 14 12 9 13 11 15 20 17 23 21 19 16 22 18 24 26 1 25
6 4 7 3 5 2 8 10 14 12 9 13 11 15 23 21 18 20 22 16 19 17 24 26 1 25
25 6 4 7 3 5 2 8 10 14 12 9 13 11 15 18 16 20 23 21 17 19 22 24 26 1
25 6 4 7 3 5 2 8 10 14 12 9 13 11 15 20 23 21 18 22 17 19 16 24 26 1
6 4 7 3 5 2 8 10 14 12 9 13 11 15 20 18 23 21 16 19 22 17 24 26 1 25
25 6 4 7 3 5 2 8 10 14 12 9 13 11 15 23 21 18 22 20 17 19 16 24 26 1
6 4 7 3 5 2 8 10 14 12 9 13 11 15 18 23 21 16 22 20 17 19 24 26 1 25
6 4 7 3 5 2 8 10 14 12 9 13 11 15 18 16 23 21 19 22 20 17 24 26 1 25
25 6 4 7 3 5 2 8 10 14 12 9 13 11 15 17 23 21 19 22 20 18 16 24 26 1
6 4 7 3 5 2 8 11 14 10 13 9 12 15 23 21 18 22 20 17 19 16 24 26 1 25
25 6 4 7 3 5 2 8 12 9 14 11 13 10 15 18 16 20 23 21 17 19 22 24 26 1
25 6 4 7 3 5 2 8 13 11 14 10 12 9 15 18 16 20 23 21 17 19 22 24 26 1
25 6 4 7 3 5 2 8 14 11 13 9 12 10 15 17 23 21 19 22 20 18 16 24 26 1
25 6 4 7 3 5 2 8 14 11 13 9 12 10 15 18 16 23 21 19 22 20 17 24 26 1
25 6 4 7 3 5 2 8 14 11 13 10 12 9 15 20 23 21 18 22 17 19 16 24 26 1
25 6 4 7 3 5 2 8 14 11 13 10 12 9 15 20 18 16 23 21 19 22 17 24 26 1
25 6 4 7 3 5 2 8 14 11 13 10 12 9 15 17 23 21 19 16 20 22 18 24 26 1
25 6 4 7 3 5 2 8 14 12 10 13 11 9 15 20 23 21 18 22 17 19 16 24 26 1
25 6 4 7 3 5 2 8 14 11 13 10 12 9 15 23 21 18 22 20 17 19 16 24 26 1
25 7 4 6 2 5 3 8 12 14 10 13 11 9 15 20 18 16 23 21 19 22 17 24 26 1
25 7 4 6 2 5 3 8 12 14 10 13 11 9 15 20 23 21 18 22 17 19 16 24 26 1
25 7 4 6 2 5 3 8 12 9 14 11 13 10 15 18 16 20 23 21 17 19 22 24 26 1
25 6 4 7 3 5 2 8 14 12 10 13 11 9 15 23 21 18 22 20 17 19 16 24 26 1
25 7 4 6 2 5 3 8 12 9 14 11 13 10 15 20 18 16 23 21 19 22 17 24 26 1
25 7 4 6 2 5 3 8 12 9 14 11 13 10 15 20 23 21 18 22 17 19 16 24 26 1
25 7 4 6 2 5 3 8 12 9 14 11 13 10 15 23 21 18 22 20 17 19 16 24 26 1
25 7 4 6 2 5 3 8 12 9 14 11 13 10 15 18 16 23 21 19 22 20 17 24 26 1
7 4 6 2 5 3 8 12 10 14 9 13 11 15 23 21 18 20 22 16 19 17 24 26 1 25
25 7 4 6 2 5 3 8 12 10 14 9 13 11 15 18 16 20 23 21 17 19 22 24 26 1
25 7 4 6 2 5 3 8 12 14 10 13 11 9 15 18 16 20 23 21 17 19 22 24 26 1
25 7 4 6 2 5 3 8 12 9 14 11 13 10 15 17 23 21 19 22 20 18 16 24 26 1
25 7 4 6 2 5 3 8 13 11 14 10 12 9 15 20 18 16 23 21 19 22 17 24 26 1
25 7 4 6 2 5 3 8 13 11 14 10 12 9 15 20 23 21 18 22 17 19 16 24 26 1
25 7 4 6 2 5 3 8 13 11 14 10 12 9 15 18 16 20 23 21 17 19 22 24 26 1
25 7 4 6 2 5 3 8 12 14 10 13 11 9 15 23 21 18 22 20 17 19 16 24 26 1
25 7 4 6 2 5 3 8 13 11 9 14 12 10 15 20 23 21 18 22 17 19 16 24 26 1
25 7 4 6 2 5 3 8 13 11 9 14 12 10 15 20 18 16 23 21 19 22 17 24 26 1
25 7 4 6 2 5 3 8 13 11 14 10 12 9 15 17 23 21 19 22 20 18 16 24 26 1
25 7 4 6 2 5 3 8 14 11 13 9 12 10 15 18 16 20 23 21 17 19 22 24 26 1
25 7 4 6 2 5 3 8 13 11 9 14 12 10 15 17 23 21 19 16 22 18 20 24 26 1
25 7 4 6 2 5 3 8 13 11 14 10 12 9 15 18 16 23 21 19 22 20 17 24 26 1
25 7 4 6 2 5 3 8 13 11 14 10 12 9 15 23 21 18 22 20 17 19 16 24 26 1
25 7 4 6 2 5 3 8 13 11 9 14 12 10 15 18 16 20 23 21 17 19 22 24 26 1
25 7 4 6 2 5 3 8 14 11 13 9 12 10 15 20 23 21 18 22 17 19 16 24 26 1
25 7 4 6 2 5 3 8 14 11 13 9 12 10 15 18 16 23 21 19 22 20 17 24 26 1
25 7 4 6 2 5 3 8 14 11 13 9 12 10 15 23 21 18 22 20 17 19 16 24 26 1
25 7 4 6 2 5 3 8 14 11 13 10 12 9 15 18 16 20 23 21 17 19 22 24 26 1
25 7 4 6 2 5 3 8 13 11 9 14 12 10 15 23 21 18 22 20 17 19 16 24 26 1
25 7 4 6 2 5 3 8 14 11 13 10 12 9 15 17 23 21 19 22 18 20 24 16 26 1
25 7 4 6 2 5 3 8 14 11 13 9 12 10 15 17 23 21 19 22 20 18 16 24 26 1
25 7 4 6 2 5 3 8 14 11 13 10 12 9 15 20 23 21 18 22 17 19 16 24 26 1
25 7 4 6 2 5 3 8 14 11 13 10 12 9 15 20 18 16 23 21 19 22 17 24 26 1
25 7 4 6 2 5 3 8 14 11 13 10 12 9 15 23 21 18 22 20 17 19 16 24 26 1
25 7 4 6 2 5 3 8 14 11 13 10 12 9 15 17 23 21 19 16 22 18 20 24 26 1
25 7 4 6 2 5 3 8 14 12 10 13 11 9 15 17 23 21 19 22 18 20 24 16 26 1
25 7 4 6 2 5 3 8 14 12 10 13 9 11 15 17 23 21 19 22 20 18 16 24 26 1
25 7 4 6 2 5 3 8 14 12 10 13 11 9 15 20 23 21 18 22 17 19 16 24 26 1
25 7 4 6 2 5 3 8 14 12 10 13 11 9 15 20 18 16 23 21 19 22 17 24 26 1
25 7 4 6 2 5 3 8 14 12 10 13 11 9 15 17 23 21 19 16 22 18 20 24 26 1
25 7 4 6 2 5 3 8 14 12 10 13 11 9 15 18 16 20 23 21 17 19 22 24 26 1
7 4 6 3 5 2 8 10 14 12 9 13 11 15 23 21 18 20 17 19 22 16 24 26 1 25
25 7 4 6 2 5 3 8 14 12 10 13 11 9 15 23 21 18 22 20 17 19 16 24 26 1
25 7 4 6 3 5 2 8 10 14 12 9 13 11 15 20 18 16 23 21 19 22 17 24 26 1
7 4 6 3 5 2 8 10 14 12 9 13 11 15 20 18 16 23 21 19 22 17 24 26 1 25
25 7 4 6 3 5 2 8 13 11 14 10 12 9 15 18 16 20 23 21 17 19 22 24 26 1
7 4 6 3 5 2 8 12 10 14 9 13 11 15 23 21 18 20 22 16 19 17 24 26 1 25
25 7 4 6 3 5 2 8 13 11 14 10 12 9 15 20 18 16 23 21 19 22 17 24 26 1
25 7 4 6 3 5 2 8 13 11 14 10 12 9 15 20 23 21 18 22 17 19 16 24 26 1
25 7 4 6 3 5 2 8 12 10 14 9 13 11 15 18 16 20 23 21 17 19 22 24 26 1
25 7 4 6 3 5 2 8 13 11 14 10 12 9 15 23 21 18 22 20 17 19 16 24 26 1
25 7 4 6 3 5 2 8 12 14 10 13 11 9 15 18 16 20 23 21 17 19 22 24 26 1
25 7 4 6 3 5 2 8 12 14 10 13 11 9 15 20 23 21 18 22 17 19 16 24 26 1
25 7 4 6 3 5 2 8 14 11 13 9 12 10 15 20 23 21 18 22 17 19 16 24 26 1
25 7 4 6 3 5 2 8 12 14 10 13 11 9 15 23 21 18 22 20 17 19 16 24 26 1
25 7 4 6 3 5 2 8 14 11 13 9 12 10 15 18 16 20 23 21 17 19 22 24 26 1
25 7 4 6 3 5 2 8 14 11 13 10 12 9 15 18 16 20 23 21 17 19 22 24 26 1
25 7 4 6 3 5 2 8 14 11 13 10 12 9 15 23 21 17 20 18 22 19 16 24 26 1
25 7 4 6 3 5 2 8 14 11 13 10 12 9 15 20 23 21 18 22 17 19 16 24 26 1
25 7 4 6 3 5 2 8 14 11 13 10 12 9 15 20 18 16 23 21 19 22 17 24 26 1
25 7 4 6 3 5 2 8 14 11 13 10 12 9 15 17 23 21 19 16 22 18 20 24 26 1
25 7 4 6 3 5 2 8 14 11 13 10 12 9 15 17 23 21 19 16 20 22 18 24 26 1
25 7 4 6 3 5 2 8 14 11 13 9 12 10 15 23 21 18 22 20 17 19 16 24 26 1
25 7 4 6 3 5 2 8 14 11 13 10 12 9 15 23 21 18 22 20 17 19 16 24 26 1
25 7 4 6 3 5 2 8 14 12 10 13 11 9 15 20 23 21 18 22 17 19 16 24 26 1
25 7 4 6 3 5 2 8 14 12 10 13 11 9 15 23 21 17 20 18 22 19 16 24 26 1
25 7 4 6 3 5 2 8 14 12 10 13 11 9 15 20 18 16 23 21 19 22 17 24 26 1
25 7 4 6 3 5 2 8 14 11 13 10 12 9 15 17 23 21 19 16 22 20 18 24 26 1
25 7 4 6 3 5 2 8 14 12 10 13 11 9 15 17 23 21 19 16 22 18 20 24 26 1
25 7 4 6 3 5 2 8 14 12 10 13 11 9 15 17 23 21 19 16 20 22 18 24 26 1
25 7 4 6 3 5 2 8 14 12 10 13 11 9 15 18 16 20 23 21 17 19 22 24 26 1
25 7 5 3 6 2 4 8 12 9 14 11 13 10 15 18 16 20 23 21 17 19 22 24 26 1
7 5 3 6 2 4 8 10 14 12 9 13 11 15 20 18 16 23 21 19 22 17 24 26 1 25
25 7 5 3 6 2 4 8 10 14 12 9 13 11 15 20 18 16 23 21 19 22 17 24 26 1
25 7 5 3 6 2 4 8 10 14 12 9 13 11 15 20 23 21 18 22 17 19 16 24 26 1
25 7 4 6 3 5 2 8 14 12 10 13 11 9 15 17 23 21 19 16 22 20 18 24 26 1
25 7 4 6 3 5 2 8 14 12 10 13 11 9 15 23 21 18 22 20 17 19 16 24 26 1
7 5 3 6 2 4 8 10 14 12 9 13 11 15 23 21 18 20 22 16 19 17 24 26 1 25
7 5 3 6 2 4 8 10 14 12 9 13 11 15 23 21 18 20 17 19 22 16 24 26 1 25
25 7 5 3 6 2 4 8 12 9 14 11 13 10 15 18 16 23 21 19 22 20 17 24 26 1
25 7 5 3 6 2 4 8 12 9 14 11 13 10 15 23 21 18 22 20 17 19 16 24 26 1
25 7 5 3 6 2 4 8 12 9 14 11 13 10 15 20 18 16 23 21 19 22 17 24 26 1
25 7 5 3 6 2 4 8 10 14 12 9 13 11 15 18 16 20 23 21 17 19 22 24 26 1
25 7 5 3 6 2 4 8 12 9 14 11 13 10 15 20 23 21 18 22 17 19 16 24 26 1
25 7 5 3 6 2 4 8 10 14 12 9 13 11 15 17 23 21 19 22 20 18 16 24 26 1
7 5 3 6 2 4 8 10 14 12 9 13 11 15 23 21 17 22 20 18 16 19 24 26 1 25
25 7 5 3 6 2 4 8 10 14 12 9 13 11 15 23 21 18 22 20 17 19 16 24 26 1
7 5 3 6 2 4 8 10 14 12 9 13 11 15 23 21 18 22 20 17 19 16 24 26 1 25
25 7 5 3 6 2 4 8 10 14 12 9 13 11 15 18 16 23 21 19 22 20 17 24 26 1
7 5 3 6 2 4 8 10 14 12 9 13 11 15 18 16 23 21 19 22 20 17 24 26 1 25
25 7 5 3 6 2 4 8 12 10 14 9 13 11 15 18 16 20 23 21 17 19 22 24 26 1
7 5 3 6 2 4 8 12 10 14 9 13 11 15 23 21 18 20 22 16 19 17 24 26 1 25
25 7 5 3 6 2 4 8 12 14 10 13 11 9 15 18 16 20 23 21 17 19 22 24 26 1
25 7 5 3 6 2 4 8 12 9 14 11 13 10 15 17 23 21 19 22 20 18 16 24 26 1
25 7 5 3 6 2 4 8 12 14 10 13 11 9 15 20 18 16 23 21 19 22 17 24 26 1
25 7 5 3 6 2 4 8 12 14 10 13 11 9 15 20 23 21 18 22 17 19 16 24 26 1
25 7 5 3 6 2 4 8 13 11 14 10 12 9 15 20 18 16 23 21 19 22 17 24 26 1
25 7 5 3 6 2 4 8 13 11 14 10 12 9 15 20 23 21 18 22 17 19 16 24 26 1
25 7 5 3 6 2 4 8 13 11 14 10 12 9 15 18 16 20 23 21 17 19 22 24 26 1
25 7 5 3 6 2 4 8 12 14 10 13 11 9 15 23 21 18 22 20 17 19 16 24 26 1
7 5 3 6 2 4 8 13 11 9 14 12 10 15 23 21 18 20 22 16 19 17 24 26 1 25
25 7 5 3 6 2 4 8 13 11 9 14 12 10 15 18 16 20 23 21 17 19 22 24 26 1
25 7 5 3 6 2 4 8 13 11 14 10 12 9 15 17 23 21 19 22 20 18 16 24 26 1
25 7 5 3 6 2 4 8 13 11 9 14 12 10 15 20 23 21 18 22 17 19 16 24 26 1
25 7 5 3 6 2 4 8 13 11 9 14 12 10 15 20 18 16 23 21 19 22 17 24 26 1
25 7 5 3 6 2 4 8 13 11 14 10 12 9 15 23 21 18 22 20 17 19 16 24 26 1
25 7 5 3 6 2 4 8 13 11 14 10 12 9 15 18 16 23 21 19 22 20 17 24 26 1
25 7 5 3 6 2 4 8 13 11 9 14 12 10 15 17 23 21 19 16 22 18 20 24 26 1
25 7 5 3 6 2 4 8 14 11 13 9 12 10 15 18 16 20 23 21 17 19 22 24 26 1
25 7 5 3 6 2 4 8 14 11 13 9 12 10 15 20 18 16 23 21 19 22 17 24 26 1
25 7 5 3 6 2 4 8 14 11 13 9 12 10 15 20 23 21 18 22 17 19 16 24 26 1
25 7 5 3 6 2 4 8 14 11 13 9 12 10 15 17 23 21 19 16 22 18 20 24 26 1
25 7 5 3 6 2 4 8 13 11 9 14 12 10 15 23 21 18 22 20 17 19 16 24 26 1
25 7 5 3 6 2 4 8 14 11 13 10 12 9 15 20 23 21 18 22 17 19 16 24 26 1
25 7 5 3 6 2 4 8 14 11 13 9 12 10 15 18 16 23 21 19 22 20 17 24 26 1
25 7 5 3 6 2 4 8 14 11 13 9 12 10 15 23 21 18 22 20 17 19 16 24 26 1
25 7 5 3 6 2 4 8 14 11 13 10 12 9 15 17 23 21 19 22 18 20 24 16 26 1
25 7 5 3 6 2 4 8 14 11 13 10 12 9 15 20 18 16 23 21 19 22 17 24 26 1
25 7 5 3 6 2 4 8 14 11 13 10 12 9 15 17 23 21 19 16 22 18 20 24 26 1
25 7 5 3 6 2 4 8 14 11 13 9 12 10 15 17 23 21 19 22 20 18 16 24 26 1
25 7 5 3 6 2 4 8 14 11 13 10 12 9 15 18 16 20 23 21 17 19 22 24 26 1
25 7 5 3 6 2 4 8 14 12 10 13 11 9 15 17 23 21 19 22 18 20 24 16 26 1
25 7 5 3 6 2 4 8 14 12 10 13 9 11 15 17 23 21 19 22 20 18 16 24 26 1
25 7 5 3 6 2 4 8 14 12 10 13 11 9 15 18 16 20 23 21 17 19 22 24 26 1
25 7 5 3 6 2 4 8 14 12 10 13 11 9 15 20 23 21 18 22 17 19 16 24 26 1
25 7 5 3 6 2 4 8 14 11 13 10 12 9 15 23 21 18 22 20 17 19 16 24 26 1
7 5 3 6 4 2 8 10 14 12 9 13 11 15 20 18 16 23 21 19 22 17 24 26 1 25
25 7 5 3 6 4 2 8 10 14 12 9 13 11 15 20 18 16 23 21 19 22 17 24 26 1
25 7 5 3 6 2 4 8 14 12 10 13 11 9 15 17 23 21 19 16 22 18 20 24 26 1
25 7 5 3 6 2 4 8 14 12 10 13 11 9 15 20 18 16 23 21 19 22 17 24 26 1
25 7 5 3 6 2 4 8 14 12 10 13 11 9 15 23 21 18 22 20 17 19 16 24 26 1
7 5 3 6 4 2 8 10 14 12 9 13 11 15 23 21 18 20 17 19 22 16 24 26 1 25
25 7 5 3 6 4 2 8 12 9 14 11 13 10 15 20 18 16 23 21 19 22 17 24 26 1
25 7 5 3 6 4 2 8 13 11 14 10 12 9 15 20 23 21 18 22 17 19 16 24 26 1
25 7 5 3 6 4 2 8 13 11 14 10 12 9 15 20 18 16 23 21 19 22 17 24 26 1
7 5 3 6 4 2 8 12 10 14 9 13 11 15 23 21 18 20 22 16 19 17 24 26 1 25
25 7 5 3 6 4 2 8 12 10 14 9 13 11 15 18 16 20 23 21 17 19 22 24 26 1
25 7 5 3 6 4 2 8 12 14 10 13 11 9 15 18 16 20 23 21 17 19 22 24 26 1
25 7 5 3 6 4 2 8 13 11 14 10 12 9 15 18 16 20 23 21 17 19 22 24 26 1
25 7 5 3 6 4 2 8 14 11 13 9 12 10 15 20 23 21 18 22 17 19 16 24 26 1
25 7 5 3 6 4 2 8 14 11 13 10 12 9 15 20 23 21 18 22 17 19 16 24 26 1
25 7 5 3 6 4 2 8 14 11 13 10 12 9 15 17 23 21 19 22 18 20 24 16 26 1
25 7 5 3 6 4 2 8 14 11 13 9 12 10 15 18 16 20 23 21 17 19 22 24 26 1
25 7 5 3 6 4 2 8 14 11 13 10 12 9 15 20 18 16 23 21 19 22 17 24 26 1
25 7 5 3 6 4 2 8 13 11 14 10 12 9 15 23 21 18 22 20 17 19 16 24 26 1
25 7 5 3 6 4 2 8 14 11 13 10 12 9 15 17 23 21 19 16 22 18 20 24 26 1
25 7 5 3 6 4 2 8 14 11 13 10 12 9 15 18 16 20 23 21 17 19 22 24 26 1
25 7 5 3 6 4 2 8 14 11 13 9 12 10 15 23 21 18 22 20 17 19 16 24 26 1
25 7 5 3 6 4 2 8 14 12 10 13 11 9 15 17 23 21 19 22 18 20 24 16 26 1
25 7 5 3 6 4 2 8 14 11 13 10 12 9 15 23 21 18 22 20 17 19 16 24 26 1
25 7 5 3 6 4 2 8 14 12 10 13 11 9 15 17 23 21 19 16 22 18 20 24 26 1
25 7 5 3 6 4 2 8 14 12 10 13 11 9 15 20 18 16 23 21 19 22 17 24 26 1
25 7 5 3 6 4 2 8 14 12 10 13 11 9 15 18 16 20 23 21 17 19 22 24 26 1
25 7 5 3 6 4 2 8 14 12 10 13 11 9 15 20 23 21 18 22 17 19 16 24 26 1
25 7 5 3 6 4 2 8 14 12 10 13 11 9 15 23 21 18 22 20 17 19 16 24 26 1
5 2 7 4 6 1 8 10 14 12 9 13 11 15 23 21 18 20 17 19 22 16 24 26 3 25
5 2 7 4 6 1 8 10 14 12 9 13 11 15 18 16 23 21 19 22 20 17 24 26 3 25
25 6 1 4 7 2 5 8 10 14 12 9 13 11 15 18 16 20 23 21 17 19 22 24 26 3
25 6 1 4 7 2 5 8 10 14 12 9 13 11 15 20 23 21 18 22 17 19 16 24 26 3
25 2 7 4 1 6 3 8 10 14 12 9 13 11 15 20 23 21 18 22 17 19 16 24 26 5
25 2 7 4 1 6 3 8 14 11 13 10 12 9 15 20 23 21 18 22 17 19 16 24 26 5
25 2 7 4 1 6 3 8 14 11 13 10 12 9 15 23 21 18 22 20 17 19 16 24 26 5
25 2 7 4 1 6 3 8 14 12 10 13 11 9 15 20 23 21 18 22 17 19 16 24 26 5
25 2 7 4 1 6 3 8 14 12 10 13 11 9 15 18 16 20 23 21 17 19 22 24 26 5
25 7 3 1 6 2 4 8 14 11 13 10 12 9 15 20 23 21 18 22 17 19 16 24 26 5
25 7 3 1 6 2 4 8 14 12 10 13 11 9 15 20 23 21 18 22 17 19 16 24 26 5
