12 10 13 9 11 15 20 17 23 14 8 3 6 4 7 2 22 18 16 19 21 1 5 25 | 5 1 21 19 16 18 22 2 7 4 6 3 8 14 12 10 13 9 11 15 20 17 24
6 3 8 14 12 10 13 9 11 15 20 17 23 4 7 2 22 18 16 19 21 1 5 25 | 5 1 21 19 16 18 22 2 7 4 6 3 8 14 12 10 13 9 11 15 20 17 24
21 19 16 18 22 2 7 4 6 3 8 14 12 10 13 9 11 15 20 17 23 1 5 25 | 5 1 21 19 16 18 22 2 7 4 6 3 8 14 12 10 13 9 11 15 20 17 24
12 10 13 9 11 15 23 14 8 2 5 1 7 3 22 19 16 18 20 17 21 4 6 25 | 6 4 21 17 20 18 16 19 22 3 7 1 5 2 8 14 12 10 13 9 11 15 24
17 20 18 16 19 22 3 7 1 5 2 8 14 12 10 13 9 11 15 23 21 4 6 25 | 6 4 21 17 20 18 16 19 22 3 7 1 5 2 8 14 12 10 13 9 11 15 24
18 16 19 22 3 7 1 5 2 8 14 12 10 13 9 11 15 23 20 17 21 4 6 25 | 6 4 21 17 20 18 16 19 22 3 7 1 5 2 8 14 12 10 13 9 11 15 24
1 4 7 2 5 21 19 17 20 22 18 16 23 6 3 8 14 12 10 13 11 9 15 25 | 15 9 11 13 10 12 14 8 3 6 1 4 7 2 5 21 19 17 20 22 18 16 24
10 12 14 8 3 6 1 4 7 2 5 21 19 17 20 22 18 16 23 13 11 9 15 25 | 15 9 11 13 10 12 14 8 3 6 1 4 7 2 5 21 19 17 20 22 18 16 24
17 20 22 18 16 23 19 21 5 2 7 4 1 6 3 8 14 12 10 13 11 9 15 25 | 15 9 11 13 10 12 14 8 3 6 1 4 7 2 5 21 19 17 20 22 18 16 24
3 6 1 4 7 2 5 21 19 17 20 22 18 16 23 8 14 12 10 13 11 9 15 25 | 15 9 11 13 10 12 14 8 3 6 1 4 7 2 5 21 19 17 20 22 18 16 24
20 22 18 16 23 17 19 21 5 2 7 4 1 6 3 8 14 12 10 13 11 9 15 25 | 15 9 11 13 10 12 14 8 3 6 1 4 7 2 5 21 19 17 20 22 18 16 24
7 2 5 21 19 17 20 22 18 16 23 4 1 6 3 8 14 12 10 13 11 9 15 25 | 15 9 11 13 10 12 14 8 3 6 1 4 7 2 5 21 19 17 20 22 18 16 24
14 8 3 6 1 4 7 2 5 21 19 17 20 22 18 16 23 12 10 13 11 9 15 25 | 15 9 11 13 10 12 14 8 3 6 1 4 7 2 5 21 19 17 20 22 18 16 24
22 18 16 23 20 17 19 21 5 2 7 4 1 6 3 8 14 12 10 13 11 9 15 25 | 15 9 11 13 10 12 14 8 3 6 1 4 7 2 5 21 19 17 20 22 18 16 24
1 6 3 23 4 7 2 5 21 8 12 14 10 13 11 9 15 17 20 18 22 19 16 25 | 16 19 22 18 20 17 15 9 11 13 10 14 12 8 21 5 2 7 4 1 6 3 24
5 2 7 4 1 6 3 23 21 8 12 14 10 13 11 9 15 17 20 18 22 19 16 25 | 16 19 22 18 20 17 15 9 11 13 10 14 12 8 21 5 2 7 4 1 6 3 24
20 17 15 9 11 13 10 14 12 8 21 5 2 7 4 1 6 3 23 18 22 19 16 25 | 16 19 22 18 20 17 15 9 11 13 10 14 12 8 21 5 2 7 4 1 6 3 24
21 5 2 7 4 1 6 3 23 8 12 14 10 13 11 9 15 17 20 18 22 19 16 25 | 16 19 22 18 20 17 15 9 11 13 10 14 12 8 21 5 2 7 4 1 6 3 24
15 9 11 13 10 14 12 8 21 5 2 7 4 1 6 3 23 17 20 18 22 19 16 25 | 16 19 22 18 20 17 15 9 11 13 10 14 12 8 21 5 2 7 4 1 6 3 24
1 4 7 2 5 21 17 19 16 18 22 20 23 6 3 8 12 10 14 9 13 11 15 25 | 15 11 13 9 14 10 12 8 3 6 1 4 7 2 5 21 17 19 16 18 22 20 24
12 8 3 6 1 4 7 2 5 21 17 19 16 18 22 20 23 10 14 9 13 11 15 25 | 15 11 13 9 14 10 12 8 3 6 1 4 7 2 5 21 17 19 16 18 22 20 24
17 19 16 18 22 20 23 21 5 2 7 4 1 6 3 8 12 10 14 9 13 11 15 25 | 15 11 13 9 14 10 12 8 3 6 1 4 7 2 5 21 17 19 16 18 22 20 24
22 20 23 18 16 19 17 21 5 2 7 4 1 6 3 8 12 10 14 9 13 11 15 25 | 15 11 13 9 14 10 12 8 3 6 1 4 7 2 5 21 17 19 16 18 22 20 24
19 16 18 22 20 23 17 21 5 2 7 4 1 6 3 8 12 10 14 9 13 11 15 25 | 15 11 13 9 14 10 12 8 3 6 1 4 7 2 5 21 17 19 16 18 22 20 24
3 6 1 4 7 2 5 21 17 19 16 18 22 20 23 8 12 10 14 9 13 11 15 25 | 15 11 13 9 14 10 12 8 3 6 1 4 7 2 5 21 17 19 16 18 22 20 24
19 16 22 21 23 17 20 18 15 12 9 13 10 14 11 8 2 5 3 7 4 6 1 25 | 1 6 4 7 3 5 2 8 11 14 10 13 9 12 15 18 20 17 19 16 22 21 24
15 17 19 23 9 12 10 13 11 14 8 3 6 4 7 2 5 1 21 16 22 20 18 25 | 18 20 22 16 21 1 5 2 7 4 6 3 8 14 11 13 10 12 9 15 17 19 24
20 22 16 21 1 5 2 7 4 6 3 8 14 11 13 10 12 9 15 17 19 23 18 25 | 18 20 22 16 21 1 5 2 7 4 6 3 8 14 11 13 10 12 9 15 17 19 24
17 19 23 15 9 12 10 13 11 14 8 3 6 4 7 2 5 1 21 16 22 20 18 25 | 18 20 22 16 21 1 5 2 7 4 6 3 8 14 11 13 10 12 9 15 17 19 24
1 21 17 22 16 19 23 6 3 5 2 7 4 8 14 12 10 13 11 9 15 20 18 25 | 18 20 15 9 11 13 10 12 14 8 4 7 2 5 3 6 1 21 17 22 16 19 24
20 15 9 11 13 10 12 14 8 4 7 2 5 3 6 1 21 17 22 16 19 23 18 25 | 18 20 15 9 11 13 10 12 14 8 4 7 2 5 3 6 1 21 17 22 16 19 24
5 3 6 1 21 17 22 16 19 23 2 7 4 8 14 12 10 13 11 9 15 20 18 25 | 18 20 15 9 11 13 10 12 14 8 4 7 2 5 3 6 1 21 17 22 16 19 24
17 22 16 19 23 21 1 6 3 5 2 7 4 8 14 12 10 13 11 9 15 20 18 25 | 18 20 15 9 11 13 10 12 14 8 4 7 2 5 3 6 1 21 17 22 16 19 24
22 16 19 23 17 21 1 6 3 5 2 7 4 8 14 12 10 13 11 9 15 20 18 25 | 18 20 15 9 11 13 10 12 14 8 4 7 2 5 3 6 1 21 17 22 16 19 24
21 17 22 16 19 23 1 6 3 5 2 7 4 8 14 12 10 13 11 9 15 20 18 25 | 18 20 15 9 11 13 10 12 14 8 4 7 2 5 3 6 1 21 17 22 16 19 24
13 11 9 15 17 20 18 16 19 22 12 14 8 4 2 6 1 3 7 5 21 23 10 25 | 10 13 11 9 15 17 20 18 16 19 22 12 14 8 4 2 6 1 3 7 5 21 24
1 6 2 4 8 14 12 10 13 9 11 15 17 19 16 18 20 22 7 21 5 23 3 25 | 3 1 6 2 4 8 14 12 10 13 9 11 15 17 19 16 18 20 22 7 21 5 24
22 7 21 5 23 20 18 16 19 17 15 11 9 13 10 12 14 8 4 2 6 1 3 25 | 3 1 6 2 4 8 14 12 10 13 9 11 15 17 19 16 18 20 22 7 21 5 24
4 8 14 12 10 13 9 11 15 17 19 16 18 20 22 7 21 5 23 2 6 1 3 25 | 3 1 6 2 4 8 14 12 10 13 9 11 15 17 19 16 18 20 22 7 21 5 24
1 21 16 18 22 20 17 19 23 5 7 3 6 4 2 8 12 14 10 13 11 9 15 25 | 15 9 11 13 10 14 12 8 2 4 6 3 7 5 1 21 16 18 22 20 17 19 24
19 23 17 20 22 18 16 21 1 5 7 3 6 4 2 8 12 14 10 13 11 9 15 25 | 15 9 11 13 10 14 12 8 2 4 6 3 7 5 1 21 16 18 22 20 17 19 24
18 22 20 17 19 23 16 21 1 5 7 3 6 4 2 8 12 14 10 13 11 9 15 25 | 15 9 11 13 10 14 12 8 2 4 6 3 7 5 1 21 16 18 22 20 17 19 24
21 16 18 22 20 17 19 23 1 5 7 3 6 4 2 8 12 14 10 13 11 9 15 25 | 15 9 11 13 10 14 12 8 2 4 6 3 7 5 1 21 16 18 22 20 17 19 24
8 14 12 10 13 9 11 15 23 4 6 2 5 22 19 17 20 16 18 21 7 3 1 25 | 1 3 7 21 18 16 20 17 19 22 5 2 6 4 8 14 12 10 13 9 11 15 24
11 15 18 20 17 23 13 9 14 10 12 8 4 2 5 7 3 6 1 21 19 22 16 25 | 16 22 19 21 1 6 3 7 5 2 4 8 12 10 14 9 13 11 15 18 20 17 24
20 17 23 18 15 11 13 9 14 10 12 8 4 2 5 7 3 6 1 21 19 22 16 25 | 16 22 19 21 1 6 3 7 5 2 4 8 12 10 14 9 13 11 15 18 20 17 24
14 9 13 11 15 18 20 17 23 10 12 8 4 2 5 7 3 6 1 21 19 22 16 25 | 16 22 19 21 1 6 3 7 5 2 4 8 12 10 14 9 13 11 15 18 20 17 24
13 11 15 18 20 17 23 9 14 10 12 8 4 2 5 7 3 6 1 21 19 22 16 25 | 16 22 19 21 1 6 3 7 5 2 4 8 12 10 14 9 13 11 15 18 20 17 24
22 19 21 1 6 3 7 5 2 4 8 12 10 14 9 13 11 15 18 20 17 23 16 25 | 16 22 19 21 1 6 3 7 5 2 4 8 12 10 14 9 13 11 15 18 20 17 24
21 1 6 3 7 5 2 4 8 12 10 14 9 13 11 15 18 20 17 23 19 22 16 25 | 16 22 19 21 1 6 3 7 5 2 4 8 12 10 14 9 13 11 15 18 20 17 24
12 10 13 11 14 8 21 3 6 1 4 7 2 5 23 9 15 17 22 20 18 16 19 25 | 19 16 18 20 22 17 15 9 12 10 13 11 14 8 21 3 6 1 4 7 2 5 24
22 17 15 9 12 10 13 11 14 8 21 3 6 1 4 7 2 5 23 20 18 16 19 25 | 19 16 18 20 22 17 15 9 12 10 13 11 14 8 21 3 6 1 4 7 2 5 24
5 23 2 7 4 1 6 3 21 8 14 11 13 10 12 9 15 17 22 20 18 16 19 25 | 19 16 18 20 22 17 15 9 12 10 13 11 14 8 21 3 6 1 4 7 2 5 24
3 6 1 4 7 2 5 23 21 8 14 11 13 10 12 9 15 17 22 20 18 16 19 25 | 19 16 18 20 22 17 15 9 12 10 13 11 14 8 21 3 6 1 4 7 2 5 24
21 3 6 1 4 7 2 5 23 8 14 11 13 10 12 9 15 17 22 20 18 16 19 25 | 19 16 18 20 22 17 15 9 12 10 13 11 14 8 21 3 6 1 4 7 2 5 24
1 21 19 17 22 2 6 8 13 11 9 14 12 10 15 20 18 16 23 5 3 7 4 25 | 4 7 3 5 1 21 19 17 22 2 6 8 13 11 9 14 12 10 15 20 18 16 24
21 19 17 22 2 6 8 13 11 9 14 12 10 15 20 18 16 23 1 5 3 7 4 25 | 4 7 3 5 1 21 19 17 22 2 6 8 13 11 9 14 12 10 15 20 18 16 24
3 5 1 21 19 17 22 2 6 8 13 11 9 14 12 10 15 20 18 16 23 7 4 25 | 4 7 3 5 1 21 19 17 22 2 6 8 13 11 9 14 12 10 15 20 18 16 24
1 21 16 18 20 22 4 2 6 8 13 11 14 10 12 9 15 17 19 23 5 3 7 25 | 7 3 5 1 21 16 18 20 22 4 2 6 8 13 11 14 10 12 9 15 17 19 24
5 1 21 16 18 20 22 4 2 6 8 13 11 14 10 12 9 15 17 19 23 3 7 25 | 7 3 5 1 21 16 18 20 22 4 2 6 8 13 11 14 10 12 9 15 17 19 24
18 16 19 17 20 22 5 7 3 6 4 2 8 12 10 14 9 13 11 15 23 21 1 25 | 1 21 18 16 19 17 20 22 5 7 3 6 4 2 8 12 10 14 9 13 11 15 24
1 21 19 16 20 18 22 17 23 5 3 7 4 2 6 8 12 10 14 9 13 11 15 25 | 15 11 13 9 14 10 12 8 6 2 4 7 3 5 1 21 19 16 20 18 22 17 24
16 20 18 22 17 23 19 21 1 5 3 7 4 2 6 8 12 10 14 9 13 11 15 25 | 15 11 13 9 14 10 12 8 6 2 4 7 3 5 1 21 19 16 20 18 22 17 24
21 19 16 20 18 22 17 23 1 5 3 7 4 2 6 8 12 10 14 9 13 11 15 25 | 15 11 13 9 14 10 12 8 6 2 4 7 3 5 1 21 19 16 20 18 22 17 24
20 18 22 17 23 16 19 21 1 5 3 7 4 2 6 8 12 10 14 9 13 11 15 25 | 15 11 13 9 14 10 12 8 6 2 4 7 3 5 1 21 19 16 20 18 22 17 24
22 17 23 18 20 16 19 21 1 5 3 7 4 2 6 8 12 10 14 9 13 11 15 25 | 15 11 13 9 14 10 12 8 6 2 4 7 3 5 1 21 19 16 20 18 22 17 24
19 17 21 1 6 4 7 3 5 2 8 10 14 12 9 13 11 15 23 16 22 20 18 25 | 18 20 22 16 19 17 21 1 6 4 7 3 5 2 8 10 14 12 9 13 11 15 24
8 10 14 12 9 13 11 15 23 2 5 3 7 4 6 1 21 17 19 16 22 20 18 25 | 18 20 22 16 19 17 21 1 6 4 7 3 5 2 8 10 14 12 9 13 11 15 24
3 5 2 8 10 14 12 9 13 11 15 23 7 4 6 1 21 17 19 16 22 20 18 25 | 18 20 22 16 19 17 21 1 6 4 7 3 5 2 8 10 14 12 9 13 11 15 24
22 16 19 17 21 1 6 4 7 3 5 2 8 10 14 12 9 13 11 15 23 20 18 25 | 18 20 22 16 19 17 21 1 6 4 7 3 5 2 8 10 14 12 9 13 11 15 24
1 21 23 7 5 3 6 4 2 8 13 11 14 10 12 9 15 20 22 18 16 19 17 25 | 17 19 16 18 22 20 15 9 12 10 14 11 13 8 2 4 6 3 5 7 1 21 24
4 6 3 5 7 1 21 23 2 8 13 11 14 10 12 9 15 20 22 18 16 19 17 25 | 17 19 16 18 22 20 15 9 12 10 14 11 13 8 2 4 6 3 5 7 1 21 24
21 23 1 7 5 3 6 4 2 8 13 11 14 10 12 9 15 20 22 18 16 19 17 25 | 17 19 16 18 22 20 15 9 12 10 14 11 13 8 2 4 6 3 5 7 1 21 24
16 18 22 20 15 9 12 10 14 11 13 8 2 4 6 3 5 7 1 21 23 19 17 25 | 17 19 16 18 22 20 15 9 12 10 14 11 13 8 2 4 6 3 5 7 1 21 24
21 17 19 16 18 20 22 2 6 8 13 11 9 14 12 10 15 23 1 5 3 7 4 25 | 4 7 3 5 1 21 17 19 16 18 20 22 2 6 8 13 11 9 14 12 10 15 24
18 23 20 17 15 11 13 9 12 14 10 8 2 5 3 7 4 6 1 21 16 22 19 25 | 19 22 16 21 1 6 4 7 3 5 2 8 10 14 12 9 13 11 15 17 20 18 24
12 9 13 11 15 17 20 18 23 14 10 8 2 5 3 7 4 6 1 21 16 22 19 25 | 19 22 16 21 1 6 4 7 3 5 2 8 10 14 12 9 13 11 15 17 20 18 24
21 1 6 4 7 3 5 2 8 10 14 12 9 13 11 15 17 20 18 23 16 22 19 25 | 19 22 16 21 1 6 4 7 3 5 2 8 10 14 12 9 13 11 15 17 20 18 24
1 6 3 7 5 2 4 8 12 14 10 13 11 9 15 20 23 22 18 16 19 17 21 25 | 21 17 19 16 18 22 1 6 3 7 5 2 4 8 12 14 10 13 11 9 15 20 24
22 1 6 3 7 5 2 4 8 12 14 10 13 11 9 15 20 23 18 16 19 17 21 25 | 21 17 19 16 18 22 1 6 3 7 5 2 4 8 12 14 10 13 11 9 15 20 24
18 22 1 6 3 7 5 2 4 8 12 14 10 13 11 9 15 20 23 16 19 17 21 25 | 21 17 19 16 18 22 1 6 3 7 5 2 4 8 12 14 10 13 11 9 15 20 24
19 16 18 22 1 6 3 7 5 2 4 8 12 14 10 13 11 9 15 20 23 17 21 25 | 21 17 19 16 18 22 1 6 3 7 5 2 4 8 12 14 10 13 11 9 15 20 24
1 7 3 6 4 21 19 17 22 16 23 5 2 8 14 12 10 13 11 9 15 20 18 25 | 18 20 15 9 11 13 10 12 14 8 2 5 1 7 3 6 4 21 19 17 22 16 24
17 22 16 23 19 21 4 6 3 7 1 5 2 8 14 12 10 13 11 9 15 20 18 25 | 18 20 15 9 11 13 10 12 14 8 2 5 1 7 3 6 4 21 19 17 22 16 24
20 15 9 11 13 10 12 14 8 2 5 1 7 3 6 4 21 19 17 22 16 23 18 25 | 18 20 15 9 11 13 10 12 14 8 2 5 1 7 3 6 4 21 19 17 22 16 24
19 17 22 16 23 21 4 6 3 7 1 5 2 8 14 12 10 13 11 9 15 20 18 25 | 18 20 15 9 11 13 10 12 14 8 2 5 1 7 3 6 4 21 19 17 22 16 24
21 19 17 22 16 23 4 6 3 7 1 5 2 8 14 12 10 13 11 9 15 20 18 25 | 18 20 15 9 11 13 10 12 14 8 2 5 1 7 3 6 4 21 19 17 22 16 24
22 16 23 17 19 21 4 6 3 7 1 5 2 8 14 12 10 13 11 9 15 20 18 25 | 18 20 15 9 11 13 10 12 14 8 2 5 1 7 3 6 4 21 19 17 22 16 24
1 13 3 15 17 23 4 10 7 9 5 8 6 11 22 18 20 16 19 21 12 2 14 25 | 14 2 12 21 19 16 20 18 22 11 6 8 5 9 7 10 4 1 13 3 15 17 24
12 21 19 16 20 18 22 11 6 8 5 9 7 10 4 1 13 3 15 17 23 2 14 25 | 14 2 12 21 19 16 20 18 22 11 6 8 5 9 7 10 4 1 13 3 15 17 24
21 19 16 20 18 22 11 6 8 5 9 7 10 4 1 13 3 15 17 23 12 2 14 25 | 14 2 12 21 19 16 20 18 22 11 6 8 5 9 7 10 4 1 13 3 15 17 24
16 20 18 22 11 6 8 5 9 7 10 4 1 13 3 15 17 23 19 21 12 2 14 25 | 14 2 12 21 19 16 20 18 22 11 6 8 5 9 7 10 4 1 13 3 15 17 24
1 23 7 4 6 2 5 3 8 11 22 17 19 16 18 20 15 13 10 14 9 12 21 25 | 21 12 9 14 10 13 15 20 18 16 19 17 22 11 8 3 5 2 6 4 7 1 24
12 9 14 10 13 15 20 18 16 19 17 22 11 8 3 5 2 6 4 7 1 23 21 25 | 21 12 9 14 10 13 15 20 18 16 19 17 22 11 8 3 5 2 6 4 7 1 24
20 18 22 21 23 16 19 17 15 9 11 13 10 12 14 8 4 6 2 7 3 5 1 25 | 1 5 3 7 2 6 4 8 14 12 10 13 11 9 15 17 19 16 20 18 22 21 24
1 21 17 22 2 6 4 8 13 11 14 10 12 9 15 20 18 16 19 23 3 7 5 25 | 5 7 3 1 21 17 22 2 6 4 8 13 11 14 10 12 9 15 20 18 16 19 24
15 20 18 16 19 23 9 12 10 14 11 13 8 4 6 2 22 17 21 1 3 7 5 25 | 5 7 3 1 21 17 22 2 6 4 8 13 11 14 10 12 9 15 20 18 16 19 24
6 1 3 7 5 21 18 16 19 17 22 4 8 14 11 13 10 12 9 15 20 23 2 25 | 2 6 1 3 7 5 21 18 16 19 17 22 4 8 14 11 13 10 12 9 15 20 24
19 16 18 15 3 13 22 20 1 4 9 6 10 8 5 7 11 14 2 12 21 23 17 25 | 17 19 16 18 15 3 13 22 20 1 4 9 6 10 8 5 7 11 14 2 12 21 24
1 21 23 7 4 6 3 5 2 8 10 14 20 18 16 19 17 15 11 22 12 9 13 25 | 13 9 12 22 11 15 17 19 16 18 20 14 10 8 2 5 3 6 4 7 1 21 24
14 10 8 2 5 3 6 4 7 1 21 23 20 18 16 19 17 15 11 22 12 9 13 25 | 13 9 12 22 11 15 17 19 16 18 20 14 10 8 2 5 3 6 4 7 1 21 24
21 23 1 7 4 6 3 5 2 8 10 14 20 18 16 19 17 15 11 22 12 9 13 25 | 13 9 12 22 11 15 17 19 16 18 20 14 10 8 2 5 3 6 4 7 1 21 24
1 6 3 21 23 20 18 16 19 17 15 10 12 9 13 11 14 8 5 2 22 4 7 25 | 7 4 22 2 5 8 14 11 13 9 12 10 15 17 19 16 18 20 1 6 3 21 24
19 16 18 20 1 6 3 21 23 17 15 10 12 9 13 11 14 8 5 2 22 4 7 25 | 7 4 22 2 5 8 14 11 13 9 12 10 15 17 19 16 18 20 1 6 3 21 24
1 21 23 5 3 7 4 2 6 8 13 11 9 14 12 10 15 22 20 18 16 19 17 25 | 17 19 16 18 20 22 15 10 12 14 9 11 13 8 6 2 4 7 3 5 1 21 24
16 18 20 22 15 10 12 14 9 11 13 8 6 2 4 7 3 5 1 21 23 19 17 25 | 17 19 16 18 20 22 15 10 12 14 9 11 13 8 6 2 4 7 3 5 1 21 24
22 15 10 12 14 9 11 13 8 6 2 4 7 3 5 1 21 23 20 18 16 19 17 25 | 17 19 16 18 20 22 15 10 12 14 9 11 13 8 6 2 4 7 3 5 1 21 24
4 7 3 5 1 21 23 2 6 8 13 11 9 14 12 10 15 22 20 18 16 19 17 25 | 17 19 16 18 20 22 15 10 12 14 9 11 13 8 6 2 4 7 3 5 1 21 24
19 16 18 20 22 15 10 12 14 9 11 13 8 6 2 4 7 3 5 1 21 23 17 25 | 17 19 16 18 20 22 15 10 12 14 9 11 13 8 6 2 4 7 3 5 1 21 24
20 22 15 10 12 14 9 11 13 8 6 2 4 7 3 5 1 21 23 18 16 19 17 25 | 17 19 16 18 20 22 15 10 12 14 9 11 13 8 6 2 4 7 3 5 1 21 24
12 23 14 10 4 1 7 3 5 8 2 6 9 13 11 21 15 18 20 17 22 16 19 25 | 19 16 22 17 20 18 15 21 11 13 9 6 2 8 5 3 7 1 4 10 14 12 24
18 15 21 11 13 9 6 2 8 5 3 7 1 4 10 14 12 23 20 17 22 16 19 25 | 19 16 22 17 20 18 15 21 11 13 9 6 2 8 5 3 7 1 4 10 14 12 24
11 13 9 6 2 8 5 3 7 1 4 10 14 12 23 21 15 18 20 17 22 16 19 25 | 19 16 22 17 20 18 15 21 11 13 9 6 2 8 5 3 7 1 4 10 14 12 24
20 18 15 21 11 13 9 6 2 8 5 3 7 1 4 10 14 12 23 17 22 16 19 25 | 19 16 22 17 20 18 15 21 11 13 9 6 2 8 5 3 7 1 4 10 14 12 24
9 6 2 8 5 3 7 1 4 10 14 12 23 13 11 21 15 18 20 17 22 16 19 25 | 19 16 22 17 20 18 15 21 11 13 9 6 2 8 5 3 7 1 4 10 14 12 24
1 21 16 22 20 17 19 23 5 3 7 2 6 4 8 12 10 14 9 13 11 15 18 25 | 18 15 11 13 9 14 10 12 8 4 6 2 7 3 5 1 21 16 22 20 17 19 24
21 16 22 20 17 19 23 1 5 3 7 2 6 4 8 12 10 14 9 13 11 15 18 25 | 18 15 11 13 9 14 10 12 8 4 6 2 7 3 5 1 21 16 22 20 17 19 24
15 11 13 9 14 10 12 8 4 6 2 7 3 5 1 21 16 22 20 17 19 23 18 25 | 18 15 11 13 9 14 10 12 8 4 6 2 7 3 5 1 21 16 22 20 17 19 24
19 23 17 20 22 16 21 1 5 3 7 2 6 4 8 12 10 14 9 13 11 15 18 25 | 18 15 11 13 9 14 10 12 8 4 6 2 7 3 5 1 21 16 22 20 17 19 24
1 21 16 20 18 22 2 8 10 14 12 9 13 11 15 17 19 23 7 4 6 3 5 25 | 5 3 6 4 7 1 21 16 20 18 22 2 8 10 14 12 9 13 11 15 17 19 24
1 21 16 20 18 22 19 23 7 4 6 3 5 2 8 14 11 13 9 12 10 15 17 25 | 17 15 10 12 9 13 11 14 8 2 5 3 6 4 7 1 21 16 20 18 22 19 24
13 11 14 8 2 5 3 6 4 7 1 21 16 20 18 22 19 23 9 12 10 15 17 25 | 17 15 10 12 9 13 11 14 8 2 5 3 6 4 7 1 21 16 20 18 22 19 24
22 19 23 18 20 16 21 1 7 4 6 3 5 2 8 14 11 13 9 12 10 15 17 25 | 17 15 10 12 9 13 11 14 8 2 5 3 6 4 7 1 21 16 20 18 22 19 24
5 3 6 4 7 1 21 16 20 18 22 19 23 2 8 14 11 13 9 12 10 15 17 25 | 17 15 10 12 9 13 11 14 8 2 5 3 6 4 7 1 21 16 20 18 22 19 24
9 13 11 14 8 2 5 3 6 4 7 1 21 16 20 18 22 19 23 12 10 15 17 25 | 17 15 10 12 9 13 11 14 8 2 5 3 6 4 7 1 21 16 20 18 22 19 24
8 2 5 3 6 4 7 1 21 16 20 18 22 19 23 14 11 13 9 12 10 15 17 25 | 17 15 10 12 9 13 11 14 8 2 5 3 6 4 7 1 21 16 20 18 22 19 24
1 21 16 19 22 18 23 6 3 7 5 2 4 8 14 12 10 13 11 9 15 17 20 25 | 20 17 15 9 11 13 10 12 14 8 4 2 5 7 3 6 1 21 16 19 22 18 24
16 19 22 18 23 21 1 6 3 7 5 2 4 8 14 12 10 13 11 9 15 17 20 25 | 20 17 15 9 11 13 10 12 14 8 4 2 5 7 3 6 1 21 16 19 22 18 24
22 18 23 19 16 21 1 6 3 7 5 2 4 8 14 12 10 13 11 9 15 17 20 25 | 20 17 15 9 11 13 10 12 14 8 4 2 5 7 3 6 1 21 16 19 22 18 24
17 15 9 11 13 10 12 14 8 4 2 5 7 3 6 1 21 16 19 22 18 23 20 25 | 20 17 15 9 11 13 10 12 14 8 4 2 5 7 3 6 1 21 16 19 22 18 24
1 3 7 21 18 22 19 16 20 23 5 2 6 4 8 12 10 14 9 13 11 15 17 25 | 17 15 11 13 9 14 10 12 8 4 6 2 5 1 3 7 21 18 22 19 16 20 24
18 22 19 16 20 23 21 7 3 1 5 2 6 4 8 12 10 14 9 13 11 15 17 25 | 17 15 11 13 9 14 10 12 8 4 6 2 5 1 3 7 21 18 22 19 16 20 24
15 11 13 9 14 10 12 8 4 6 2 5 1 3 7 21 18 22 19 16 20 23 17 25 | 17 15 11 13 9 14 10 12 8 4 6 2 5 1 3 7 21 18 22 19 16 20 24
1 21 19 22 2 7 4 6 3 8 13 11 14 10 12 9 15 18 16 20 17 23 5 25 | 5 1 21 19 22 2 7 4 6 3 8 13 11 14 10 12 9 15 18 16 20 17 24
15 18 16 20 17 23 9 12 10 14 11 13 8 3 6 4 7 2 22 19 21 1 5 25 | 5 1 21 19 22 2 7 4 6 3 8 13 11 14 10 12 9 15 18 16 20 17 24
10 12 9 15 18 16 20 17 23 14 11 13 8 3 6 4 7 2 22 19 21 1 5 25 | 5 1 21 19 22 2 7 4 6 3 8 13 11 14 10 12 9 15 18 16 20 17 24
14 10 12 9 15 18 16 20 17 23 11 13 8 3 6 4 7 2 22 19 21 1 5 25 | 5 1 21 19 22 2 7 4 6 3 8 13 11 14 10 12 9 15 18 16 20 17 24
1 21 23 5 3 7 2 6 4 8 14 12 10 13 11 22 19 16 18 20 17 15 9 25 | 9 15 17 20 18 16 19 22 11 13 10 12 14 8 4 6 2 7 3 5 1 21 24
12 14 8 4 6 2 7 3 5 1 21 23 10 13 11 22 19 16 18 20 17 15 9 25 | 9 15 17 20 18 16 19 22 11 13 10 12 14 8 4 6 2 7 3 5 1 21 24
1 6 3 21 23 4 7 2 5 8 14 11 13 9 12 10 15 18 20 17 22 16 19 25 | 19 16 22 17 20 18 15 10 12 9 13 11 14 8 5 2 7 4 1 6 3 21 24
7 4 1 6 3 21 23 2 5 8 14 11 13 9 12 10 15 18 20 17 22 16 19 25 | 19 16 22 17 20 18 15 10 12 9 13 11 14 8 5 2 7 4 1 6 3 21 24
18 15 10 12 9 13 11 14 8 5 2 7 4 1 6 3 21 23 20 17 22 16 19 25 | 19 16 22 17 20 18 15 10 12 9 13 11 14 8 5 2 7 4 1 6 3 21 24
22 17 20 18 15 10 12 9 13 11 14 8 5 2 7 4 1 6 3 21 23 16 19 25 | 19 16 22 17 20 18 15 10 12 9 13 11 14 8 5 2 7 4 1 6 3 21 24
5 2 7 4 1 6 3 21 23 8 14 11 13 9 12 10 15 18 20 17 22 16 19 25 | 19 16 22 17 20 18 15 10 12 9 13 11 14 8 5 2 7 4 1 6 3 21 24
21 23 3 6 1 4 7 2 5 8 14 11 13 9 12 10 15 18 20 17 22 16 19 25 | 19 16 22 17 20 18 15 10 12 9 13 11 14 8 5 2 7 4 1 6 3 21 24
3 21 23 6 1 4 7 2 5 8 14 11 13 9 12 10 15 18 20 17 22 16 19 25 | 19 16 22 17 20 18 15 10 12 9 13 11 14 8 5 2 7 4 1 6 3 21 24
7 3 23 21 1 22 4 8 13 11 14 10 12 9 15 18 16 19 17 20 6 2 5 25 | 5 2 6 20 17 19 16 18 15 9 12 10 14 11 13 8 4 22 1 21 7 3 24
1 21 17 19 16 18 20 22 2 8 10 14 12 9 13 11 15 23 6 4 7 3 5 25 | 5 3 7 4 6 1 21 17 19 16 18 20 22 2 8 10 14 12 9 13 11 15 24
21 17 19 16 18 20 22 2 8 10 14 12 9 13 11 15 23 1 6 4 7 3 5 25 | 5 3 7 4 6 1 21 17 19 16 18 20 22 2 8 10 14 12 9 13 11 15 24
1 13 3 8 5 11 6 9 4 7 10 12 2 14 21 16 22 19 23 15 18 20 17 25 | 17 20 18 15 1 13 3 8 5 11 6 9 4 7 10 12 2 14 21 16 22 19 24
22 19 23 16 21 14 2 12 10 7 4 9 6 11 5 8 3 13 1 15 18 20 17 25 | 17 20 18 15 1 13 3 8 5 11 6 9 4 7 10 12 2 14 21 16 22 19 24
16 22 19 23 21 14 2 12 10 7 4 9 6 11 5 8 3 13 1 15 18 20 17 25 | 17 20 18 15 1 13 3 8 5 11 6 9 4 7 10 12 2 14 21 16 22 19 24
3 8 5 11 6 9 4 7 10 12 2 14 21 16 22 19 23 13 1 15 18 20 17 25 | 17 20 18 15 1 13 3 8 5 11 6 9 4 7 10 12 2 14 21 16 22 19 24
18 15 1 13 3 8 5 11 6 9 4 7 10 12 2 14 21 16 22 19 23 20 17 25 | 17 20 18 15 1 13 3 8 5 11 6 9 4 7 10 12 2 14 21 16 22 19 24
1 21 23 5 3 7 2 6 4 8 14 11 13 9 12 10 15 20 22 17 19 16 18 25 | 18 16 19 17 22 20 15 10 12 9 13 11 14 8 4 6 2 7 3 5 1 21 24
22 20 15 10 12 9 13 11 14 8 4 6 2 7 3 5 1 21 23 17 19 16 18 25 | 18 16 19 17 22 20 15 10 12 9 13 11 14 8 4 6 2 7 3 5 1 21 24
19 17 22 20 15 10 12 9 13 11 14 8 4 6 2 7 3 5 1 21 23 16 18 25 | 18 16 19 17 22 20 15 10 12 9 13 11 14 8 4 6 2 7 3 5 1 21 24
15 10 12 9 13 11 14 8 4 6 2 7 3 5 1 21 23 20 22 17 19 16 18 25 | 18 16 19 17 22 20 15 10 12 9 13 11 14 8 4 6 2 7 3 5 1 21 24
4 7 1 21 19 16 20 18 22 5 3 8 14 12 10 13 9 11 15 17 23 6 2 25 | 2 6 4 7 1 21 19 16 20 18 22 5 3 8 14 12 10 13 9 11 15 17 24
15 3 13 22 20 17 23 18 16 19 21 12 2 14 11 5 8 6 10 7 9 4 1 25 | 1 4 9 7 10 6 8 5 11 14 2 12 21 19 16 18 15 3 13 22 20 17 24
6 8 5 11 14 2 12 21 19 16 18 15 3 13 22 20 17 23 10 7 9 4 1 25 | 1 4 9 7 10 6 8 5 11 14 2 12 21 19 16 18 15 3 13 22 20 17 24
1 5 2 8 12 10 14 9 13 11 15 18 16 23 7 3 6 4 22 20 17 19 21 25 | 21 19 17 20 22 4 6 3 7 1 5 2 8 12 10 14 9 13 11 15 18 16 24
17 20 22 4 6 3 7 1 5 2 8 12 10 14 9 13 11 15 18 16 23 19 21 25 | 21 19 17 20 22 4 6 3 7 1 5 2 8 12 10 14 9 13 11 15 18 16 24
9 13 11 15 18 16 23 14 10 12 8 2 5 1 7 3 6 4 22 20 17 19 21 25 | 21 19 17 20 22 4 6 3 7 1 5 2 8 12 10 14 9 13 11 15 18 16 24
16 23 18 15 11 13 9 14 10 12 8 2 5 1 7 3 6 4 22 20 17 19 21 25 | 21 19 17 20 22 4 6 3 7 1 5 2 8 12 10 14 9 13 11 15 18 16 24
6 3 7 1 5 2 8 12 10 14 9 13 11 15 18 16 23 4 22 20 17 19 21 25 | 21 19 17 20 22 4 6 3 7 1 5 2 8 12 10 14 9 13 11 15 18 16 24
19 17 20 22 4 6 3 7 1 5 2 8 12 10 14 9 13 11 15 18 16 23 21 25 | 21 19 17 20 22 4 6 3 7 1 5 2 8 12 10 14 9 13 11 15 18 16 24
4 6 3 7 1 5 2 8 12 10 14 9 13 11 15 18 16 23 22 20 17 19 21 25 | 21 19 17 20 22 4 6 3 7 1 5 2 8 12 10 14 9 13 11 15 18 16 24
20 22 4 6 3 7 1 5 2 8 12 10 14 9 13 11 15 18 16 23 17 19 21 25 | 21 19 17 20 22 4 6 3 7 1 5 2 8 12 10 14 9 13 11 15 18 16 24
1 5 7 3 6 4 2 8 11 14 10 13 9 12 15 18 20 23 22 16 19 17 21 25 | 21 17 19 16 22 1 5 7 3 6 4 2 8 11 14 10 13 9 12 15 18 20 24
18 20 23 15 12 9 13 10 14 11 8 2 4 6 3 7 5 1 22 16 19 17 21 25 | 21 17 19 16 22 1 5 7 3 6 4 2 8 11 14 10 13 9 12 15 18 20 24
17 19 16 22 1 5 7 3 6 4 2 8 11 14 10 13 9 12 15 18 20 23 21 25 | 21 17 19 16 22 1 5 7 3 6 4 2 8 11 14 10 13 9 12 15 18 20 24
22 1 5 7 3 6 4 2 8 11 14 10 13 9 12 15 18 20 23 16 19 17 21 25 | 21 17 19 16 22 1 5 7 3 6 4 2 8 11 14 10 13 9 12 15 18 20 24
16 22 1 5 7 3 6 4 2 8 11 14 10 13 9 12 15 18 20 23 19 17 21 25 | 21 17 19 16 22 1 5 7 3 6 4 2 8 11 14 10 13 9 12 15 18 20 24
21 19 16 18 20 22 6 3 8 14 12 10 13 9 11 15 17 23 5 2 7 4 1 25 | 1 4 7 2 5 21 19 16 18 20 22 6 3 8 14 12 10 13 9 11 15 17 24
1 21 19 16 20 18 22 9 14 11 13 10 15 17 23 7 4 6 2 5 3 8 12 25 | 12 8 3 5 2 6 4 7 1 21 19 16 20 18 22 9 14 11 13 10 15 17 24
15 17 23 11 9 13 10 22 18 20 16 19 21 1 7 4 6 2 5 3 8 14 12 25 | 12 14 8 3 5 2 6 4 7 1 21 19 16 20 18 22 10 13 9 11 15 17 24
11 15 17 23 9 13 10 22 18 20 16 19 21 1 7 4 6 2 5 3 8 14 12 25 | 12 14 8 3 5 2 6 4 7 1 21 19 16 20 18 22 10 13 9 11 15 17 24
18 20 22 17 21 1 7 4 6 2 5 3 8 12 10 14 9 13 11 15 23 16 19 25 | 19 16 18 20 22 17 21 1 7 4 6 2 5 3 8 12 10 14 9 13 11 15 24
22 17 21 1 7 4 6 2 5 3 8 12 10 14 9 13 11 15 23 20 18 16 19 25 | 19 16 18 20 22 17 21 1 7 4 6 2 5 3 8 12 10 14 9 13 11 15 24
16 18 20 22 17 21 1 7 4 6 2 5 3 8 12 10 14 9 13 11 15 23 19 25 | 19 16 18 20 22 17 21 1 7 4 6 2 5 3 8 12 10 14 9 13 11 15 24
20 22 17 21 1 7 4 6 2 5 3 8 12 10 14 9 13 11 15 23 18 16 19 25 | 19 16 18 20 22 17 21 1 7 4 6 2 5 3 8 12 10 14 9 13 11 15 24
19 17 23 16 22 11 13 10 12 9 15 21 1 3 7 5 2 6 4 8 14 20 18 25 | 18 20 14 8 4 6 2 5 7 3 1 21 15 9 12 10 13 11 22 16 19 17 24
17 23 19 16 22 11 13 10 12 9 15 21 1 3 7 5 2 6 4 8 14 20 18 25 | 18 20 14 8 4 6 2 5 7 3 1 21 15 9 12 10 13 11 22 16 19 17 24
16 19 22 20 17 15 11 13 2 14 10 4 7 5 8 6 9 3 12 1 21 23 18 25 | 18 16 19 22 20 17 15 11 13 2 14 10 4 7 5 8 6 9 3 12 1 21 24
21 23 1 12 3 9 6 8 5 7 4 10 14 2 13 11 15 17 20 22 19 16 18 25 | 18 16 19 22 20 17 15 11 13 2 14 10 4 7 5 8 6 9 3 12 1 21 24
1 21 2 6 8 14 12 10 13 11 9 15 18 16 20 17 19 22 4 23 5 3 7 25 | 7 3 5 1 21 2 6 8 14 12 10 13 11 9 15 18 16 20 17 19 22 4 24
12 10 13 11 9 15 18 16 20 17 19 22 4 23 14 8 6 2 21 1 5 3 7 25 | 7 3 5 1 21 2 6 8 14 12 10 13 11 9 15 18 16 20 17 19 22 4 24
3 5 1 21 2 6 8 14 12 10 13 11 9 15 18 16 20 17 19 22 4 23 7 25 | 7 3 5 1 21 2 6 8 14 12 10 13 11 9 15 18 16 20 17 19 22 4 24
19 23 17 20 18 15 1 13 22 16 21 14 2 12 10 7 4 9 6 11 5 8 3 25 | 3 8 5 11 6 9 4 7 10 12 2 14 21 16 22 13 1 15 18 20 17 19 24
15 11 13 9 14 10 12 8 2 5 22 16 18 20 1 7 3 6 21 4 23 17 19 25 | 19 17 15 11 13 9 14 10 12 8 2 5 22 16 18 20 1 7 3 6 21 4 24
14 10 13 11 21 3 6 1 4 7 2 5 20 18 16 19 17 15 9 23 12 22 8 25 | 8 22 12 14 10 13 11 21 3 6 1 4 7 2 5 20 18 16 19 17 15 9 24
16 19 17 15 9 23 18 20 5 2 7 4 1 6 3 21 11 13 10 14 12 22 8 25 | 8 22 12 14 10 13 11 21 3 6 1 4 7 2 5 20 18 16 19 17 15 9 24
18 16 19 17 15 9 23 20 5 2 7 4 1 6 3 21 11 13 10 14 12 22 8 25 | 8 22 12 14 10 13 11 21 3 6 1 4 7 2 5 20 18 16 19 17 15 9 24
4 1 7 3 5 8 2 6 9 13 11 21 23 10 14 22 20 18 16 19 17 15 12 25 | 12 15 17 19 16 18 20 22 14 10 4 1 7 3 5 8 2 6 9 13 11 21 24
18 20 22 14 10 4 1 7 3 5 8 2 6 9 13 11 21 23 16 19 17 15 12 25 | 12 15 17 19 16 18 20 22 14 10 4 1 7 3 5 8 2 6 9 13 11 21 24
10 4 1 7 3 5 8 2 6 9 13 11 21 23 14 22 20 18 16 19 17 15 12 25 | 12 15 17 19 16 18 20 22 14 10 4 1 7 3 5 8 2 6 9 13 11 21 24
17 19 16 18 20 22 14 10 4 1 7 3 5 8 2 6 9 13 11 21 23 15 12 25 | 12 15 17 19 16 18 20 22 14 10 4 1 7 3 5 8 2 6 9 13 11 21 24
17 21 1 6 3 7 5 2 4 8 14 11 13 10 12 9 15 23 20 18 22 19 16 25 | 16 19 22 18 20 17 21 1 6 3 7 5 2 4 8 14 11 13 10 12 9 15 24
22 18 20 17 21 1 6 3 7 5 2 4 8 14 11 13 10 12 9 15 23 19 16 25 | 16 19 22 18 20 17 21 1 6 3 7 5 2 4 8 14 11 13 10 12 9 15 24
21 1 6 3 7 5 2 4 8 14 11 13 10 12 9 15 23 17 20 18 22 19 16 25 | 16 19 22 18 20 17 21 1 6 3 7 5 2 4 8 14 11 13 10 12 9 15 24
21 5 2 7 4 1 6 3 8 14 12 10 13 11 9 15 18 16 23 19 17 22 20 25 | 20 22 17 19 21 5 2 7 4 1 6 3 8 14 12 10 13 11 9 15 18 16 24
12 10 13 11 9 15 18 16 23 14 8 3 6 1 4 7 2 5 21 19 17 22 20 25 | 20 22 17 19 21 5 2 7 4 1 6 3 8 14 12 10 13 11 9 15 18 16 24
19 21 5 2 7 4 1 6 3 8 14 12 10 13 11 9 15 18 16 23 17 22 20 25 | 20 22 17 19 21 5 2 7 4 1 6 3 8 14 12 10 13 11 9 15 18 16 24
15 18 16 23 9 11 13 10 12 14 8 3 6 1 4 7 2 5 21 19 17 22 20 25 | 20 22 17 19 21 5 2 7 4 1 6 3 8 14 12 10 13 11 9 15 18 16 24
1 13 3 15 23 4 9 7 10 6 8 5 11 14 2 12 22 20 18 16 19 17 21 25 | 21 17 19 16 18 20 22 12 2 14 11 5 8 6 10 7 9 4 1 13 3 15 24
12 2 14 11 5 8 6 10 7 9 4 1 13 3 15 23 22 20 18 16 19 17 21 25 | 21 17 19 16 18 20 22 12 2 14 11 5 8 6 10 7 9 4 1 13 3 15 24
18 20 22 12 2 14 11 5 8 6 10 7 9 4 1 13 3 15 23 16 19 17 21 25 | 21 17 19 16 18 20 22 12 2 14 11 5 8 6 10 7 9 4 1 13 3 15 24
13 3 15 23 1 4 9 7 10 6 8 5 11 14 2 12 22 20 18 16 19 17 21 25 | 21 17 19 16 18 20 22 12 2 14 11 5 8 6 10 7 9 4 1 13 3 15 24
22 12 2 14 11 5 8 6 10 7 9 4 1 13 3 15 23 20 18 16 19 17 21 25 | 21 17 19 16 18 20 22 12 2 14 11 5 8 6 10 7 9 4 1 13 3 15 24
1 21 16 18 20 22 17 19 23 6 3 7 5 2 4 8 14 12 10 13 11 9 15 25 | 15 9 11 13 10 12 14 8 4 2 5 7 3 6 1 21 16 18 20 22 17 19 24
16 18 20 22 17 19 23 21 1 6 3 7 5 2 4 8 14 12 10 13 11 9 15 25 | 15 9 11 13 10 12 14 8 4 2 5 7 3 6 1 21 16 18 20 22 17 19 24
21 16 18 20 22 17 19 23 1 6 3 7 5 2 4 8 14 12 10 13 11 9 15 25 | 15 9 11 13 10 12 14 8 4 2 5 7 3 6 1 21 16 18 20 22 17 19 24
19 23 17 22 20 18 16 21 1 6 3 7 5 2 4 8 14 12 10 13 11 9 15 25 | 15 9 11 13 10 12 14 8 4 2 5 7 3 6 1 21 16 18 20 22 17 19 24
1 21 23 5 3 7 4 2 6 8 13 11 9 14 12 10 15 17 20 22 19 16 18 25 | 18 16 19 22 20 17 15 10 12 14 9 11 13 8 6 2 4 7 3 5 1 21 24
17 15 10 12 14 9 11 13 8 6 2 4 7 3 5 1 21 23 20 22 19 16 18 25 | 18 16 19 22 20 17 15 10 12 14 9 11 13 8 6 2 4 7 3 5 1 21 24
15 10 12 14 9 11 13 8 6 2 4 7 3 5 1 21 23 17 20 22 19 16 18 25 | 18 16 19 22 20 17 15 10 12 14 9 11 13 8 6 2 4 7 3 5 1 21 24
22 20 17 15 10 12 14 9 11 13 8 6 2 4 7 3 5 1 21 23 19 16 18 25 | 18 16 19 22 20 17 15 10 12 14 9 11 13 8 6 2 4 7 3 5 1 21 24
4 7 3 5 1 21 23 2 6 8 13 11 9 14 12 10 15 17 20 22 19 16 18 25 | 18 16 19 22 20 17 15 10 12 14 9 11 13 8 6 2 4 7 3 5 1 21 24
21 23 5 2 7 4 1 6 3 8 10 14 12 9 13 11 22 16 19 17 20 18 15 25 | 15 18 20 17 19 16 22 11 13 9 12 14 10 8 3 6 1 4 7 2 5 21 24
18 20 17 19 16 22 11 13 9 12 14 10 8 3 6 1 4 7 2 5 21 23 15 25 | 15 18 20 17 19 16 22 11 13 9 12 14 10 8 3 6 1 4 7 2 5 21 24
1 21 23 5 7 4 2 6 3 8 13 11 14 10 12 9 15 18 20 17 22 16 19 25 | 19 16 22 17 20 18 15 9 12 10 14 11 13 8 3 6 2 4 7 5 1 21 24
22 17 20 18 15 9 12 10 14 11 13 8 3 6 2 4 7 5 1 21 23 16 19 25 | 19 16 22 17 20 18 15 9 12 10 14 11 13 8 3 6 2 4 7 5 1 21 24
15 9 12 10 14 11 13 8 3 6 2 4 7 5 1 21 23 18 20 17 22 16 19 25 | 19 16 22 17 20 18 15 9 12 10 14 11 13 8 3 6 2 4 7 5 1 21 24
21 19 16 22 15 18 20 17 23 14 12 10 4 8 6 13 5 9 3 11 2 7 1 25 | 1 7 2 11 3 9 5 13 6 8 4 10 12 14 21 19 16 22 15 18 20 17 24
18 20 17 23 15 22 16 19 21 14 12 10 4 8 6 13 5 9 3 11 2 7 1 25 | 1 7 2 11 3 9 5 13 6 8 4 10 12 14 21 19 16 22 15 18 20 17 24
22 15 18 20 17 23 16 19 21 14 12 10 4 8 6 13 5 9 3 11 2 7 1 25 | 1 7 2 11 3 9 5 13 6 8 4 10 12 14 21 19 16 22 15 18 20 17 24
14 21 19 16 22 15 18 20 17 23 12 10 4 8 6 13 5 9 3 11 2 7 1 25 | 1 7 2 11 3 9 5 13 6 8 4 10 12 14 21 19 16 22 15 18 20 17 24
1 5 7 3 6 4 2 8 14 11 13 10 12 9 15 17 19 23 22 18 20 16 21 25 | 21 16 20 18 22 1 5 7 3 6 4 2 8 14 11 13 10 12 9 15 17 19 24
11 13 10 12 9 15 17 19 23 14 8 2 4 6 3 7 5 1 22 18 20 16 21 25 | 21 16 20 18 22 1 5 7 3 6 4 2 8 14 11 13 10 12 9 15 17 19 24
22 1 5 7 3 6 4 2 8 14 11 13 10 12 9 15 17 19 23 18 20 16 21 25 | 21 16 20 18 22 1 5 7 3 6 4 2 8 14 11 13 10 12 9 15 17 19 24
16 20 18 22 1 5 7 3 6 4 2 8 14 11 13 10 12 9 15 17 19 23 21 25 | 21 16 20 18 22 1 5 7 3 6 4 2 8 14 11 13 10 12 9 15 17 19 24
19 23 17 15 9 12 10 13 11 14 8 2 4 6 3 7 5 1 22 18 20 16 21 25 | 21 16 20 18 22 1 5 7 3 6 4 2 8 14 11 13 10 12 9 15 17 19 24
1 21 19 22 16 20 17 23 5 2 7 4 6 3 8 13 11 14 10 12 9 15 18 25 | 18 15 9 12 10 14 11 13 8 3 6 4 7 2 5 1 21 19 22 16 20 17 24
19 22 16 20 17 23 21 1 5 2 7 4 6 3 8 13 11 14 10 12 9 15 18 25 | 18 15 9 12 10 14 11 13 8 3 6 4 7 2 5 1 21 19 22 16 20 17 24
22 16 20 17 23 19 21 1 5 2 7 4 6 3 8 13 11 14 10 12 9 15 18 25 | 18 15 9 12 10 14 11 13 8 3 6 4 7 2 5 1 21 19 22 16 20 17 24
20 17 23 16 22 19 21 1 5 2 7 4 6 3 8 13 11 14 10 12 9 15 18 25 | 18 15 9 12 10 14 11 13 8 3 6 4 7 2 5 1 21 19 22 16 20 17 24
21 16 18 20 22 6 3 7 5 2 4 8 14 12 10 13 11 9 15 17 19 23 1 25 | 1 21 16 18 20 22 6 3 7 5 2 4 8 14 12 10 13 11 9 15 17 19 24
20 22 19 16 21 1 5 2 7 4 6 3 8 14 12 10 13 11 9 15 18 23 17 25 | 17 20 22 19 16 21 1 5 2 7 4 6 3 8 14 12 10 13 11 9 15 18 24
15 18 23 9 11 13 10 12 14 8 3 6 4 7 2 5 1 21 16 19 22 20 17 25 | 17 20 22 19 16 21 1 5 2 7 4 6 3 8 14 12 10 13 11 9 15 18 24
1 3 7 21 23 5 2 6 4 8 14 20 17 19 16 18 15 10 12 9 22 11 13 25 | 13 11 22 9 12 10 15 18 16 19 17 20 14 8 4 6 2 5 1 3 7 21 24
2 5 1 3 7 21 23 6 4 8 14 20 17 19 16 18 15 10 12 9 22 11 13 25 | 13 11 22 9 12 10 15 18 16 19 17 20 14 8 4 6 2 5 1 3 7 21 24
20 14 8 4 6 2 5 1 3 7 21 23 17 19 16 18 15 10 12 9 22 11 13 25 | 13 11 22 9 12 10 15 18 16 19 17 20 14 8 4 6 2 5 1 3 7 21 24
21 16 19 22 5 3 6 4 2 8 13 11 14 10 12 9 15 17 20 18 23 1 7 25 | 7 1 21 16 19 22 5 3 6 4 2 8 13 11 14 10 12 9 15 17 20 18 24
1 21 23 5 3 7 4 2 6 8 14 12 10 13 9 11 15 18 16 20 17 22 19 25 | 19 22 17 20 16 18 15 11 9 13 10 12 14 8 6 2 4 7 3 5 1 21 24
18 15 11 9 13 10 12 14 8 6 2 4 7 3 5 1 21 23 16 20 17 22 19 25 | 19 22 17 20 16 18 15 11 9 13 10 12 14 8 6 2 4 7 3 5 1 21 24
4 7 3 5 1 21 23 2 6 8 14 12 10 13 9 11 15 18 16 20 17 22 19 25 | 19 22 17 20 16 18 15 11 9 13 10 12 14 8 6 2 4 7 3 5 1 21 24
16 18 15 11 9 13 10 12 14 8 6 2 4 7 3 5 1 21 23 20 17 22 19 25 | 19 22 17 20 16 18 15 11 9 13 10 12 14 8 6 2 4 7 3 5 1 21 24
1 6 3 7 5 23 21 2 4 8 12 14 10 13 11 9 15 18 20 17 19 22 16 25 | 16 22 19 17 20 18 15 9 11 13 10 14 12 8 4 2 21 1 6 3 7 5 24
21 1 6 3 7 5 23 2 4 8 12 14 10 13 11 9 15 18 20 17 19 22 16 25 | 16 22 19 17 20 18 15 9 11 13 10 14 12 8 4 2 21 1 6 3 7 5 24
15 9 11 13 10 14 12 8 4 2 21 1 6 3 7 5 23 18 20 17 19 22 16 25 | 16 22 19 17 20 18 15 9 11 13 10 14 12 8 4 2 21 1 6 3 7 5 24
18 15 9 11 13 10 14 12 8 4 2 21 1 6 3 7 5 23 20 17 19 22 16 25 | 16 22 19 17 20 18 15 9 11 13 10 14 12 8 4 2 21 1 6 3 7 5 24
5 23 7 3 6 1 21 2 4 8 12 14 10 13 11 9 15 18 20 17 19 22 16 25 | 16 22 19 17 20 18 15 9 11 13 10 14 12 8 4 2 21 1 6 3 7 5 24
22 5 2 7 4 1 6 3 8 14 12 10 13 11 9 15 23 20 17 19 16 18 21 25 | 21 18 16 19 17 20 22 5 2 7 4 1 6 3 8 14 12 10 13 11 9 15 24
5 2 7 4 1 6 3 8 14 12 10 13 11 9 15 23 22 20 17 19 16 18 21 25 | 21 18 16 19 17 20 22 5 2 7 4 1 6 3 8 14 12 10 13 11 9 15 24
18 16 19 17 20 22 5 2 7 4 1 6 3 8 14 12 10 13 11 9 15 23 21 25 | 21 18 16 19 17 20 22 5 2 7 4 1 6 3 8 14 12 10 13 11 9 15 24
7 4 1 6 3 8 14 12 10 13 11 9 15 23 2 5 22 20 17 19 16 18 21 25 | 21 18 16 19 17 20 22 5 2 7 4 1 6 3 8 14 12 10 13 11 9 15 24
1 21 11 13 22 2 6 8 12 14 10 20 18 16 19 17 15 9 23 5 3 7 4 25 | 4 7 3 5 1 21 11 13 22 2 6 8 12 14 10 20 18 16 19 17 15 9 24
19 17 15 11 9 13 10 12 22 18 20 14 8 2 5 3 7 4 6 1 21 23 16 25 | 16 19 17 15 11 9 13 10 12 22 18 20 14 8 2 5 3 7 4 6 1 21 24
1 21 16 20 18 22 19 23 7 4 6 2 5 3 8 13 11 9 14 12 10 15 17 25 | 17 15 10 12 14 9 11 13 8 3 5 2 6 4 7 1 21 16 20 18 22 19 24
8 3 5 2 6 4 7 1 21 16 20 18 22 19 23 13 11 9 14 12 10 15 17 25 | 17 15 10 12 14 9 11 13 8 3 5 2 6 4 7 1 21 16 20 18 22 19 24
21 16 20 18 22 19 23 1 7 4 6 2 5 3 8 13 11 9 14 12 10 15 17 25 | 17 15 10 12 14 9 11 13 8 3 5 2 6 4 7 1 21 16 20 18 22 19 24
6 4 7 1 21 16 20 18 22 19 23 2 5 3 8 13 11 9 14 12 10 15 17 25 | 17 15 10 12 14 9 11 13 8 3 5 2 6 4 7 1 21 16 20 18 22 19 24
15 10 12 14 9 11 13 8 3 5 2 6 4 7 1 21 16 20 18 22 19 23 17 25 | 17 15 10 12 14 9 11 13 8 3 5 2 6 4 7 1 21 16 20 18 22 19 24
16 20 18 22 19 23 21 1 7 4 6 2 5 3 8 13 11 9 14 12 10 15 17 25 | 17 15 10 12 14 9 11 13 8 3 5 2 6 4 7 1 21 16 20 18 22 19 24
1 13 3 15 23 4 9 6 10 8 5 7 11 14 2 12 22 19 16 18 20 17 21 25 | 21 17 20 18 16 19 22 12 2 14 11 7 5 8 10 6 9 4 1 13 3 15 24
19 22 12 2 14 11 7 5 8 10 6 9 4 1 13 3 15 23 16 18 20 17 21 25 | 21 17 20 18 16 19 22 12 2 14 11 7 5 8 10 6 9 4 1 13 3 15 24
20 18 16 19 22 12 2 14 11 7 5 8 10 6 9 4 1 13 3 15 23 17 21 25 | 21 17 20 18 16 19 22 12 2 14 11 7 5 8 10 6 9 4 1 13 3 15 24
12 2 14 11 7 5 8 10 6 9 4 1 13 3 15 23 22 19 16 18 20 17 21 25 | 21 17 20 18 16 19 22 12 2 14 11 7 5 8 10 6 9 4 1 13 3 15 24
22 12 2 14 11 7 5 8 10 6 9 4 1 13 3 15 23 19 16 18 20 17 21 25 | 21 17 20 18 16 19 22 12 2 14 11 7 5 8 10 6 9 4 1 13 3 15 24
20 14 8 4 6 2 5 1 3 7 21 11 9 13 10 12 22 19 16 18 15 23 17 25 | 17 20 14 8 4 6 2 5 1 3 7 21 11 9 13 10 12 22 19 16 18 15 24
11 9 13 10 12 22 19 16 18 15 23 21 7 3 1 5 2 6 4 8 14 20 17 25 | 17 20 14 8 4 6 2 5 1 3 7 21 11 9 13 10 12 22 19 16 18 15 24
1 6 3 7 5 23 21 2 4 8 14 12 10 13 9 11 15 17 19 22 18 20 16 25 | 16 20 18 22 19 17 15 11 9 13 10 12 14 8 4 2 21 1 6 3 7 5 24
15 11 9 13 10 12 14 8 4 2 21 1 6 3 7 5 23 17 19 22 18 20 16 25 | 16 20 18 22 19 17 15 11 9 13 10 12 14 8 4 2 21 1 6 3 7 5 24
17 15 11 9 13 10 12 14 8 4 2 21 1 6 3 7 5 23 19 22 18 20 16 25 | 16 20 18 22 19 17 15 11 9 13 10 12 14 8 4 2 21 1 6 3 7 5 24
21 1 6 3 7 5 23 2 4 8 14 12 10 13 9 11 15 17 19 22 18 20 16 25 | 16 20 18 22 19 17 15 11 9 13 10 12 14 8 4 2 21 1 6 3 7 5 24
20 18 22 19 17 15 11 9 13 10 12 14 8 4 2 21 1 6 3 7 5 23 16 25 | 16 20 18 22 19 17 15 11 9 13 10 12 14 8 4 2 21 1 6 3 7 5 24
16 19 17 21 1 5 3 7 4 2 6 8 13 11 9 14 12 10 15 23 18 22 20 25 | 20 22 18 16 19 17 21 1 5 3 7 4 2 6 8 13 11 9 14 12 10 15 24
12 10 15 23 14 9 11 13 8 6 2 4 7 3 5 1 21 17 19 16 18 22 20 25 | 20 22 18 16 19 17 21 1 5 3 7 4 2 6 8 13 11 9 14 12 10 15 24
22 18 16 19 17 21 1 5 3 7 4 2 6 8 13 11 9 14 12 10 15 23 20 25 | 20 22 18 16 19 17 21 1 5 3 7 4 2 6 8 13 11 9 14 12 10 15 24
12 9 15 20 18 16 19 17 22 6 4 23 10 13 11 14 8 2 21 1 5 7 3 25 | 3 7 5 1 21 2 8 14 11 13 10 12 9 15 20 18 16 19 17 22 6 4 24
13 10 12 9 15 20 18 16 19 17 22 6 4 23 11 14 8 2 21 1 5 7 3 25 | 3 7 5 1 21 2 8 14 11 13 10 12 9 15 20 18 16 19 17 22 6 4 24
20 18 16 19 17 22 6 4 23 15 9 12 10 13 11 14 8 2 21 1 5 7 3 25 | 3 7 5 1 21 2 8 14 11 13 10 12 9 15 20 18 16 19 17 22 6 4 24
15 20 18 16 19 17 22 6 4 23 9 12 10 13 11 14 8 2 21 1 5 7 3 25 | 3 7 5 1 21 2 8 14 11 13 10 12 9 15 20 18 16 19 17 22 6 4 24
9 14 12 10 15 17 20 18 16 19 22 13 8 6 2 4 7 3 5 1 21 23 11 25 | 11 9 14 12 10 15 17 20 18 16 19 22 13 8 6 2 4 7 3 5 1 21 24
1 5 2 8 14 12 10 13 11 9 15 18 23 7 3 6 4 22 20 17 19 16 21 25 | 21 16 19 17 20 22 4 6 3 7 1 5 2 8 14 12 10 13 11 9 15 18 24
7 1 5 2 8 14 12 10 13 11 9 15 18 23 3 6 4 22 20 17 19 16 21 25 | 21 16 19 17 20 22 4 6 3 7 1 5 2 8 14 12 10 13 11 9 15 18 24
18 23 15 9 11 13 10 12 14 8 2 5 1 7 3 6 4 22 20 17 19 16 21 25 | 21 16 19 17 20 22 4 6 3 7 1 5 2 8 14 12 10 13 11 9 15 18 24
6 3 7 1 5 2 8 14 12 10 13 11 9 15 18 23 4 22 20 17 19 16 21 25 | 21 16 19 17 20 22 4 6 3 7 1 5 2 8 14 12 10 13 11 9 15 18 24
20 18 16 19 22 21 23 17 15 9 12 10 14 11 13 8 4 7 2 5 3 6 1 25 | 1 6 3 5 2 7 4 8 13 11 14 10 12 9 15 17 20 18 16 19 22 21 24
