12 14 10 13 11 9 15 18 16 19 17 20 8 2 5 3 6 4 7 1
4 8 14 11 13 9 12 10 15 18 16 19 17 20 2 6 3 5 7 1
1 5 2 8 14 12 10 13 11 9 15 17 19 16 18 20 7 3 6 4
11 9 15 17 19 16 18 20 13 10 12 14 8 2 5 1 7 3 6 4
10 13 11 9 15 17 19 16 18 20 12 14 8 2 5 1 7 3 6 4
2 7 4 1 6 3 8 12 9 14 11 13 10 15 17 19 16 18 20 5
14 11 7 10 5 8 6 9 4 1 13 3 15 18 16 19 17 20 2 12
1 13 3 15 17 19 16 18 20 4 9 7 10 6 8 5 11 14 2 12
14 11 5 8 6 10 7 9 4 1 13 3 15 17 19 16 18 20 2 12
3 1 5 2 6 4 8 12 9 14 11 13 10 15 17 19 16 18 20 7
16 18 20 19 17 15 3 13 1 4 9 7 10 6 8 5 11 14 2 12
14 11 7 10 5 8 6 9 4 1 13 3 15 17 19 16 18 20 2 12
2 7 4 6 1 8 13 11 14 10 12 9 15 18 16 19 17 20 5 3
6 1 8 13 11 14 10 12 9 15 18 16 19 17 20 4 7 2 5 3
7 4 6 1 8 13 11 14 10 12 9 15 18 16 19 17 20 2 5 3
15 18 16 19 17 20 1 7 2 11 3 9 5 13 6 8 4 10 12 14
17 20 19 16 18 15 1 7 2 11 3 9 5 13 6 8 4 10 12 14
4 8 14 11 13 9 12 10 15 17 19 16 18 20 2 6 1 3 7 5
8 12 10 14 9 13 11 15 18 16 19 17 20 4 2 6 1 3 7 5
4 8 14 11 13 10 12 9 15 18 16 19 17 20 2 6 1 3 7 5
2 8 13 11 14 10 12 9 15 17 19 16 18 20 4 6 3 5 7 1
8 12 10 14 9 13 11 15 18 16 19 17 20 4 2 6 3 5 7 1
2 4 8 12 14 10 13 11 9 15 17 19 16 18 20 6 3 5 7 1
4 8 10 14 12 9 13 11 15 18 16 19 17 20 2 6 3 5 7 1
2 8 14 12 10 13 11 9 15 18 16 19 17 20 4 6 3 5 7 1
8 14 11 13 9 12 10 15 18 16 19 17 20 2 4 6 3 5 7 1
2 8 14 11 13 9 12 10 15 17 19 16 18 20 4 6 3 5 7 1
4 8 13 11 14 10 12 9 15 17 19 16 18 20 2 6 3 5 7 1
11 13 1 10 14 12 15 18 16 19 17 20 2 8 5 7 3 6 4 9
2 8 10 14 12 9 13 11 15 17 19 16 18 20 4 6 3 5 7 1
2 4 8 14 12 10 13 11 9 15 17 19 16 18 20 6 1 3 7 5
4 8 14 12 10 13 11 9 15 17 19 16 18 20 2 6 1 3 7 5
2 4 8 14 12 10 13 9 11 15 18 16 19 17 20 6 1 3 7 5
2 4 8 14 12 10 13 9 11 15 18 16 19 17 20 6 3 5 7 1
4 8 13 11 9 14 12 10 15 17 19 16 18 20 2 6 3 5 7 1
8 12 10 14 9 13 11 15 18 16 19 17 20 2 4 6 3 5 7 1
2 4 8 12 14 10 13 11 9 15 18 16 19 17 20 6 1 3 7 5
3 9 7 5 8 4 6 10 14 2 13 11 15 17 19 16 18 20 12 1
8 4 6 10 14 2 13 11 15 17 19 16 18 20 5 7 9 3 12 1
6 10 14 2 13 11 15 17 19 16 18 20 4 8 5 7 9 3 12 1
16 18 20 19 17 15 11 13 2 14 10 6 4 8 5 7 9 3 12 1
17 20 19 16 18 15 11 13 9 12 14 10 8 4 6 2 7 3 5 1
3 7 2 6 4 8 10 14 12 9 13 11 15 18 16 19 17 20 5 1
4 8 10 14 12 9 13 11 15 18 16 19 17 20 6 2 7 3 5 1
5 3 7 2 6 4 8 10 14 12 9 13 11 15 18 16 19 17 20 1
10 15 18 16 19 17 20 12 9 13 11 14 8 4 6 2 5 1 3 7
2 6 4 8 14 11 13 9 12 10 15 18 16 19 17 20 5 1 3 7
17 20 19 16 18 15 10 12 9 13 11 14 8 4 6 2 5 1 3 7
12 10 15 18 16 19 17 20 9 13 11 14 8 4 6 2 5 1 3 7
1 5 2 6 4 8 14 11 13 9 12 10 15 18 16 19 17 20 3 7
14 11 13 10 15 18 16 19 17 20 9 12 8 3 6 1 4 7 2 5
1 6 3 8 12 9 14 11 13 10 15 18 16 19 17 20 4 7 2 5
2 4 8 12 10 14 9 13 11 15 18 16 19 17 20 5 7 3 6 1
11 15 18 16 19 17 20 13 9 14 10 12 8 4 2 5 7 3 6 1
13 11 15 18 16 19 17 20 9 14 10 12 8 4 2 5 7 3 6 1
8 12 10 14 9 13 11 15 18 16 19 17 20 4 2 5 7 3 6 1
12 10 14 9 13 11 15 18 16 19 17 20 8 4 2 5 7 3 6 1
7 5 2 4 8 12 10 14 9 13 11 15 18 16 19 17 20 3 6 1
8 14 12 10 13 9 11 15 17 19 16 18 20 4 2 6 1 3 7 5
2 4 8 14 12 10 13 9 11 15 17 19 16 18 20 6 1 3 7 5
4 8 14 12 10 13 9 11 15 17 19 16 18 20 2 6 1 3 7 5
10 13 9 11 15 17 19 16 18 20 12 14 8 4 2 6 1 3 7 5
11 15 17 19 16 18 20 9 13 10 12 14 8 4 2 6 1 3 7 5
1 6 2 4 8 14 12 10 13 9 11 15 17 19 16 18 20 3 7 5
5 2 8 14 12 10 13 9 11 15 17 19 16 18 20 3 7 4 6 1
4 7 3 5 2 8 14 12 10 13 9 11 15 17 19 16 18 20 6 1
6 4 7 3 5 2 8 14 12 10 13 9 11 15 17 19 16 18 20 1
3 7 4 2 6 8 12 10 14 9 13 11 15 17 19 16 18 20 5 1
4 2 6 8 12 10 14 9 13 11 15 17 19 16 18 20 7 3 5 1
8 12 10 14 9 13 11 15 17 19 16 18 20 6 2 4 7 3 5 1
13 11 15 17 19 16 18 20 9 14 10 12 8 6 2 4 7 3 5 1
10 14 9 13 11 15 17 19 16 18 20 12 8 6 2 4 7 3 5 1
12 10 14 9 13 11 15 17 19 16 18 20 8 6 2 4 7 3 5 1
12 14 10 13 11 9 15 17 19 16 18 20 8 4 2 6 3 5 7 1
4 8 12 14 10 13 11 9 15 17 19 16 18 20 2 6 3 5 7 1
16 18 20 19 17 15 9 11 13 10 14 12 8 4 2 6 3 5 7 1
3 7 2 6 4 8 14 12 10 13 11 9 15 17 19 16 18 20 5 1
11 9 15 17 19 16 18 20 13 10 12 14 8 4 6 2 7 3 5 1
8 14 12 10 13 11 9 15 17 19 16 18 20 4 6 2 7 3 5 1
2 6 4 8 14 12 10 13 11 9 15 17 19 16 18 20 7 3 5 1
7 10 13 8 11 14 9 12 15 17 19 16 18 20 3 1 5 2 6 4
16 18 20 19 17 15 12 9 14 11 8 13 10 7 3 1 5 2 6 4
1 3 7 10 13 8 11 14 9 12 15 17 19 16 18 20 5 2 6 4
14 11 13 10 12 9 15 17 19 16 18 20 8 2 5 1 7 3 6 4
8 14 11 13 10 12 9 15 17 19 16 18 20 2 5 1 7 3 6 4
6 3 7 1 5 2 8 14 11 13 10 12 9 15 17 19 16 18 20 4
2 8 14 11 13 10 12 9 15 17 19 16 18 20 5 1 7 3 6 4
10 12 9 15 17 19 16 18 20 13 11 14 8 2 5 1 7 3 6 4
16 18 20 19 17 15 9 12 10 13 11 14 8 2 5 1 7 3 6 4
1 5 2 8 14 11 13 10 12 9 15 17 19 16 18 20 7 3 6 4
5 3 6 4 2 8 14 11 13 10 12 9 15 17 19 16 18 20 7 1
12 9 15 17 19 16 18 20 10 13 11 14 8 2 4 6 3 5 7 1
14 11 13 10 12 9 15 17 19 16 18 20 8 2 4 6 3 5 7 1
16 18 20 19 17 15 9 12 10 13 11 14 8 2 4 6 3 5 7 1
3 6 4 2 8 14 11 13 10 12 9 15 17 19 16 18 20 5 7 1
17 20 19 16 18 15 9 11 13 10 14 12 8 2 4 6 3 5 7 1
14 10 13 11 9 15 18 16 19 17 20 12 8 2 4 6 3 5 7 1
12 14 10 13 11 9 15 18 16 19 17 20 8 2 4 6 3 5 7 1
11 9 15 18 16 19 17 20 13 10 14 12 8 2 4 6 3 5 7 1
5 3 6 4 2 8 12 14 10 13 11 9 15 18 16 19 17 20 7 1
7 5 8 2 11 13 1 10 14 12 15 17 19 16 18 20 3 6 4 9
16 18 20 19 17 15 12 14 10 1 13 11 2 8 5 7 3 6 4 9
4 6 3 7 5 8 2 11 13 1 10 14 12 15 17 19 16 18 20 9
3 7 5 8 2 11 13 1 10 14 12 15 17 19 16 18 20 6 4 9
1 10 14 12 15 17 19 16 18 20 13 11 2 8 5 7 3 6 4 9
11 15 18 16 19 17 20 13 9 14 10 12 8 3 6 4 7 2 5 1
2 7 4 6 3 8 12 10 14 9 13 11 15 18 16 19 17 20 5 1
3 8 12 10 14 9 13 11 15 18 16 19 17 20 6 4 7 2 5 1
4 6 3 8 12 10 14 9 13 11 15 18 16 19 17 20 7 2 5 1
13 11 15 18 16 19 17 20 9 14 10 12 8 3 6 4 7 2 5 1
7 4 8 14 12 10 13 11 9 15 18 16 19 17 20 2 5 3 6 1
17 20 19 16 18 15 9 11 13 10 12 14 8 4 7 2 5 3 6 1
14 12 10 13 11 9 15 18 16 19 17 20 8 4 7 2 5 3 6 1
2 7 4 8 14 12 10 13 11 9 15 18 16 19 17 20 5 3 6 1
6 3 5 2 7 4 8 14 12 10 13 11 9 15 18 16 19 17 20 1
13 11 9 15 18 16 19 17 20 10 12 14 8 4 7 2 5 3 6 1
8 14 12 10 13 11 9 15 18 16 19 17 20 4 7 2 5 3 6 1
13 11 15 17 19 16 18 20 2 14 10 5 7 9 4 6 8 3 12 1
9 7 5 10 14 2 13 11 15 17 19 16 18 20 4 6 8 3 12 1
10 14 2 13 11 15 17 19 16 18 20 5 7 9 4 6 8 3 12 1
16 18 20 19 17 15 11 13 2 14 10 5 7 9 4 6 8 3 12 1
11 15 17 19 16 18 20 13 2 14 10 5 7 9 4 6 8 3 12 1
5 10 14 2 13 11 15 17 19 16 18 20 7 9 4 6 8 3 12 1
12 3 8 6 4 9 7 5 10 14 2 13 11 15 17 19 16 18 20 1
5 3 8 14 12 10 13 9 11 15 18 16 19 17 20 2 6 4 7 1
17 20 19 16 18 15 11 9 13 10 12 14 8 3 5 2 6 4 7 1
2 5 3 8 14 12 10 13 9 11 15 18 16 19 17 20 6 4 7 1
8 14 12 10 13 9 11 15 18 16 19 17 20 3 5 2 6 4 7 1
3 13 1 15 17 19 16 18 20 9 5 7 10 4 8 11 6 12 2 14
7 5 9 3 13 1 15 17 19 16 18 20 10 4 8 11 6 12 2 14
6 11 8 4 10 7 5 9 3 13 1 15 17 19 16 18 20 12 2 14
5 9 3 13 1 15 17 19 16 18 20 7 10 4 8 11 6 12 2 14
6 4 8 14 11 13 10 12 9 15 17 19 16 18 20 2 7 3 5 1
3 7 2 6 4 8 14 11 13 10 12 9 15 17 19 16 18 20 5 1
12 9 15 17 19 16 18 20 10 13 11 14 8 4 6 2 7 3 5 1
2 6 4 8 14 11 13 10 12 9 15 17 19 16 18 20 7 3 5 1
14 11 13 10 12 9 15 17 19 16 18 20 8 4 6 2 7 3 5 1
7 10 13 8 11 14 9 12 15 17 19 16 18 20 2 4 1 6 3 5
1 4 2 7 10 13 8 11 14 9 12 15 17 19 16 18 20 6 3 5
2 7 10 13 8 11 14 9 12 15 17 19 16 18 20 4 1 6 3 5
4 2 7 10 13 8 11 14 9 12 15 17 19 16 18 20 1 6 3 5
10 13 8 11 14 9 12 15 17 19 16 18 20 7 2 4 1 6 3 5
13 1 10 14 12 15 17 19 16 18 20 11 2 8 6 4 7 3 5 9
5 3 7 4 6 8 2 11 13 1 10 14 12 15 17 19 16 18 20 9
6 8 2 11 13 1 10 14 12 15 17 19 16 18 20 4 7 3 5 9
1 10 14 12 15 17 19 16 18 20 13 11 2 8 6 4 7 3 5 9
8 2 11 13 1 10 14 12 15 17 19 16 18 20 6 4 7 3 5 9
4 6 8 2 11 13 1 10 14 12 15 17 19 16 18 20 7 3 5 9
6 3 8 14 12 10 13 9 11 15 18 16 19 17 20 4 7 2 5 1
14 12 10 13 9 11 15 18 16 19 17 20 8 3 6 4 7 2 5 1
4 6 3 8 14 12 10 13 9 11 15 18 16 19 17 20 7 2 5 1
7 4 6 3 8 14 12 10 13 9 11 15 18 16 19 17 20 2 5 1
2 8 10 14 12 9 13 11 15 18 16 19 17 20 4 6 3 5 7 1
5 3 6 4 2 8 10 14 12 9 13 11 15 18 16 19 17 20 7 1
14 12 9 13 11 15 18 16 19 17 20 10 8 2 4 6 3 5 7 1
8 10 14 12 9 13 11 15 18 16 19 17 20 2 4 6 3 5 7 1
10 14 12 9 13 11 15 18 16 19 17 20 8 2 4 6 3 5 7 1
2 7 4 6 1 8 14 11 13 9 12 10 15 18 16 19 17 20 5 3
5 2 7 4 6 1 8 14 11 13 9 12 10 15 18 16 19 17 20 3
6 1 8 14 11 13 9 12 10 15 18 16 19 17 20 4 7 2 5 3
1 8 14 11 13 9 12 10 15 18 16 19 17 20 6 4 7 2 5 3
12 10 14 9 13 11 15 18 16 19 17 20 8 4 6 2 5 1 3 7
10 14 9 13 11 15 18 16 19 17 20 12 8 4 6 2 5 1 3 7
13 11 15 18 16 19 17 20 9 14 10 12 8 4 6 2 5 1 3 7
1 5 2 6 4 8 12 10 14 9 13 11 15 18 16 19 17 20 3 7
13 11 15 17 19 16 18 20 2 14 10 4 7 5 9 6 8 3 12 1
14 2 13 11 15 17 19 16 18 20 10 4 7 5 9 6 8 3 12 1
12 3 8 6 9 5 7 4 10 14 2 13 11 15 17 19 16 18 20 1
6 4 7 3 5 2 8 10 14 12 9 13 11 15 18 16 19 17 20 1
2 8 10 14 12 9 13 11 15 18 16 19 17 20 5 3 7 4 6 1
4 7 3 5 2 8 10 14 12 9 13 11 15 18 16 19 17 20 6 1
8 10 14 12 9 13 11 15 18 16 19 17 20 2 5 3 7 4 6 1
14 12 9 13 11 15 18 16 19 17 20 10 8 2 5 3 7 4 6 1
14 10 13 15 18 16 19 17 20 9 12 1 7 4 6 2 5 3 8 11
12 9 14 10 13 15 18 16 19 17 20 1 7 4 6 2 5 3 8 11
1 12 9 14 10 13 15 18 16 19 17 20 7 4 6 2 5 3 8 11
4 7 1 12 9 14 10 13 15 18 16 19 17 20 6 2 5 3 8 11
7 1 12 9 14 10 13 15 18 16 19 17 20 4 6 2 5 3 8 11
11 15 18 16 19 17 20 9 13 10 12 14 8 4 2 6 1 3 7 5
14 12 10 13 9 11 15 18 16 19 17 20 8 4 2 6 1 3 7 5
7 3 1 6 2 4 8 14 12 10 13 9 11 15 18 16 19 17 20 5
13 9 11 15 18 16 19 17 20 10 12 14 8 4 2 6 1 3 7 5
3 1 6 2 4 8 14 12 10 13 9 11 15 18 16 19 17 20 7 5
8 14 12 10 13 9 11 15 18 16 19 17 20 4 2 6 1 3 7 5
1 6 2 4 8 14 12 10 13 9 11 15 18 16 19 17 20 3 7 5
10 13 11 9 15 18 16 19 17 20 12 14 8 2 5 1 7 3 6 4
11 9 15 18 16 19 17 20 13 10 12 14 8 2 5 1 7 3 6 4
1 5 2 8 14 12 10 13 11 9 15 18 16 19 17 20 7 3 6 4
8 12 14 10 13 11 9 15 18 16 19 17 20 3 6 4 7 2 5 1
17 20 19 16 18 15 9 11 13 10 14 12 8 3 6 4 7 2 5 1
7 4 6 3 8 12 14 10 13 11 9 15 18 16 19 17 20 2 5 1
14 10 13 11 9 15 18 16 19 17 20 12 8 3 6 4 7 2 5 1
3 5 2 8 12 14 10 13 11 9 15 17 19 16 18 20 7 4 6 1
16 18 20 19 17 15 9 11 13 10 14 12 8 2 5 3 7 4 6 1
12 14 10 13 11 9 15 17 19 16 18 20 8 2 5 3 7 4 6 1
4 7 3 5 2 8 12 14 10 13 11 9 15 17 19 16 18 20 6 1
8 12 14 10 13 11 9 15 17 19 16 18 20 2 5 3 7 4 6 1
13 9 11 15 18 16 19 17 20 10 12 14 8 4 6 2 5 7 3 1
3 7 5 2 6 4 8 14 12 10 13 9 11 15 18 16 19 17 20 1
11 15 18 16 19 17 20 9 13 10 12 14 8 4 6 2 5 7 3 1
4 8 14 12 10 13 9 11 15 18 16 19 17 20 6 2 5 7 3 1
6 4 8 14 12 10 13 9 11 15 18 16 19 17 20 2 5 7 3 1
5 2 8 14 11 13 9 12 10 15 18 16 19 17 20 3 7 4 6 1
17 20 19 16 18 15 10 12 9 13 11 14 8 2 5 3 7 4 6 1
7 3 5 2 8 14 11 13 9 12 10 15 18 16 19 17 20 4 6 1
14 11 13 9 12 10 15 18 16 19 17 20 8 2 5 3 7 4 6 1
2 8 14 11 13 9 12 10 15 18 16 19 17 20 5 3 7 4 6 1
1 6 2 4 8 14 11 13 10 12 9 15 17 19 16 18 20 3 7 5
16 18 20 19 17 15 9 12 10 13 11 14 8 4 2 6 1 3 7 5
13 10 12 9 15 17 19 16 18 20 11 14 8 4 2 6 1 3 7 5
5 3 7 4 2 6 8 14 11 13 9 12 10 15 17 19 16 18 20 1
12 10 15 17 19 16 18 20 9 13 11 14 8 6 2 4 7 3 5 1
3 7 4 2 6 8 14 11 13 9 12 10 15 17 19 16 18 20 5 1
14 11 13 9 12 10 15 17 19 16 18 20 8 6 2 4 7 3 5 1
4 2 6 8 14 11 13 9 12 10 15 17 19 16 18 20 7 3 5 1
8 14 11 13 9 12 10 15 17 19 16 18 20 6 2 4 7 3 5 1
15 17 19 16 18 20 1 13 3 8 5 11 6 9 4 7 10 12 2 14
4 9 6 11 5 8 3 13 1 15 17 19 16 18 20 7 10 12 2 14
6 11 5 8 3 13 1 15 17 19 16 18 20 9 4 7 10 12 2 14
5 8 3 13 1 15 17 19 16 18 20 11 6 9 4 7 10 12 2 14
10 14 12 9 13 11 15 18 16 19 17 20 8 2 5 3 6 4 7 1
17 20 19 16 18 15 11 13 9 12 14 10 8 2 5 3 6 4 7 1
6 3 5 2 8 10 14 12 9 13 11 15 18 16 19 17 20 4 7 1
2 5 8 12 14 10 13 11 9 15 17 19 16 18 20 7 4 1 6 3
16 18 20 19 17 15 9 11 13 10 14 12 8 5 2 7 4 1 6 3
2 7 4 8 12 10 14 9 13 11 15 18 16 19 17 20 5 3 6 1
17 20 19 16 18 15 11 13 9 14 10 12 8 4 7 2 5 3 6 1
4 8 12 10 14 9 13 11 15 18 16 19 17 20 7 2 5 3 6 1
3 5 2 7 4 8 12 10 14 9 13 11 15 18 16 19 17 20 6 1
6 3 5 2 7 4 8 12 10 14 9 13 11 15 18 16 19 17 20 1
1 5 2 6 4 8 14 12 10 13 11 9 15 17 19 16 18 20 3 7
8 14 12 10 13 11 9 15 17 19 16 18 20 4 6 2 5 1 3 7
13 11 9 15 17 19 16 18 20 10 12 14 8 4 6 2 5 1 3 7
11 9 15 17 19 16 18 20 13 10 12 14 8 4 6 2 5 1 3 7
13 9 11 15 18 16 19 17 20 10 12 14 8 4 7 2 5 3 6 1
17 20 19 16 18 15 11 9 13 10 12 14 8 4 7 2 5 3 6 1
10 13 9 11 15 18 16 19 17 20 12 14 8 4 7 2 5 3 6 1
11 15 17 19 16 18 20 13 9 14 10 12 8 3 6 2 4 7 5 1
13 11 15 17 19 16 18 20 9 14 10 12 8 3 6 2 4 7 5 1
8 12 10 14 9 13 11 15 17 19 16 18 20 3 6 2 4 7 5 1
16 18 20 19 17 15 11 13 9 14 10 12 8 3 6 2 4 7 5 1
3 8 12 10 14 9 13 11 15 17 19 16 18 20 6 2 4 7 5 1
12 14 10 13 11 9 15 18 16 19 17 20 8 5 2 7 4 1 6 3
17 20 19 16 18 15 9 11 13 10 14 12 8 5 2 7 4 1 6 3
6 3 8 12 9 14 11 13 10 15 18 16 19 17 20 1 7 4 2 5
9 14 11 13 10 15 18 16 19 17 20 12 8 3 6 1 7 4 2 5
2 4 7 1 6 3 8 12 9 14 11 13 10 15 18 16 19 17 20 5
7 1 6 3 8 12 9 14 11 13 10 15 18 16 19 17 20 4 2 5
8 12 9 14 11 13 10 15 18 16 19 17 20 3 6 1 7 4 2 5
4 7 1 6 3 8 12 9 14 11 13 10 15 18 16 19 17 20 2 5
14 11 13 10 15 18 16 19 17 20 9 12 8 3 6 1 7 4 2 5
13 10 15 18 16 19 17 20 11 14 9 12 8 3 6 1 7 4 2 5
1 6 3 8 12 9 14 11 13 10 15 18 16 19 17 20 7 4 2 5
9 14 11 13 10 15 17 19 16 18 20 12 8 5 2 6 3 7 4 1
16 18 20 19 17 15 10 13 11 14 9 12 8 5 2 6 3 7 4 1
5 8 12 9 14 11 13 10 15 17 19 16 18 20 2 6 3 7 4 1
12 9 14 11 13 10 15 17 19 16 18 20 8 5 2 6 3 7 4 1
6 2 5 8 12 9 14 11 13 10 15 17 19 16 18 20 3 7 4 1
16 18 20 19 17 15 10 12 9 13 11 14 8 3 6 2 4 7 5 1
3 8 14 11 13 9 12 10 15 17 19 16 18 20 6 2 4 7 5 1
10 15 17 19 16 18 20 12 9 13 11 14 8 3 6 2 4 7 5 1
7 4 2 6 3 8 14 11 13 9 12 10 15 17 19 16 18 20 5 1
5 7 4 2 6 3 8 14 11 13 9 12 10 15 17 19 16 18 20 1
2 4 8 12 10 14 9 13 11 15 18 16 19 17 20 6 3 5 7 1
14 9 13 11 15 18 16 19 17 20 10 12 8 4 2 6 3 5 7 1
12 10 14 9 13 11 15 18 16 19 17 20 8 4 2 6 3 5 7 1
4 8 12 10 14 9 13 11 15 18 16 19 17 20 2 6 3 5 7 1
9 15 18 16 19 17 20 12 10 13 11 14 8 2 5 1 7 3 6 4
2 8 14 11 13 10 12 9 15 18 16 19 17 20 5 1 7 3 6 4
10 12 9 15 18 16 19 17 20 13 11 14 8 2 5 1 7 3 6 4
6 3 7 1 5 2 8 14 11 13 10 12 9 15 18 16 19 17 20 4
3 7 1 5 2 8 14 11 13 10 12 9 15 18 16 19 17 20 6 4
1 5 2 8 14 11 13 10 12 9 15 18 16 19 17 20 7 3 6 4
10 5 8 13 1 15 18 16 19 17 20 3 12 7 4 11 6 9 2 14
15 18 16 19 17 20 1 13 8 5 10 3 12 7 4 11 6 9 2 14
9 6 11 4 7 12 3 10 5 8 13 1 15 18 16 19 17 20 2 14
7 12 3 10 5 8 13 1 15 18 16 19 17 20 4 11 6 9 2 14
6 11 4 7 12 3 10 5 8 13 1 15 18 16 19 17 20 9 2 14
1 15 18 16 19 17 20 13 8 5 10 3 12 7 4 11 6 9 2 14
3 8 14 12 10 13 9 11 15 17 19 16 18 20 6 1 4 7 2 5
16 18 20 19 17 15 11 9 13 10 12 14 8 3 6 1 4 7 2 5
11 15 17 19 16 18 20 9 13 10 12 14 8 3 6 1 4 7 2 5
1 6 3 8 14 12 10 13 9 11 15 17 19 16 18 20 4 7 2 5
3 8 13 11 14 10 12 9 15 17 19 16 18 20 6 4 7 2 5 1
16 18 20 19 17 15 9 12 10 14 11 13 8 3 6 4 7 2 5 1
5 2 7 4 6 3 8 13 11 14 10 12 9 15 17 19 16 18 20 1
13 11 14 10 12 9 15 17 19 16 18 20 8 3 6 4 7 2 5 1
2 7 4 6 3 8 13 11 14 10 12 9 15 17 19 16 18 20 5 1
4 6 3 8 13 11 14 10 12 9 15 17 19 16 18 20 7 2 5 1
8 13 11 14 10 12 9 15 17 19 16 18 20 4 6 2 5 1 3 7
6 4 8 13 11 14 10 12 9 15 17 19 16 18 20 2 5 1 3 7
16 18 20 19 17 15 9 12 10 14 11 13 8 4 6 2 5 1 3 7
1 5 2 6 4 8 13 11 14 10 12 9 15 17 19 16 18 20 3 7
7 5 3 6 4 2 8 12 9 14 11 13 10 15 17 19 16 18 20 1
5 3 6 4 2 8 12 9 14 11 13 10 15 17 19 16 18 20 7 1
2 8 12 9 14 11 13 10 15 17 19 16 18 20 4 6 3 5 7 1
14 11 13 10 15 17 19 16 18 20 9 12 8 2 4 6 3 5 7 1
10 5 8 6 9 4 1 13 3 15 17 19 16 18 20 7 11 14 2 12
5 8 6 9 4 1 13 3 15 17 19 16 18 20 10 7 11 14 2 12
3 15 17 19 16 18 20 13 1 4 9 6 8 5 10 7 11 14 2 12
9 4 1 13 3 15 17 19 16 18 20 6 8 5 10 7 11 14 2 12
2 14 11 7 10 5 8 6 9 4 1 13 3 15 17 19 16 18 20 12
1 13 3 15 17 19 16 18 20 4 9 6 8 5 10 7 11 14 2 12
12 10 15 18 16 19 17 20 9 13 11 14 8 2 5 1 7 3 6 4
3 7 1 5 2 8 14 11 13 9 12 10 15 18 16 19 17 20 6 4
1 5 2 8 14 11 13 9 12 10 15 18 16 19 17 20 7 3 6 4
7 3 5 2 8 11 14 10 13 9 12 15 18 16 19 17 20 4 6 1
5 2 8 11 14 10 13 9 12 15 18 16 19 17 20 3 7 4 6 1
2 7 4 8 14 11 13 9 12 10 15 17 19 16 18 20 5 3 6 1
12 10 15 17 19 16 18 20 9 13 11 14 8 4 7 2 5 3 6 1
7 4 8 14 11 13 9 12 10 15 17 19 16 18 20 2 5 3 6 1
10 15 17 19 16 18 20 12 9 13 11 14 8 4 7 2 5 3 6 1
5 3 8 12 9 14 11 13 10 15 17 19 16 18 20 2 6 4 7 1
12 9 14 11 13 10 15 17 19 16 18 20 8 3 5 2 6 4 7 1
16 18 20 19 17 15 10 13 11 14 9 12 8 3 5 2 6 4 7 1
9 3 11 2 7 1 15 18 16 19 17 20 5 13 6 8 4 10 12 14
13 5 9 3 11 2 7 1 15 18 16 19 17 20 6 8 4 10 12 14
3 11 2 7 1 15 18 16 19 17 20 9 5 13 6 8 4 10 12 14
8 6 13 5 9 3 11 2 7 1 15 18 16 19 17 20 4 10 12 14
3 5 2 8 14 12 10 13 11 9 15 18 16 19 17 20 6 4 7 1
4 6 3 5 2 8 14 12 10 13 11 9 15 18 16 19 17 20 7 1
8 14 12 10 13 11 9 15 18 16 19 17 20 2 5 3 6 4 7 1
5 2 8 14 12 10 13 11 9 15 18 16 19 17 20 3 6 4 7 1
2 8 14 12 10 13 11 9 15 18 16 19 17 20 5 3 6 4 7 1
14 11 13 10 12 9 15 18 16 19 17 20 8 4 2 6 1 3 7 5
13 10 12 9 15 18 16 19 17 20 11 14 8 4 2 6 1 3 7 5
1 6 2 4 8 14 11 13 10 12 9 15 18 16 19 17 20 3 7 5
4 6 2 5 3 8 13 11 14 10 12 9 15 17 19 16 18 20 7 1
5 3 8 13 11 14 10 12 9 15 17 19 16 18 20 2 6 4 7 1
3 8 13 11 14 10 12 9 15 17 19 16 18 20 5 2 6 4 7 1
16 18 20 19 17 15 9 12 10 13 11 14 8 2 5 3 6 4 7 1
8 14 11 13 10 12 9 15 17 19 16 18 20 2 5 3 6 4 7 1
4 6 3 5 2 8 14 11 13 10 12 9 15 17 19 16 18 20 7 1
5 2 8 14 11 13 10 12 9 15 17 19 16 18 20 3 6 4 7 1
9 15 17 19 16 18 20 12 10 13 11 14 8 2 5 3 6 4 7 1
3 5 2 8 14 11 13 10 12 9 15 17 19 16 18 20 6 4 7 1
5 7 3 6 4 2 8 14 11 13 9 12 10 15 17 19 16 18 20 1
7 3 6 4 2 8 14 11 13 9 12 10 15 17 19 16 18 20 5 1
7 10 4 1 13 3 15 18 16 19 17 20 9 5 8 6 11 14 2 12
3 15 18 16 19 17 20 13 1 4 10 7 9 5 8 6 11 14 2 12
4 1 13 3 15 18 16 19 17 20 10 7 9 5 8 6 11 14 2 12
5 9 7 10 4 1 13 3 15 18 16 19 17 20 8 6 11 14 2 12
11 6 8 5 9 7 10 4 1 13 3 15 18 16 19 17 20 14 2 12
1 13 3 15 18 16 19 17 20 4 10 7 9 5 8 6 11 14 2 12
2 7 4 1 6 3 8 12 10 14 9 13 11 15 18 16 19 17 20 5
17 20 19 16 18 15 11 13 9 14 10 12 8 3 6 1 4 7 2 5
14 9 13 11 15 18 16 19 17 20 10 12 8 3 6 1 4 7 2 5
13 11 15 18 16 19 17 20 9 14 10 12 8 3 6 1 4 7 2 5
3 8 12 10 14 9 13 11 15 18 16 19 17 20 6 1 4 7 2 5
1 6 3 8 12 10 14 9 13 11 15 18 16 19 17 20 4 7 2 5
1 4 10 14 12 15 18 16 19 17 20 7 3 5 8 2 6 9 13 11
2 8 5 3 7 1 4 10 14 12 15 18 16 19 17 20 6 9 13 11
5 3 7 1 4 10 14 12 15 18 16 19 17 20 8 2 6 9 13 11
2 6 8 13 11 14 10 12 9 15 18 16 19 17 20 4 7 3 5 1
13 11 14 10 12 9 15 18 16 19 17 20 8 6 2 4 7 3 5 1
8 13 11 14 10 12 9 15 18 16 19 17 20 6 2 4 7 3 5 1
7 4 2 6 8 13 11 14 10 12 9 15 18 16 19 17 20 3 5 1
3 7 4 2 6 8 13 11 14 10 12 9 15 18 16 19 17 20 5 1
17 20 19 16 18 15 9 12 10 14 11 13 8 6 2 4 7 3 5 1
12 14 10 13 11 9 15 17 19 16 18 20 8 2 5 1 7 3 6 4
1 5 2 8 12 14 10 13 11 9 15 17 19 16 18 20 7 3 6 4
16 18 20 19 17 15 9 11 13 10 14 12 8 2 5 1 7 3 6 4
8 12 9 14 11 13 10 15 17 19 16 18 20 4 7 2 5 3 6 1
4 8 12 9 14 11 13 10 15 17 19 16 18 20 7 2 5 3 6 1
12 9 14 11 13 10 15 17 19 16 18 20 8 4 7 2 5 3 6 1
16 18 20 19 17 15 10 13 11 14 9 12 8 4 7 2 5 3 6 1
2 7 4 8 12 9 14 11 13 10 15 17 19 16 18 20 5 3 6 1
7 4 8 12 9 14 11 13 10 15 17 19 16 18 20 2 5 3 6 1
7 11 8 13 4 15 17 19 16 18 20 9 12 10 6 2 14 3 5 1
10 12 9 7 11 8 13 4 15 17 19 16 18 20 6 2 14 3 5 1
9 7 11 8 13 4 15 17 19 16 18 20 12 10 6 2 14 3 5 1
8 13 4 15 17 19 16 18 20 11 7 9 12 10 6 2 14 3 5 1
14 2 6 10 12 9 7 11 8 13 4 15 17 19 16 18 20 3 5 1
2 5 3 8 14 12 10 13 11 9 15 17 19 16 18 20 6 4 7 1
14 12 10 13 11 9 15 17 19 16 18 20 8 3 5 2 6 4 7 1
6 2 5 3 8 14 12 10 13 11 9 15 17 19 16 18 20 4 7 1
11 9 15 17 19 16 18 20 13 10 12 14 8 3 5 2 6 4 7 1
5 3 8 14 12 10 13 11 9 15 17 19 16 18 20 2 6 4 7 1
3 8 14 12 10 13 11 9 15 17 19 16 18 20 5 2 6 4 7 1
5 9 6 8 10 4 1 13 3 15 17 19 16 18 20 7 11 14 2 12
11 7 5 9 6 8 10 4 1 13 3 15 17 19 16 18 20 14 2 12
7 5 9 6 8 10 4 1 13 3 15 17 19 16 18 20 11 14 2 12
9 6 8 10 4 1 13 3 15 17 19 16 18 20 5 7 11 14 2 12
16 18 20 19 17 15 3 13 1 4 10 8 6 9 5 7 11 14 2 12
1 13 3 15 17 19 16 18 20 4 10 8 6 9 5 7 11 14 2 12
4 2 8 14 12 10 13 9 11 15 17 19 16 18 20 6 3 7 5 1
7 3 6 4 2 8 14 12 10 13 9 11 15 17 19 16 18 20 5 1
16 18 20 19 17 15 11 9 13 10 12 14 8 2 4 6 3 7 5 1
3 6 4 2 8 14 12 10 13 9 11 15 17 19 16 18 20 7 5 1
6 4 2 8 14 12 10 13 9 11 15 17 19 16 18 20 3 7 5 1
2 8 14 12 10 13 9 11 15 17 19 16 18 20 4 6 3 7 5 1
3 12 1 14 2 13 15 18 16 19 17 20 5 8 4 7 10 6 9 11
14 2 13 15 18 16 19 17 20 1 12 3 5 8 4 7 10 6 9 11
7 4 8 5 3 12 1 14 2 13 15 18 16 19 17 20 10 6 9 11
12 1 14 2 13 15 18 16 19 17 20 3 5 8 4 7 10 6 9 11
9 6 10 7 4 8 5 3 12 1 14 2 13 15 18 16 19 17 20 11
1 14 2 13 15 18 16 19 17 20 12 3 5 8 4 7 10 6 9 11
6 10 7 4 8 5 3 12 1 14 2 13 15 18 16 19 17 20 9 11
17 20 19 16 18 15 9 11 13 10 14 12 8 3 6 1 4 7 2 5
1 6 3 8 12 14 10 13 11 9 15 18 16 19 17 20 4 7 2 5
14 10 13 11 9 15 18 16 19 17 20 12 8 3 6 1 4 7 2 5
2 7 4 1 6 3 8 12 14 10 13 11 9 15 18 16 19 17 20 5
6 3 5 2 7 4 8 11 14 10 13 9 12 15 17 19 16 18 20 1
2 7 4 8 11 14 10 13 9 12 15 17 19 16 18 20 5 3 6 1
3 5 2 7 4 8 11 14 10 13 9 12 15 17 19 16 18 20 6 1
8 11 14 10 13 9 12 15 17 19 16 18 20 4 7 2 5 3 6 1
7 4 6 3 8 14 11 13 9 12 10 15 18 16 19 17 20 2 5 1
4 6 3 8 14 11 13 9 12 10 15 18 16 19 17 20 7 2 5 1
14 11 13 9 12 10 15 18 16 19 17 20 8 3 6 4 7 2 5 1
2 7 4 6 3 8 14 11 13 9 12 10 15 18 16 19 17 20 5 1
17 20 19 16 18 15 10 13 11 14 9 12 8 5 2 7 4 1 6 3
2 5 8 12 9 14 11 13 10 15 18 16 19 17 20 7 4 1 6 3
14 11 13 10 15 18 16 19 17 20 9 12 8 5 2 7 4 1 6 3
2 12 6 10 8 5 11 7 4 9 3 13 1 15 18 16 19 17 20 14
7 4 9 3 13 1 15 18 16 19 17 20 11 5 8 10 6 12 2 14
10 8 5 11 7 4 9 3 13 1 15 18 16 19 17 20 6 12 2 14
15 18 16 19 17 20 1 13 3 9 4 7 11 5 8 10 6 12 2 14
5 3 7 4 2 6 8 14 12 10 13 11 9 15 17 19 16 18 20 1
8 14 12 10 13 11 9 15 17 19 16 18 20 6 2 4 7 3 5 1
11 9 15 17 19 16 18 20 13 10 12 14 8 6 2 4 7 3 5 1
6 8 14 12 10 13 11 9 15 17 19 16 18 20 2 4 7 3 5 1
2 6 8 14 12 10 13 11 9 15 17 19 16 18 20 4 7 3 5 1
5 10 14 2 13 11 15 17 19 16 18 20 7 4 8 6 9 3 12 1
13 11 15 17 19 16 18 20 2 14 10 5 7 4 8 6 9 3 12 1
6 8 4 7 5 10 14 2 13 11 15 17 19 16 18 20 9 3 12 1
3 9 6 8 4 7 5 10 14 2 13 11 15 17 19 16 18 20 12 1
8 4 7 5 10 14 2 13 11 15 17 19 16 18 20 6 9 3 12 1
12 10 14 9 13 11 15 18 16 19 17 20 8 2 5 3 6 4 7 1
7 4 6 3 5 2 8 12 10 14 9 13 11 15 18 16 19 17 20 1
13 11 15 18 16 19 17 20 9 14 10 12 8 2 5 3 6 4 7 1
5 2 8 12 10 14 9 13 11 15 18 16 19 17 20 3 6 4 7 1
6 3 5 2 8 12 10 14 9 13 11 15 18 16 19 17 20 4 7 1
4 6 3 5 2 8 12 10 14 9 13 11 15 18 16 19 17 20 7 1
2 8 12 9 14 11 13 10 15 18 16 19 17 20 5 3 7 4 6 1
5 2 8 12 9 14 11 13 10 15 18 16 19 17 20 3 7 4 6 1
14 11 13 10 15 18 16 19 17 20 9 12 8 2 5 3 7 4 6 1
4 7 3 5 2 8 12 9 14 11 13 10 15 18 16 19 17 20 6 1
8 12 9 14 11 13 10 15 18 16 19 17 20 2 5 3 7 4 6 1
14 10 13 11 9 15 17 19 16 18 20 12 8 1 6 4 7 2 5 3
7 4 6 1 8 12 14 10 13 11 9 15 17 19 16 18 20 2 5 3
16 18 20 19 17 15 9 11 13 10 14 12 8 1 6 4 7 2 5 3
1 8 12 14 10 13 11 9 15 17 19 16 18 20 6 4 7 2 5 3
13 4 15 17 19 16 18 20 8 11 9 12 7 10 6 2 14 3 5 1
7 12 9 11 8 13 4 15 17 19 16 18 20 10 6 2 14 3 5 1
6 10 7 12 9 11 8 13 4 15 17 19 16 18 20 2 14 3 5 1
5 3 8 14 11 13 10 12 9 15 18 16 19 17 20 2 6 4 7 1
3 8 14 11 13 10 12 9 15 18 16 19 17 20 5 2 6 4 7 1
7 4 6 2 5 3 8 14 11 13 10 12 9 15 18 16 19 17 20 1
2 5 3 8 14 11 13 10 12 9 15 18 16 19 17 20 6 4 7 1
6 2 5 3 8 14 11 13 10 12 9 15 18 16 19 17 20 4 7 1
11 15 18 16 19 17 20 13 9 14 10 12 8 3 6 2 4 7 5 1
13 11 15 18 16 19 17 20 9 14 10 12 8 3 6 2 4 7 5 1
6 3 8 12 10 14 9 13 11 15 18 16 19 17 20 2 4 7 5 1
10 14 12 9 13 11 15 17 19 16 18 20 8 6 2 4 7 3 5 1
7 4 2 6 8 10 14 12 9 13 11 15 17 19 16 18 20 3 5 1
16 18 20 19 17 15 11 13 9 12 14 10 8 6 2 4 7 3 5 1
14 12 9 13 11 15 17 19 16 18 20 10 8 6 2 4 7 3 5 1
4 6 1 8 13 11 14 10 12 9 15 18 16 19 17 20 7 2 5 3
17 20 19 16 18 15 9 12 10 14 11 13 8 1 6 4 7 2 5 3
1 8 13 11 14 10 12 9 15 18 16 19 17 20 6 4 7 2 5 3
3 6 4 2 8 12 14 10 13 11 9 15 18 16 19 17 20 7 5 1
17 20 19 16 18 15 9 11 13 10 14 12 8 2 4 6 3 7 5 1
5 7 3 6 4 2 8 12 14 10 13 11 9 15 18 16 19 17 20 1
14 12 10 13 9 11 15 18 16 19 17 20 8 3 6 1 4 7 2 5
17 20 19 16 18 15 11 9 13 10 12 14 8 3 6 1 4 7 2 5
11 15 18 16 19 17 20 9 13 10 12 14 8 3 6 1 4 7 2 5
4 1 6 3 8 14 12 10 13 9 11 15 18 16 19 17 20 7 2 5
3 8 14 12 10 13 9 11 15 18 16 19 17 20 6 1 4 7 2 5
1 6 3 8 14 12 10 13 9 11 15 18 16 19 17 20 4 7 2 5
2 7 4 6 1 8 14 12 10 13 9 11 15 17 19 16 18 20 5 3
1 8 14 12 10 13 9 11 15 17 19 16 18 20 6 4 7 2 5 3
11 15 17 19 16 18 20 9 13 10 12 14 8 1 6 4 7 2 5 3
7 4 6 1 8 14 12 10 13 9 11 15 17 19 16 18 20 2 5 3
2 4 8 14 12 10 13 11 9 15 17 19 16 18 20 5 7 3 6 1
4 8 14 12 10 13 11 9 15 17 19 16 18 20 2 5 7 3 6 1
8 14 12 10 13 11 9 15 17 19 16 18 20 4 2 5 7 3 6 1
16 18 20 19 17 15 9 11 13 10 12 14 8 4 2 5 7 3 6 1
6 3 7 5 2 4 8 14 12 10 13 11 9 15 17 19 16 18 20 1
8 12 9 14 11 13 10 15 18 16 19 17 20 5 2 6 3 7 4 1
6 2 5 8 12 9 14 11 13 10 15 18 16 19 17 20 3 7 4 1
5 8 12 9 14 11 13 10 15 18 16 19 17 20 2 6 3 7 4 1
12 9 14 11 13 10 15 18 16 19 17 20 8 5 2 6 3 7 4 1
17 20 19 16 18 15 12 14 10 1 13 11 2 8 6 4 7 3 5 9
11 13 1 10 14 12 15 18 16 19 17 20 2 8 6 4 7 3 5 9
1 10 14 12 15 18 16 19 17 20 13 11 2 8 6 4 7 3 5 9
6 4 2 8 12 9 14 11 13 10 15 18 16 19 17 20 3 5 7 1
14 11 13 10 15 18 16 19 17 20 9 12 8 2 4 6 3 5 7 1
5 3 6 4 2 8 12 9 14 11 13 10 15 18 16 19 17 20 7 1
7 5 3 6 4 2 8 12 9 14 11 13 10 15 18 16 19 17 20 1
17 20 19 16 18 15 10 12 9 13 11 14 8 2 4 6 3 5 7 1
12 10 15 18 16 19 17 20 9 13 11 14 8 2 4 6 3 5 7 1
4 2 8 14 11 13 9 12 10 15 18 16 19 17 20 6 3 5 7 1
3 6 4 2 8 14 11 13 9 12 10 15 18 16 19 17 20 5 7 1
14 11 13 9 12 10 15 18 16 19 17 20 8 2 4 6 3 5 7 1
3 6 4 2 8 12 10 14 9 13 11 15 17 19 16 18 20 5 7 1
4 2 8 12 10 14 9 13 11 15 17 19 16 18 20 6 3 5 7 1
8 12 10 14 9 13 11 15 17 19 16 18 20 2 4 6 3 5 7 1
12 10 14 9 13 11 15 17 19 16 18 20 8 2 4 6 3 5 7 1
10 14 9 13 11 15 17 19 16 18 20 12 8 2 4 6 3 5 7 1
6 4 2 8 12 10 14 9 13 11 15 17 19 16 18 20 3 5 7 1
4 8 12 14 10 13 11 9 15 18 16 19 17 20 2 5 7 3 6 1
3 7 5 2 4 8 12 14 10 13 11 9 15 18 16 19 17 20 6 1
14 10 13 11 9 15 18 16 19 17 20 12 8 4 2 5 7 3 6 1
6 3 7 5 2 4 8 12 14 10 13 11 9 15 18 16 19 17 20 1
5 2 4 8 12 14 10 13 11 9 15 18 16 19 17 20 7 3 6 1
4 2 8 11 14 10 13 9 12 15 18 16 19 17 20 6 3 7 5 1
7 3 6 4 2 8 11 14 10 13 9 12 15 18 16 19 17 20 5 1
5 7 3 6 4 2 8 11 14 10 13 9 12 15 18 16 19 17 20 1
6 4 2 8 11 14 10 13 9 12 15 18 16 19 17 20 3 7 5 1
11 14 10 12 9 15 18 16 19 17 20 13 8 3 6 4 7 2 5 1
7 4 6 3 8 13 11 14 10 12 9 15 18 16 19 17 20 2 5 1
3 8 13 11 14 10 12 9 15 18 16 19 17 20 6 4 7 2 5 1
2 7 4 6 3 8 13 11 14 10 12 9 15 18 16 19 17 20 5 1
4 1 6 3 8 12 14 10 13 11 9 15 17 19 16 18 20 7 2 5
16 18 20 19 17 15 9 11 13 10 14 12 8 3 6 1 4 7 2 5
6 3 8 12 14 10 13 11 9 15 17 19 16 18 20 1 4 7 2 5
1 6 3 8 12 14 10 13 11 9 15 17 19 16 18 20 4 7 2 5
10 7 9 4 1 13 3 15 18 16 19 17 20 6 8 5 11 14 2 12
6 10 7 9 4 1 13 3 15 18 16 19 17 20 8 5 11 14 2 12
17 20 19 16 18 15 3 13 1 4 9 7 10 6 8 5 11 14 2 12
1 13 3 15 18 16 19 17 20 4 9 7 10 6 8 5 11 14 2 12
4 1 13 3 15 18 16 19 17 20 9 7 10 6 8 5 11 14 2 12
10 12 9 15 17 19 16 18 20 13 11 14 8 4 2 5 7 3 6 1
12 9 15 17 19 16 18 20 10 13 11 14 8 4 2 5 7 3 6 1
2 4 8 14 11 13 10 12 9 15 17 19 16 18 20 5 7 3 6 1
8 14 11 13 10 12 9 15 17 19 16 18 20 4 2 5 7 3 6 1
7 5 2 4 8 14 11 13 10 12 9 15 17 19 16 18 20 3 6 1
6 12 9 11 8 10 7 13 4 15 17 19 16 18 20 2 14 3 5 1
14 2 6 12 9 11 8 10 7 13 4 15 17 19 16 18 20 3 5 1
3 14 2 6 12 9 11 8 10 7 13 4 15 17 19 16 18 20 5 1
7 13 4 15 17 19 16 18 20 10 8 11 9 12 6 2 14 3 5 1
11 8 10 7 13 4 15 17 19 16 18 20 9 12 6 2 14 3 5 1
5 3 14 2 6 12 9 11 8 10 7 13 4 15 17 19 16 18 20 1
5 2 7 4 8 10 14 12 9 13 11 15 17 19 16 18 20 3 6 1
7 4 8 10 14 12 9 13 11 15 17 19 16 18 20 2 5 3 6 1
4 8 10 14 12 9 13 11 15 17 19 16 18 20 7 2 5 3 6 1
10 14 12 9 13 11 15 17 19 16 18 20 8 4 7 2 5 3 6 1
2 7 4 8 10 14 12 9 13 11 15 17 19 16 18 20 5 3 6 1
8 12 9 14 11 13 10 15 17 19 16 18 20 6 2 4 7 3 5 1
4 2 6 8 12 9 14 11 13 10 15 17 19 16 18 20 7 3 5 1
16 18 20 19 17 15 10 13 11 14 9 12 8 6 2 4 7 3 5 1
3 7 4 2 6 8 12 9 14 11 13 10 15 17 19 16 18 20 5 1
12 9 14 11 13 10 15 17 19 16 18 20 8 6 2 4 7 3 5 1
12 10 15 18 16 19 17 20 9 13 11 14 8 6 2 4 7 3 5 1
17 20 19 16 18 15 9 12 10 13 11 14 8 3 6 2 4 7 5 1
12 9 15 18 16 19 17 20 10 13 11 14 8 3 6 2 4 7 5 1
3 8 14 11 13 10 12 9 15 18 16 19 17 20 6 2 4 7 5 1
4 2 6 3 8 14 11 13 10 12 9 15 18 16 19 17 20 7 5 1
7 4 2 6 3 8 14 11 13 10 12 9 15 18 16 19 17 20 5 1
10 15 18 16 19 17 20 12 9 13 11 14 8 4 2 6 1 3 7 5
8 14 11 13 9 12 10 15 18 16 19 17 20 4 2 6 1 3 7 5
6 2 4 8 14 11 13 9 12 10 15 18 16 19 17 20 1 3 7 5
1 6 2 4 8 14 11 13 9 12 10 15 18 16 19 17 20 3 7 5
13 1 15 17 19 16 18 20 3 5 8 11 6 9 4 10 7 12 2 14
3 13 1 15 17 19 16 18 20 5 8 11 6 9 4 10 7 12 2 14
15 17 19 16 18 20 1 13 3 5 8 11 6 9 4 10 7 12 2 14
7 10 4 9 6 11 8 5 3 13 1 15 17 19 16 18 20 12 2 14
11 8 5 3 13 1 15 17 19 16 18 20 6 9 4 10 7 12 2 14
6 8 12 10 14 9 13 11 15 18 16 19 17 20 2 4 7 3 5 1
14 9 13 11 15 18 16 19 17 20 10 12 8 6 2 4 7 3 5 1
17 20 19 16 18 15 11 13 9 14 10 12 8 6 2 4 7 3 5 1
7 4 2 6 8 12 10 14 9 13 11 15 18 16 19 17 20 3 5 1
6 1 4 7 2 5 8 14 11 13 9 12 10 15 18 16 19 17 20 3
5 8 14 11 13 9 12 10 15 18 16 19 17 20 2 7 4 1 6 3
1 10 14 12 15 18 16 19 17 20 13 11 2 8 5 7 3 6 4 9
4 6 3 7 5 8 2 11 13 1 10 14 12 15 18 16 19 17 20 9
5 3 7 2 6 4 8 13 11 14 10 12 9 15 17 19 16 18 20 1
13 11 14 10 12 9 15 17 19 16 18 20 8 4 6 2 7 3 5 1
11 14 10 12 9 15 17 19 16 18 20 13 8 4 6 2 7 3 5 1
16 18 20 19 17 15 9 12 10 14 11 13 8 4 6 2 7 3 5 1
7 2 6 4 8 13 11 14 10 12 9 15 17 19 16 18 20 3 5 1
4 2 8 14 12 10 13 11 9 15 17 19 16 18 20 6 3 7 5 1
5 7 3 6 4 2 8 14 12 10 13 11 9 15 17 19 16 18 20 1
3 6 4 2 8 14 12 10 13 11 9 15 17 19 16 18 20 7 5 1
11 14 10 12 9 15 18 16 19 17 20 13 8 5 2 7 4 1 6 3
17 20 19 16 18 15 9 12 10 14 11 13 8 5 2 7 4 1 6 3
3 8 14 12 10 13 11 9 15 17 19 16 18 20 6 4 7 2 5 1
2 7 4 6 3 8 14 12 10 13 11 9 15 17 19 16 18 20 5 1
5 2 7 4 6 3 8 14 12 10 13 11 9 15 17 19 16 18 20 1
5 3 6 4 2 8 14 11 13 9 12 10 15 18 16 19 17 20 7 1
10 15 18 16 19 17 20 12 9 13 11 14 8 2 4 6 3 5 7 1
2 8 14 11 13 9 12 10 15 18 16 19 17 20 4 6 3 5 7 1
17 20 19 16 18 15 9 11 13 10 12 14 8 2 5 3 7 4 6 1
5 2 8 14 12 10 13 11 9 15 18 16 19 17 20 3 7 4 6 1
14 12 10 13 11 9 15 18 16 19 17 20 8 2 5 3 7 4 6 1
7 3 5 2 8 14 12 10 13 11 9 15 18 16 19 17 20 4 6 1
16 18 20 19 17 15 11 13 9 14 10 12 8 6 2 4 7 3 5 1
6 8 12 10 14 9 13 11 15 17 19 16 18 20 2 4 7 3 5 1
2 6 8 12 10 14 9 13 11 15 17 19 16 18 20 4 7 3 5 1
8 11 7 4 9 6 3 12 1 14 2 13 15 18 16 19 17 20 5 10
5 8 11 7 4 9 6 3 12 1 14 2 13 15 18 16 19 17 20 10
14 2 13 15 18 16 19 17 20 1 12 3 6 9 4 7 11 8 5 10
3 12 1 14 2 13 15 18 16 19 17 20 6 9 4 7 11 8 5 10
7 4 9 6 3 12 1 14 2 13 15 18 16 19 17 20 11 8 5 10
1 14 2 13 15 18 16 19 17 20 12 3 6 9 4 7 11 8 5 10
7 5 3 8 10 14 12 9 13 11 15 18 16 19 17 20 2 4 6 1
6 4 2 7 5 3 8 10 14 12 9 13 11 15 18 16 19 17 20 1
17 20 19 16 18 15 11 13 9 12 14 10 8 3 5 7 2 4 6 1
8 10 14 12 9 13 11 15 18 16 19 17 20 3 5 7 2 4 6 1
5 3 8 10 14 12 9 13 11 15 18 16 19 17 20 7 2 4 6 1
6 2 4 8 14 12 10 13 9 11 15 17 19 16 18 20 3 5 7 1
4 8 14 12 10 13 9 11 15 17 19 16 18 20 2 6 3 5 7 1
3 6 2 4 8 14 12 10 13 9 11 15 17 19 16 18 20 5 7 1
8 14 12 10 13 9 11 15 17 19 16 18 20 4 2 6 3 5 7 1
11 15 17 19 16 18 20 9 13 10 12 14 8 4 2 6 3 5 7 1
5 3 6 2 4 8 14 12 10 13 9 11 15 17 19 16 18 20 7 1
4 1 13 3 15 17 19 16 18 20 9 6 10 8 5 7 11 14 2 12
5 8 10 6 9 4 1 13 3 15 17 19 16 18 20 7 11 14 2 12
11 7 5 8 10 6 9 4 1 13 3 15 17 19 16 18 20 14 2 12
6 9 4 1 13 3 15 17 19 16 18 20 10 8 5 7 11 14 2 12
1 13 3 15 17 19 16 18 20 4 9 6 10 8 5 7 11 14 2 12
3 5 2 8 12 9 14 11 13 10 15 18 16 19 17 20 7 4 6 1
17 20 19 16 18 15 10 13 11 14 9 12 8 2 5 3 7 4 6 1
16 18 20 19 17 15 12 9 14 11 8 13 10 7 2 4 1 6 3 5
12 15 17 19 16 18 20 9 14 11 8 13 10 7 2 4 1 6 3 5
14 11 13 10 12 9 15 18 16 19 17 20 8 4 6 2 5 1 3 7
5 2 6 4 8 14 11 13 10 12 9 15 18 16 19 17 20 1 3 7
3 1 5 2 6 4 8 14 11 13 10 12 9 15 18 16 19 17 20 7
1 5 2 6 4 8 14 11 13 10 12 9 15 18 16 19 17 20 3 7
14 12 10 13 11 9 15 17 19 16 18 20 8 4 2 6 3 5 7 1
2 4 8 14 12 10 13 11 9 15 17 19 16 18 20 6 3 5 7 1
11 9 15 17 19 16 18 20 13 10 12 14 8 4 2 6 3 5 7 1
5 3 6 2 4 8 14 12 10 13 11 9 15 17 19 16 18 20 7 1
3 7 5 2 4 8 13 11 14 10 12 9 15 18 16 19 17 20 6 1
2 4 8 13 11 14 10 12 9 15 18 16 19 17 20 5 7 3 6 1
8 13 11 14 10 12 9 15 18 16 19 17 20 4 2 5 7 3 6 1
17 20 19 16 18 15 9 11 13 10 12 14 8 1 6 4 7 2 5 3
6 1 8 14 12 10 13 11 9 15 18 16 19 17 20 4 7 2 5 3
1 8 14 12 10 13 11 9 15 18 16 19 17 20 6 4 7 2 5 3
7 4 6 1 8 14 12 10 13 11 9 15 18 16 19 17 20 2 5 3
4 6 1 8 14 12 10 13 11 9 15 18 16 19 17 20 7 2 5 3
10 15 18 16 19 17 20 13 11 14 9 12 8 3 6 1 7 4 2 5
14 11 13 10 12 9 15 17 19 16 18 20 8 4 2 6 3 5 7 1
16 18 20 19 17 15 9 12 10 13 11 14 8 4 2 6 3 5 7 1
11 9 15 18 16 19 17 20 13 10 12 14 8 3 6 4 7 2 5 1
3 8 14 12 10 13 11 9 15 18 16 19 17 20 6 4 7 2 5 1
17 20 19 16 18 15 9 11 13 10 12 14 8 3 6 4 7 2 5 1
7 4 6 3 8 14 12 10 13 11 9 15 18 16 19 17 20 2 5 1
10 13 11 9 15 18 16 19 17 20 12 14 8 3 6 4 7 2 5 1
2 7 4 6 3 8 14 12 10 13 11 9 15 18 16 19 17 20 5 1
14 9 13 11 15 18 16 19 17 20 10 12 8 2 5 3 6 4 7 1
2 8 12 10 14 9 13 11 15 18 16 19 17 20 5 3 6 4 7 1
8 12 10 14 9 13 11 15 18 16 19 17 20 2 5 3 6 4 7 1
3 1 6 2 4 8 14 11 13 9 12 10 15 18 16 19 17 20 7 5
13 9 12 10 15 18 16 19 17 20 11 14 8 4 2 6 1 3 7 5
12 10 15 18 16 19 17 20 9 13 11 14 8 4 2 6 1 3 7 5
17 20 19 16 18 15 10 12 9 13 11 14 8 4 2 6 1 3 7 5
13 11 9 15 18 16 19 17 20 10 12 14 8 2 4 6 3 5 7 1
10 13 11 9 15 18 16 19 17 20 12 14 8 2 4 6 3 5 7 1
4 2 8 14 12 10 13 11 9 15 18 16 19 17 20 6 3 5 7 1
3 6 4 2 8 14 12 10 13 11 9 15 18 16 19 17 20 5 7 1
5 3 6 4 2 8 14 12 10 13 11 9 15 18 16 19 17 20 7 1
6 4 2 8 14 12 10 13 11 9 15 18 16 19 17 20 3 5 7 1
3 5 2 8 13 11 14 10 12 9 15 18 16 19 17 20 7 4 6 1
5 2 8 13 11 14 10 12 9 15 18 16 19 17 20 3 7 4 6 1
17 20 19 16 18 15 9 12 10 14 11 13 8 2 5 3 7 4 6 1
13 11 14 10 12 9 15 18 16 19 17 20 8 2 5 3 7 4 6 1
4 6 3 8 12 14 10 13 11 9 15 17 19 16 18 20 7 2 5 1
16 18 20 19 17 15 9 11 13 10 14 12 8 3 6 4 7 2 5 1
12 14 10 13 11 9 15 17 19 16 18 20 8 3 6 4 7 2 5 1
2 7 4 6 3 8 12 14 10 13 11 9 15 17 19 16 18 20 5 1
7 4 6 3 8 12 14 10 13 11 9 15 17 19 16 18 20 2 5 1
2 6 4 8 14 12 10 13 9 11 15 18 16 19 17 20 5 7 3 1
5 2 6 4 8 14 12 10 13 9 11 15 18 16 19 17 20 7 3 1
17 20 19 16 18 15 11 9 13 10 12 14 8 4 6 2 5 7 3 1
5 3 7 4 2 6 8 13 11 9 14 12 10 15 18 16 19 17 20 1
14 12 10 15 18 16 19 17 20 9 11 13 8 6 2 4 7 3 5 1
2 6 8 13 11 9 14 12 10 15 18 16 19 17 20 4 7 3 5 1
13 11 9 14 12 10 15 18 16 19 17 20 8 6 2 4 7 3 5 1
6 8 13 11 9 14 12 10 15 18 16 19 17 20 2 4 7 3 5 1
2 6 4 8 14 12 10 13 9 11 15 17 19 16 18 20 5 1 3 7
11 15 17 19 16 18 20 9 13 10 12 14 8 4 6 2 5 1 3 7
1 5 2 6 4 8 14 12 10 13 9 11 15 17 19 16 18 20 3 7
5 2 6 4 8 14 12 10 13 9 11 15 17 19 16 18 20 1 3 7
6 4 7 3 5 2 8 12 14 10 13 11 9 15 17 19 16 18 20 1
5 2 8 12 14 10 13 11 9 15 17 19 16 18 20 3 7 4 6 1
4 6 2 5 3 8 12 9 14 11 13 10 15 18 16 19 17 20 7 1
17 20 19 16 18 15 10 13 11 14 9 12 8 3 5 2 6 4 7 1
2 5 3 8 12 9 14 11 13 10 15 18 16 19 17 20 6 4 7 1
8 14 11 13 10 12 9 15 18 16 19 17 20 2 5 1 7 3 6 4
1 13 3 15 18 16 19 17 20 4 8 10 7 5 9 6 11 14 2 12
7 10 8 4 1 13 3 15 18 16 19 17 20 5 9 6 11 14 2 12
8 4 1 13 3 15 18 16 19 17 20 10 7 5 9 6 11 14 2 12
2 14 11 6 9 5 7 10 8 4 1 13 3 15 18 16 19 17 20 12
5 7 10 8 4 1 13 3 15 18 16 19 17 20 9 6 11 14 2 12
16 18 20 19 17 15 11 13 2 14 10 8 4 6 9 5 7 3 12 1
7 5 9 6 4 8 10 14 2 13 11 15 17 19 16 18 20 3 12 1
14 2 13 11 15 17 19 16 18 20 10 8 4 6 9 5 7 3 12 1
4 8 10 14 2 13 11 15 17 19 16 18 20 6 9 5 7 3 12 1
2 6 4 8 12 14 10 13 11 9 15 17 19 16 18 20 5 1 3 7
5 2 6 4 8 12 14 10 13 11 9 15 17 19 16 18 20 1 3 7
3 1 5 2 6 4 8 12 14 10 13 11 9 15 17 19 16 18 20 7
13 11 9 15 17 19 16 18 20 10 14 12 8 4 6 2 5 1 3 7
12 14 10 13 11 9 15 17 19 16 18 20 8 4 6 2 5 1 3 7
8 12 14 10 13 11 9 15 17 19 16 18 20 4 6 2 5 1 3 7
1 5 2 6 4 8 12 14 10 13 11 9 15 17 19 16 18 20 3 7
3 7 1 5 2 8 14 12 10 13 9 11 15 17 19 16 18 20 6 4
14 12 10 13 9 11 15 17 19 16 18 20 8 2 5 1 7 3 6 4
8 14 12 10 13 9 11 15 17 19 16 18 20 2 5 1 7 3 6 4
16 18 20 19 17 15 11 9 13 10 12 14 8 2 5 1 7 3 6 4
1 5 2 8 14 12 10 13 9 11 15 17 19 16 18 20 7 3 6 4
7 1 5 2 8 14 12 10 13 9 11 15 17 19 16 18 20 3 6 4
11 15 17 19 16 18 20 9 13 10 12 14 8 2 4 6 3 7 5 1
14 12 10 13 9 11 15 17 19 16 18 20 8 2 4 6 3 7 5 1
2 7 4 6 1 8 14 11 13 10 12 9 15 17 19 16 18 20 5 3
7 4 6 1 8 14 11 13 10 12 9 15 17 19 16 18 20 2 5 3
14 11 13 10 12 9 15 17 19 16 18 20 8 1 6 4 7 2 5 3
1 8 14 11 13 10 12 9 15 17 19 16 18 20 6 4 7 2 5 3
2 8 14 11 13 10 12 9 15 17 19 16 18 20 5 3 7 4 6 1
8 14 11 13 10 12 9 15 17 19 16 18 20 2 5 3 7 4 6 1
5 2 8 14 11 13 10 12 9 15 17 19 16 18 20 3 7 4 6 1
6 4 7 3 5 2 8 14 11 13 10 12 9 15 17 19 16 18 20 1
16 18 20 19 17 15 9 12 10 13 11 14 8 2 5 3 7 4 6 1
14 12 10 13 9 11 15 18 16 19 17 20 8 4 7 2 5 3 6 1
4 8 14 12 10 13 9 11 15 18 16 19 17 20 7 2 5 3 6 1
3 5 2 7 4 8 14 12 10 13 9 11 15 18 16 19 17 20 6 1
13 11 14 10 12 9 15 18 16 19 17 20 8 2 5 1 7 3 6 4
3 7 1 5 2 8 13 11 14 10 12 9 15 18 16 19 17 20 6 4
8 13 11 14 10 12 9 15 18 16 19 17 20 2 5 1 7 3 6 4
7 1 5 2 8 13 11 14 10 12 9 15 18 16 19 17 20 3 6 4
1 5 2 8 13 11 14 10 12 9 15 18 16 19 17 20 7 3 6 4
10 14 9 13 11 15 18 16 19 17 20 12 8 2 4 6 3 7 5 1
3 6 4 2 8 12 10 14 9 13 11 15 18 16 19 17 20 7 5 1
4 2 8 12 10 14 9 13 11 15 18 16 19 17 20 6 3 7 5 1
14 9 13 11 15 18 16 19 17 20 10 12 8 2 4 6 3 7 5 1
7 3 6 4 2 8 12 10 14 9 13 11 15 18 16 19 17 20 5 1
12 14 10 13 11 9 15 18 16 19 17 20 8 2 5 1 7 3 6 4
3 7 1 5 2 8 12 14 10 13 11 9 15 18 16 19 17 20 6 4
14 10 13 11 9 15 18 16 19 17 20 12 8 2 5 1 7 3 6 4
1 5 2 8 12 14 10 13 11 9 15 18 16 19 17 20 7 3 6 4
16 18 20 19 17 15 9 11 13 10 14 12 8 2 5 3 6 4 7 1
3 5 2 8 12 14 10 13 11 9 15 17 19 16 18 20 6 4 7 1
14 10 13 11 9 15 17 19 16 18 20 12 8 2 5 3 6 4 7 1
11 9 15 17 19 16 18 20 13 10 14 12 8 2 5 3 6 4 7 1
9 15 18 16 19 17 20 12 10 13 11 14 8 1 6 4 7 2 5 3
7 4 6 1 8 14 11 13 10 12 9 15 18 16 19 17 20 2 5 3
1 8 14 11 13 10 12 9 15 18 16 19 17 20 6 4 7 2 5 3
16 18 20 19 17 15 9 12 10 13 11 14 8 3 5 2 6 4 7 1
6 2 5 3 8 14 11 13 10 12 9 15 17 19 16 18 20 4 7 1
2 5 3 8 14 11 13 10 12 9 15 17 19 16 18 20 6 4 7 1
4 6 3 8 14 11 13 9 12 10 15 17 19 16 18 20 7 2 5 1
5 2 7 4 6 3 8 14 11 13 9 12 10 15 17 19 16 18 20 1
16 18 20 19 17 15 10 12 9 13 11 14 8 3 6 4 7 2 5 1
10 15 17 19 16 18 20 12 9 13 11 14 8 3 6 4 7 2 5 1
7 4 6 3 8 14 11 13 9 12 10 15 17 19 16 18 20 2 5 1
10 14 9 13 11 15 17 19 16 18 20 12 8 4 7 2 5 3 6 1
16 18 20 19 17 15 11 13 9 14 10 12 8 4 7 2 5 3 6 1
8 12 10 14 9 13 11 15 17 19 16 18 20 4 7 2 5 3 6 1
12 10 14 9 13 11 15 17 19 16 18 20 8 4 7 2 5 3 6 1
5 2 7 4 8 12 10 14 9 13 11 15 17 19 16 18 20 3 6 1
8 12 14 10 13 11 9 15 18 16 19 17 20 4 7 2 5 3 6 1
7 4 8 12 14 10 13 11 9 15 18 16 19 17 20 2 5 3 6 1
3 14 2 6 10 12 9 7 11 8 13 4 15 17 19 16 18 20 5 1
12 9 7 11 8 13 4 15 17 19 16 18 20 10 6 2 14 3 5 1
6 4 2 8 14 12 10 13 11 9 15 17 19 16 18 20 3 7 5 1
11 9 15 17 19 16 18 20 13 10 12 14 8 2 4 6 3 7 5 1
7 3 6 4 2 8 14 12 10 13 11 9 15 17 19 16 18 20 5 1
8 14 12 10 13 11 9 15 17 19 16 18 20 2 4 6 3 7 5 1
17 20 19 16 18 15 10 13 11 14 9 12 8 2 4 6 3 5 7 1
2 8 12 9 14 11 13 10 15 18 16 19 17 20 4 6 3 5 7 1
12 9 14 11 13 10 15 18 16 19 17 20 8 2 4 6 3 5 7 1
3 8 12 10 14 9 13 11 15 17 19 16 18 20 6 1 4 7 2 5
6 3 8 12 10 14 9 13 11 15 17 19 16 18 20 1 4 7 2 5
16 18 20 19 17 15 11 13 9 14 10 12 8 3 6 1 4 7 2 5
10 14 9 13 11 15 17 19 16 18 20 12 8 3 6 1 4 7 2 5
1 6 3 8 12 10 14 9 13 11 15 17 19 16 18 20 4 7 2 5
12 10 8 11 9 7 13 4 15 17 19 16 18 20 6 2 14 3 5 1
7 13 4 15 17 19 16 18 20 9 11 8 10 12 6 2 14 3 5 1
3 14 2 6 12 10 8 11 9 7 13 4 15 17 19 16 18 20 5 1
11 9 7 13 4 15 17 19 16 18 20 8 10 12 6 2 14 3 5 1
14 2 6 12 10 8 11 9 7 13 4 15 17 19 16 18 20 3 5 1
12 10 15 17 19 16 18 20 9 13 11 14 8 3 5 2 6 4 7 1
2 5 3 8 14 11 13 9 12 10 15 17 19 16 18 20 6 4 7 1
7 4 6 2 5 3 8 14 11 13 9 12 10 15 17 19 16 18 20 1
17 20 19 16 18 15 13 10 14 9 12 1 7 5 3 6 2 4 8 11
2 6 3 5 7 1 12 9 14 10 13 15 18 16 19 17 20 4 8 11
7 1 12 9 14 10 13 15 18 16 19 17 20 5 3 6 2 4 8 11
13 15 18 16 19 17 20 10 14 9 12 1 7 5 3 6 2 4 8 11
12 9 14 10 13 15 18 16 19 17 20 1 7 5 3 6 2 4 8 11
1 12 9 14 10 13 15 18 16 19 17 20 7 5 3 6 2 4 8 11
3 7 5 2 4 8 14 11 13 10 12 9 15 18 16 19 17 20 6 1
14 11 13 10 12 9 15 18 16 19 17 20 8 4 2 5 7 3 6 1
8 14 11 13 10 12 9 15 18 16 19 17 20 4 2 5 7 3 6 1
13 10 12 9 15 18 16 19 17 20 11 14 8 4 2 5 7 3 6 1
12 9 15 18 16 19 17 20 10 13 11 14 8 4 2 5 7 3 6 1
3 6 4 2 8 10 14 12 9 13 11 15 18 16 19 17 20 5 7 1
4 2 8 10 14 12 9 13 11 15 18 16 19 17 20 6 3 5 7 1
4 7 3 5 2 8 14 11 13 10 12 9 15 18 16 19 17 20 6 1
8 14 11 13 10 12 9 15 18 16 19 17 20 2 5 3 7 4 6 1
2 8 14 11 13 10 12 9 15 18 16 19 17 20 5 3 7 4 6 1
6 10 8 4 1 13 3 15 18 16 19 17 20 9 7 5 11 14 2 12
8 4 1 13 3 15 18 16 19 17 20 10 6 9 7 5 11 14 2 12
14 11 5 7 9 6 10 8 4 1 13 3 15 18 16 19 17 20 2 12
10 8 4 1 13 3 15 18 16 19 17 20 6 9 7 5 11 14 2 12
5 7 9 6 10 8 4 1 13 3 15 18 16 19 17 20 11 14 2 12
1 13 3 15 18 16 19 17 20 4 8 10 6 9 7 5 11 14 2 12
8 12 14 10 13 11 9 15 18 16 19 17 20 4 2 6 1 3 7 5
4 8 12 14 10 13 11 9 15 18 16 19 17 20 2 6 1 3 7 5
14 10 13 11 9 15 18 16 19 17 20 12 8 4 2 6 1 3 7 5
1 6 2 4 8 12 14 10 13 11 9 15 18 16 19 17 20 3 7 5
8 14 11 13 9 12 10 15 17 19 16 18 20 4 7 2 5 3 6 1
13 9 12 10 15 17 19 16 18 20 11 14 8 4 7 2 5 3 6 1
14 11 13 9 12 10 15 17 19 16 18 20 8 4 7 2 5 3 6 1
3 5 2 7 4 8 14 11 13 9 12 10 15 17 19 16 18 20 6 1
7 5 3 6 2 4 8 10 14 12 9 13 11 15 17 19 16 18 20 1
8 10 14 12 9 13 11 15 17 19 16 18 20 4 2 6 3 5 7 1
3 6 2 4 8 10 14 12 9 13 11 15 17 19 16 18 20 5 7 1
16 18 20 19 17 15 11 13 2 14 10 4 7 5 9 6 8 3 12 1
9 5 7 4 10 14 2 13 11 15 17 19 16 18 20 6 8 3 12 1
4 10 14 2 13 11 15 17 19 16 18 20 7 5 9 6 8 3 12 1
7 4 10 14 2 13 11 15 17 19 16 18 20 5 9 6 8 3 12 1
8 6 9 5 7 4 10 14 2 13 11 15 17 19 16 18 20 3 12 1
7 5 8 2 11 13 1 10 14 12 15 18 16 19 17 20 3 6 4 9
2 11 13 1 10 14 12 15 18 16 19 17 20 8 5 7 3 6 4 9
14 12 15 18 16 19 17 20 10 1 13 11 2 8 5 7 3 6 4 9
8 2 11 13 1 10 14 12 15 18 16 19 17 20 5 7 3 6 4 9
6 3 7 5 8 2 11 13 1 10 14 12 15 18 16 19 17 20 4 9
6 3 8 10 14 12 9 13 11 15 18 16 19 17 20 1 4 7 2 5
3 8 10 14 12 9 13 11 15 18 16 19 17 20 6 1 4 7 2 5
2 7 4 1 6 3 8 10 14 12 9 13 11 15 18 16 19 17 20 5
4 1 6 3 8 10 14 12 9 13 11 15 18 16 19 17 20 7 2 5
1 6 3 8 10 14 12 9 13 11 15 18 16 19 17 20 4 7 2 5
12 10 14 9 13 11 15 18 16 19 17 20 8 4 6 2 7 3 5 1
10 14 9 13 11 15 18 16 19 17 20 12 8 4 6 2 7 3 5 1
8 12 10 14 9 13 11 15 18 16 19 17 20 4 6 2 7 3 5 1
5 3 7 2 6 4 8 12 10 14 9 13 11 15 18 16 19 17 20 1
7 2 6 4 8 12 10 14 9 13 11 15 18 16 19 17 20 3 5 1
6 1 8 12 10 14 9 13 11 15 17 19 16 18 20 4 7 2 5 3
7 4 6 1 8 12 10 14 9 13 11 15 17 19 16 18 20 2 5 3
16 18 20 19 17 15 11 13 9 14 10 12 8 1 6 4 7 2 5 3
14 9 13 11 15 17 19 16 18 20 10 12 8 1 6 4 7 2 5 3
1 8 12 10 14 9 13 11 15 17 19 16 18 20 6 4 7 2 5 3
11 14 10 13 9 12 15 18 16 19 17 20 8 2 4 6 3 7 5 1
13 9 12 15 18 16 19 17 20 10 14 11 8 2 4 6 3 7 5 1
14 10 13 9 12 15 18 16 19 17 20 11 8 2 4 6 3 7 5 1
17 20 19 16 18 15 11 13 9 14 10 12 8 1 6 4 7 2 5 3
6 1 8 12 10 14 9 13 11 15 18 16 19 17 20 4 7 2 5 3
14 9 13 11 15 18 16 19 17 20 10 12 8 1 6 4 7 2 5 3
2 7 4 6 1 8 12 10 14 9 13 11 15 18 16 19 17 20 5 3
5 2 7 4 6 1 8 12 10 14 9 13 11 15 18 16 19 17 20 3
1 8 12 10 14 9 13 11 15 18 16 19 17 20 6 4 7 2 5 3
17 20 19 16 18 15 9 12 10 13 11 14 8 3 6 1 4 7 2 5
14 11 13 10 12 9 15 18 16 19 17 20 8 3 6 1 4 7 2 5
3 8 14 11 13 10 12 9 15 18 16 19 17 20 6 1 4 7 2 5
1 6 3 8 14 11 13 10 12 9 15 18 16 19 17 20 4 7 2 5
4 6 1 8 14 11 13 9 12 10 15 18 16 19 17 20 7 2 5 3
7 4 6 1 8 14 11 13 9 12 10 15 18 16 19 17 20 2 5 3
17 20 19 16 18 15 10 12 9 13 11 14 8 1 6 4 7 2 5 3
4 8 6 13 5 9 3 11 2 7 1 15 18 16 19 17 20 10 12 14
6 13 5 9 3 11 2 7 1 15 18 16 19 17 20 8 4 10 12 14
5 9 3 11 2 7 1 15 18 16 19 17 20 13 6 8 4 10 12 14
12 10 4 8 6 13 5 9 3 11 2 7 1 15 18 16 19 17 20 14
10 4 8 6 13 5 9 3 11 2 7 1 15 18 16 19 17 20 12 14
14 11 13 10 12 9 15 18 16 19 17 20 8 5 2 7 4 1 6 3
5 8 14 11 13 10 12 9 15 18 16 19 17 20 2 7 4 1 6 3
1 4 7 2 5 8 14 11 13 10 12 9 15 18 16 19 17 20 6 3
7 4 6 3 5 2 8 12 9 14 11 13 10 15 18 16 19 17 20 1
2 8 12 9 14 11 13 10 15 18 16 19 17 20 5 3 6 4 7 1
14 11 13 10 15 18 16 19 17 20 9 12 8 2 5 3 6 4 7 1
6 3 8 14 12 10 13 9 11 15 17 19 16 18 20 1 4 7 2 5
2 7 4 1 6 3 8 14 12 10 13 9 11 15 17 19 16 18 20 5
17 20 19 16 18 15 13 10 14 9 12 1 7 4 6 2 5 3 8 11
13 15 18 16 19 17 20 10 14 9 12 1 7 4 6 2 5 3 8 11
8 3 5 2 6 4 7 1 12 9 14 10 13 15 18 16 19 17 20 11
2 6 4 7 1 12 9 14 10 13 15 18 16 19 17 20 5 3 8 11
13 11 15 17 19 16 18 20 2 14 10 6 9 4 7 5 8 3 12 1
16 18 20 19 17 15 11 13 2 14 10 6 9 4 7 5 8 3 12 1
7 4 9 6 10 14 2 13 11 15 17 19 16 18 20 5 8 3 12 1
14 2 13 11 15 17 19 16 18 20 10 6 9 4 7 5 8 3 12 1
12 3 8 5 7 4 9 6 10 14 2 13 11 15 17 19 16 18 20 1
7 3 1 6 2 4 8 11 14 10 13 9 12 15 18 16 19 17 20 5
6 2 4 8 11 14 10 13 9 12 15 18 16 19 17 20 1 3 7 5
13 9 12 15 18 16 19 17 20 10 14 11 8 4 2 6 1 3 7 5
17 20 19 16 18 15 12 9 13 10 14 11 8 4 2 6 1 3 7 5
14 10 13 9 12 15 18 16 19 17 20 11 8 4 2 6 1 3 7 5
11 14 10 13 9 12 15 18 16 19 17 20 8 4 2 6 1 3 7 5
1 6 2 4 8 11 14 10 13 9 12 15 18 16 19 17 20 3 7 5
6 11 8 4 10 7 5 9 3 13 1 15 18 16 19 17 20 12 2 14
17 20 19 16 18 15 1 13 3 9 5 7 10 4 8 11 6 12 2 14
5 9 3 13 1 15 18 16 19 17 20 7 10 4 8 11 6 12 2 14
9 3 13 1 15 18 16 19 17 20 5 7 10 4 8 11 6 12 2 14
2 12 6 11 8 4 10 7 5 9 3 13 1 15 18 16 19 17 20 14
13 1 15 18 16 19 17 20 3 9 5 7 10 4 8 11 6 12 2 14
17 20 19 16 18 15 11 9 13 10 12 14 8 6 2 4 7 3 5 1
7 4 2 6 8 14 12 10 13 9 11 15 18 16 19 17 20 3 5 1
8 14 12 10 13 11 9 15 17 19 16 18 20 4 2 6 1 3 7 5
7 3 1 6 2 4 8 14 12 10 13 11 9 15 17 19 16 18 20 5
16 18 20 19 17 15 9 11 13 10 12 14 8 4 2 6 1 3 7 5
6 2 4 8 14 12 10 13 11 9 15 17 19 16 18 20 1 3 7 5
3 1 6 2 4 8 14 12 10 13 11 9 15 17 19 16 18 20 7 5
13 11 9 15 17 19 16 18 20 10 12 14 8 4 2 6 1 3 7 5
1 6 2 4 8 14 12 10 13 11 9 15 17 19 16 18 20 3 7 5
10 12 9 15 18 16 19 17 20 13 11 14 8 3 6 2 4 7 5 1
9 15 18 16 19 17 20 12 10 13 11 14 8 3 6 2 4 7 5 1
14 11 13 10 12 9 15 18 16 19 17 20 8 3 6 2 4 7 5 1
12 3 10 5 8 13 1 15 18 16 19 17 20 7 4 11 6 9 2 14
2 9 6 11 4 7 12 3 10 5 8 13 1 15 18 16 19 17 20 14
7 12 10 8 13 4 15 17 19 16 18 20 9 11 6 2 14 3 5 1
5 3 14 2 6 11 9 7 12 10 8 13 4 15 17 19 16 18 20 1
16 18 20 19 17 15 4 13 8 10 12 7 9 11 6 2 14 3 5 1
11 9 7 12 10 8 13 4 15 17 19 16 18 20 6 2 14 3 5 1
13 4 15 17 19 16 18 20 8 10 12 7 9 11 6 2 14 3 5 1
17 20 19 16 18 15 9 12 10 14 11 13 8 2 4 6 3 5 7 1
8 13 11 14 10 12 9 15 18 16 19 17 20 2 4 6 3 5 7 1
13 11 14 10 12 9 15 18 16 19 17 20 8 2 4 6 3 5 7 1
7 5 3 6 4 2 8 13 11 14 10 12 9 15 18 16 19 17 20 1
3 7 1 4 10 14 12 15 18 16 19 17 20 5 8 2 6 9 13 11
8 5 3 7 1 4 10 14 12 15 18 16 19 17 20 2 6 9 13 11
10 7 4 9 6 11 3 13 1 15 17 19 16 18 20 5 8 12 2 14
4 9 6 11 3 13 1 15 17 19 16 18 20 7 10 5 8 12 2 14
2 12 8 5 10 7 4 9 6 11 3 13 1 15 17 19 16 18 20 14
5 10 7 4 9 6 11 3 13 1 15 17 19 16 18 20 8 12 2 14
6 11 3 13 1 15 17 19 16 18 20 9 4 7 10 5 8 12 2 14
9 6 11 3 13 1 15 17 19 16 18 20 4 7 10 5 8 12 2 14
4 2 6 3 8 13 11 14 10 12 9 15 17 19 16 18 20 7 5 1
11 14 10 12 9 15 17 19 16 18 20 13 8 3 6 2 4 7 5 1
6 3 8 13 11 14 10 12 9 15 17 19 16 18 20 2 4 7 5 1
5 7 3 6 4 2 8 12 10 14 9 13 11 15 17 19 16 18 20 1
4 2 8 12 10 14 9 13 11 15 17 19 16 18 20 6 3 7 5 1
12 10 14 9 13 11 15 17 19 16 18 20 8 2 4 6 3 7 5 1
7 3 6 4 2 8 12 10 14 9 13 11 15 17 19 16 18 20 5 1
8 12 10 14 9 13 11 15 17 19 16 18 20 2 4 6 3 7 5 1
14 11 13 9 12 10 15 18 16 19 17 20 8 2 4 6 3 7 5 1
7 3 6 4 2 8 14 11 13 9 12 10 15 18 16 19 17 20 5 1
2 8 14 11 13 9 12 10 15 18 16 19 17 20 4 6 3 7 5 1
5 7 3 6 4 2 8 14 11 13 9 12 10 15 18 16 19 17 20 1
12 10 15 18 16 19 17 20 9 13 11 14 8 2 4 6 3 7 5 1
5 2 6 4 8 12 14 10 13 11 9 15 18 16 19 17 20 7 3 1
11 9 15 18 16 19 17 20 13 10 14 12 8 4 6 2 5 7 3 1
7 5 2 6 4 8 12 14 10 13 11 9 15 18 16 19 17 20 3 1
13 11 9 15 18 16 19 17 20 10 14 12 8 4 6 2 5 7 3 1
14 10 13 11 9 15 18 16 19 17 20 12 8 4 6 2 5 7 3 1
8 10 14 12 9 13 11 15 18 16 19 17 20 2 5 3 6 4 7 1
2 8 10 14 12 9 13 11 15 18 16 19 17 20 5 3 6 4 7 1
7 4 6 3 5 2 8 10 14 12 9 13 11 15 18 16 19 17 20 1
2 11 13 1 10 14 12 15 17 19 16 18 20 8 6 4 7 3 5 9
16 18 20 19 17 15 12 14 10 1 13 11 2 8 6 4 7 3 5 9
11 13 1 10 14 12 15 17 19 16 18 20 2 8 6 4 7 3 5 9
3 7 4 6 8 2 11 13 1 10 14 12 15 17 19 16 18 20 5 9
1 6 3 8 14 11 13 9 12 10 15 17 19 16 18 20 4 7 2 5
4 1 6 3 8 14 11 13 9 12 10 15 17 19 16 18 20 7 2 5
12 10 15 17 19 16 18 20 9 13 11 14 8 3 6 1 4 7 2 5
16 18 20 19 17 15 10 12 9 13 11 14 8 3 6 1 4 7 2 5
2 7 4 1 6 3 8 14 11 13 9 12 10 15 17 19 16 18 20 5
5 2 7 4 6 3 8 12 10 14 9 13 11 15 18 16 19 17 20 1
17 20 19 16 18 15 11 13 9 14 10 12 8 3 6 4 7 2 5 1
5 2 7 4 6 3 8 14 11 13 9 12 10 15 18 16 19 17 20 1
8 14 11 13 9 12 10 15 18 16 19 17 20 3 6 4 7 2 5 1
8 13 11 14 10 12 9 15 18 16 19 17 20 3 6 4 7 2 5 1
13 11 14 10 12 9 15 18 16 19 17 20 8 3 6 4 7 2 5 1
5 2 7 4 6 3 8 13 11 14 10 12 9 15 18 16 19 17 20 1
6 10 7 4 8 5 3 12 1 14 2 13 15 17 19 16 18 20 9 11
1 14 2 13 15 17 19 16 18 20 12 3 5 8 4 7 10 6 9 11
4 8 12 10 14 9 13 11 15 18 16 19 17 20 2 6 1 3 7 5
6 2 4 8 12 10 14 9 13 11 15 18 16 19 17 20 1 3 7 5
7 3 1 6 2 4 8 12 10 14 9 13 11 15 18 16 19 17 20 5
13 11 15 18 16 19 17 20 9 14 10 12 8 4 2 6 1 3 7 5
2 4 8 12 10 14 9 13 11 15 18 16 19 17 20 6 1 3 7 5
1 6 2 4 8 12 10 14 9 13 11 15 18 16 19 17 20 3 7 5
3 13 1 15 18 16 19 17 20 9 4 7 11 5 8 10 6 12 2 14
6 10 8 5 11 7 4 9 3 13 1 15 18 16 19 17 20 12 2 14
16 18 20 19 17 15 11 9 13 10 12 14 8 5 2 7 4 1 6 3
14 12 10 13 9 11 15 17 19 16 18 20 8 5 2 7 4 1 6 3
10 15 18 16 19 17 20 12 9 13 11 14 8 3 6 2 4 7 5 1
5 7 4 2 6 3 8 14 11 13 9 12 10 15 18 16 19 17 20 1
2 6 3 8 14 11 13 9 12 10 15 18 16 19 17 20 4 7 5 1
7 4 2 6 3 8 14 11 13 9 12 10 15 18 16 19 17 20 5 1
6 4 8 12 14 10 13 11 9 15 18 16 19 17 20 2 5 1 3 7
17 20 19 16 18 15 9 11 13 10 14 12 8 4 6 2 5 1 3 7
8 12 14 10 13 11 9 15 18 16 19 17 20 4 6 2 5 1 3 7
1 5 2 6 4 8 12 14 10 13 11 9 15 18 16 19 17 20 3 7
4 8 14 12 10 13 11 9 15 18 16 19 17 20 6 2 7 3 5 1
2 6 4 8 14 12 10 13 11 9 15 18 16 19 17 20 7 3 5 1
6 4 8 14 12 10 13 11 9 15 18 16 19 17 20 2 7 3 5 1
11 9 15 18 16 19 17 20 13 10 12 14 8 4 6 2 7 3 5 1
8 14 11 13 10 12 9 15 18 16 19 17 20 2 4 6 3 5 7 1
9 15 18 16 19 17 20 12 10 13 11 14 8 2 4 6 3 5 7 1
12 9 15 18 16 19 17 20 10 13 11 14 8 2 4 6 3 5 7 1
7 5 3 6 4 2 8 14 11 13 10 12 9 15 18 16 19 17 20 1
2 8 14 11 13 10 12 9 15 18 16 19 17 20 4 6 3 5 7 1
11 14 10 12 9 15 17 19 16 18 20 13 8 3 6 1 4 7 2 5
13 11 14 10 12 9 15 17 19 16 18 20 8 3 6 1 4 7 2 5
4 1 6 3 8 13 11 14 10 12 9 15 17 19 16 18 20 7 2 5
1 6 3 8 13 11 14 10 12 9 15 17 19 16 18 20 4 7 2 5
7 4 2 6 8 13 11 9 14 12 10 15 17 19 16 18 20 3 5 1
4 2 6 8 13 11 9 14 12 10 15 17 19 16 18 20 7 3 5 1
13 11 9 14 12 10 15 17 19 16 18 20 8 6 2 4 7 3 5 1
8 13 11 9 14 12 10 15 17 19 16 18 20 6 2 4 7 3 5 1
11 4 7 12 3 10 5 8 13 1 15 17 19 16 18 20 6 9 2 14
3 10 5 8 13 1 15 17 19 16 18 20 12 7 4 11 6 9 2 14
2 9 6 11 4 7 12 3 10 5 8 13 1 15 17 19 16 18 20 14
9 6 11 4 7 12 3 10 5 8 13 1 15 17 19 16 18 20 2 14
4 7 12 3 10 5 8 13 1 15 17 19 16 18 20 11 6 9 2 14
10 5 8 13 1 15 17 19 16 18 20 3 12 7 4 11 6 9 2 14
1 15 17 19 16 18 20 13 8 5 10 3 12 7 4 11 6 9 2 14
9 15 17 19 16 18 20 12 10 13 11 14 8 6 2 4 7 3 5 1
8 14 11 13 10 12 9 15 17 19 16 18 20 6 2 4 7 3 5 1
3 7 4 2 6 8 14 11 13 10 12 9 15 17 19 16 18 20 5 1
2 6 8 14 11 13 10 12 9 15 17 19 16 18 20 4 7 3 5 1
4 6 2 5 3 8 12 14 10 13 11 9 15 18 16 19 17 20 7 1
12 14 10 13 11 9 15 18 16 19 17 20 8 3 5 2 6 4 7 1
14 10 13 11 9 15 18 16 19 17 20 12 8 3 5 2 6 4 7 1
6 2 5 3 8 12 14 10 13 11 9 15 18 16 19 17 20 4 7 1
8 5 3 13 1 15 17 19 16 18 20 11 6 9 4 10 7 12 2 14
6 2 5 3 8 14 12 10 13 9 11 15 18 16 19 17 20 4 7 1
3 8 14 12 10 13 9 11 15 18 16 19 17 20 5 2 6 4 7 1
17 20 19 16 18 15 9 12 10 14 11 13 8 3 6 2 4 7 5 1
4 2 6 3 8 13 11 14 10 12 9 15 18 16 19 17 20 7 5 1
5 7 4 2 6 3 8 13 11 14 10 12 9 15 18 16 19 17 20 1
9 6 11 8 5 10 7 3 13 1 15 17 19 16 18 20 4 12 2 14
2 12 4 9 6 11 8 5 10 7 3 13 1 15 17 19 16 18 20 14
6 11 8 5 10 7 3 13 1 15 17 19 16 18 20 9 4 12 2 14
5 10 7 3 13 1 15 17 19 16 18 20 8 11 6 9 4 12 2 14
16 18 20 19 17 15 1 13 3 7 10 5 8 11 6 9 4 12 2 14
4 9 6 11 8 5 10 7 3 13 1 15 17 19 16 18 20 12 2 14
11 8 5 10 7 3 13 1 15 17 19 16 18 20 6 9 4 12 2 14
14 12 10 13 11 9 15 17 19 16 18 20 8 4 2 5 7 3 6 1
5 2 4 8 14 12 10 13 11 9 15 17 19 16 18 20 7 3 6 1
3 7 5 2 4 8 14 12 10 13 11 9 15 17 19 16 18 20 6 1
13 11 15 17 19 16 18 20 9 14 10 12 8 2 4 6 3 5 7 1
2 8 12 10 14 9 13 11 15 17 19 16 18 20 4 6 3 5 7 1
3 1 5 2 6 4 8 14 12 10 13 11 9 15 17 19 16 18 20 7
11 7 9 5 8 10 6 4 1 13 3 15 18 16 19 17 20 14 2 12
14 11 7 9 5 8 10 6 4 1 13 3 15 18 16 19 17 20 2 12
9 5 8 10 6 4 1 13 3 15 18 16 19 17 20 7 11 14 2 12
7 9 5 8 10 6 4 1 13 3 15 18 16 19 17 20 11 14 2 12
8 10 6 4 1 13 3 15 18 16 19 17 20 5 9 7 11 14 2 12
1 13 3 15 18 16 19 17 20 4 6 10 8 5 9 7 11 14 2 12
5 3 8 14 12 10 13 9 11 15 17 19 16 18 20 2 6 4 7 1
14 12 10 13 9 11 15 17 19 16 18 20 8 3 5 2 6 4 7 1
8 14 12 10 13 9 11 15 17 19 16 18 20 3 5 2 6 4 7 1
6 2 5 3 8 14 12 10 13 9 11 15 17 19 16 18 20 4 7 1
11 15 17 19 16 18 20 9 13 10 12 14 8 3 5 2 6 4 7 1
7 1 5 2 8 12 10 14 9 13 11 15 17 19 16 18 20 3 6 4
1 5 2 8 12 10 14 9 13 11 15 17 19 16 18 20 7 3 6 4
14 9 13 11 15 17 19 16 18 20 10 12 8 2 5 1 7 3 6 4
6 3 7 1 5 2 8 12 10 14 9 13 11 15 17 19 16 18 20 4
10 14 9 13 11 15 17 19 16 18 20 12 8 2 5 1 7 3 6 4
4 6 3 8 12 14 10 13 11 9 15 18 16 19 17 20 7 2 5 1
3 8 12 14 10 13 11 9 15 18 16 19 17 20 6 4 7 2 5 1
6 1 4 7 2 5 8 14 11 13 9 12 10 15 17 19 16 18 20 3
12 10 15 17 19 16 18 20 9 13 11 14 8 5 2 7 4 1 6 3
14 11 13 9 12 10 15 17 19 16 18 20 8 5 2 7 4 1 6 3
13 11 14 10 12 9 15 18 16 19 17 20 8 4 2 5 7 3 6 1
8 10 14 12 9 13 11 15 18 16 19 17 20 6 2 4 7 3 5 1
17 20 19 16 18 15 11 13 9 12 14 10 8 6 2 4 7 3 5 1
5 3 7 4 2 6 8 10 14 12 9 13 11 15 18 16 19 17 20 1
14 9 13 11 15 18 16 19 17 20 10 12 8 2 5 3 7 4 6 1
5 2 8 12 10 14 9 13 11 15 18 16 19 17 20 3 7 4 6 1
8 12 10 14 9 13 11 15 18 16 19 17 20 2 5 3 7 4 6 1
17 20 19 16 18 15 11 13 9 14 10 12 8 2 5 3 7 4 6 1
17 20 19 16 18 15 11 9 13 10 12 14 8 3 6 4 7 2 5 1
14 12 10 13 9 11 15 17 19 16 18 20 8 3 6 1 4 7 2 5
14 10 13 9 12 15 18 16 19 17 20 11 8 4 7 2 5 3 6 1
7 4 8 11 14 10 13 9 12 15 18 16 19 17 20 2 5 3 6 1
2 7 4 8 11 14 10 13 9 12 15 18 16 19 17 20 5 3 6 1
4 8 11 14 10 13 9 12 15 18 16 19 17 20 7 2 5 3 6 1
13 9 12 15 18 16 19 17 20 10 14 11 8 4 7 2 5 3 6 1
4 2 6 8 10 14 12 9 13 11 15 17 19 16 18 20 7 3 5 1
4 2 8 12 9 14 11 13 10 15 17 19 16 18 20 6 3 5 7 1
10 15 17 19 16 18 20 13 11 14 9 12 8 2 4 6 3 5 7 1
8 12 9 14 11 13 10 15 17 19 16 18 20 2 4 6 3 5 7 1
8 14 11 13 10 12 9 15 18 16 19 17 20 3 6 2 4 7 5 1
2 6 3 8 14 11 13 10 12 9 15 18 16 19 17 20 4 7 5 1
5 3 7 2 6 4 8 14 12 10 13 9 11 15 17 19 16 18 20 1
7 2 6 4 8 14 12 10 13 9 11 15 17 19 16 18 20 3 5 1
3 7 2 6 4 8 14 12 10 13 9 11 15 17 19 16 18 20 5 1
8 14 12 10 13 9 11 15 17 19 16 18 20 4 6 2 7 3 5 1
11 15 17 19 16 18 20 9 13 10 12 14 8 4 6 2 7 3 5 1
16 18 20 19 17 15 11 9 13 10 12 14 8 4 6 2 7 3 5 1
14 9 13 11 15 17 19 16 18 20 10 12 8 6 2 4 7 3 5 1
6 4 10 14 2 13 11 15 17 19 16 18 20 8 5 9 7 3 12 1
7 9 5 8 6 4 10 14 2 13 11 15 17 19 16 18 20 3 12 1
14 2 13 11 15 17 19 16 18 20 10 4 6 8 5 9 7 3 12 1
10 14 12 9 13 11 15 18 16 19 17 20 8 4 6 2 7 3 5 1
7 2 6 4 8 10 14 12 9 13 11 15 18 16 19 17 20 3 5 1
2 6 4 8 10 14 12 9 13 11 15 18 16 19 17 20 7 3 5 1
3 5 2 7 4 8 12 10 14 9 13 11 15 17 19 16 18 20 6 1
4 8 12 10 14 9 13 11 15 17 19 16 18 20 7 2 5 3 6 1
2 7 4 8 12 10 14 9 13 11 15 17 19 16 18 20 5 3 6 1
3 7 1 5 2 8 13 11 14 10 12 9 15 17 19 16 18 20 6 4
1 5 2 8 13 11 14 10 12 9 15 17 19 16 18 20 7 3 6 4
5 8 14 12 10 13 9 11 15 17 19 16 18 20 2 7 4 1 6 3
11 15 17 19 16 18 20 9 13 10 12 14 8 5 2 7 4 1 6 3
2 4 8 12 14 10 13 11 9 15 17 19 16 18 20 6 1 3 7 5
12 14 10 13 11 9 15 17 19 16 18 20 8 4 2 6 1 3 7 5
3 1 6 2 4 8 12 14 10 13 11 9 15 17 19 16 18 20 7 5
6 2 4 8 12 14 10 13 11 9 15 17 19 16 18 20 1 3 7 5
7 3 1 6 2 4 8 12 14 10 13 11 9 15 17 19 16 18 20 5
1 6 2 4 8 12 14 10 13 11 9 15 17 19 16 18 20 3 7 5
6 2 5 3 8 12 9 14 11 13 10 15 17 19 16 18 20 4 7 1
3 8 12 9 14 11 13 10 15 17 19 16 18 20 5 2 6 4 7 1
1 4 7 2 5 8 14 11 13 10 12 9 15 17 19 16 18 20 6 3
16 18 20 19 17 15 9 12 10 13 11 14 8 5 2 7 4 1 6 3
7 2 5 8 14 11 13 10 12 9 15 17 19 16 18 20 4 1 6 3
6 4 2 8 14 11 13 10 12 9 15 17 19 16 18 20 3 5 7 1
4 2 8 14 11 13 10 12 9 15 17 19 16 18 20 6 3 5 7 1
7 5 3 6 4 2 8 14 11 13 10 12 9 15 17 19 16 18 20 1
5 3 7 2 6 4 8 10 14 12 9 13 11 15 17 19 16 18 20 1
14 12 9 13 11 15 17 19 16 18 20 10 8 4 6 2 7 3 5 1
11 15 17 19 16 18 20 13 9 12 14 10 8 4 6 2 7 3 5 1
7 2 6 4 8 10 14 12 9 13 11 15 17 19 16 18 20 3 5 1
16 18 20 19 17 15 11 13 9 12 14 10 8 4 6 2 7 3 5 1
7 3 5 2 8 14 12 10 13 9 11 15 17 19 16 18 20 4 6 1
8 14 12 10 13 9 11 15 17 19 16 18 20 2 5 3 7 4 6 1
10 14 9 13 11 15 18 16 19 17 20 12 8 3 5 2 6 4 7 1
4 6 2 5 3 8 12 10 14 9 13 11 15 18 16 19 17 20 7 1
2 5 3 8 12 10 14 9 13 11 15 18 16 19 17 20 6 4 7 1
12 10 14 9 13 11 15 18 16 19 17 20 8 3 5 2 6 4 7 1
6 2 5 3 8 12 10 14 9 13 11 15 18 16 19 17 20 4 7 1
5 7 3 6 4 2 8 11 14 10 13 9 12 15 17 19 16 18 20 1
14 10 13 9 12 15 17 19 16 18 20 11 8 2 4 6 3 7 5 1
6 4 2 8 11 14 10 13 9 12 15 17 19 16 18 20 3 7 5 1
16 18 20 19 17 15 12 9 13 10 14 11 8 2 4 6 3 7 5 1
11 14 10 13 9 12 15 17 19 16 18 20 8 2 4 6 3 7 5 1
4 2 8 11 14 10 13 9 12 15 17 19 16 18 20 6 3 7 5 1
7 3 6 4 2 8 11 14 10 13 9 12 15 17 19 16 18 20 5 1
6 4 2 8 10 14 12 9 13 11 15 17 19 16 18 20 3 7 5 1
10 14 12 9 13 11 15 17 19 16 18 20 8 2 4 6 3 7 5 1
5 7 3 6 4 2 8 10 14 12 9 13 11 15 17 19 16 18 20 1
14 12 9 13 11 15 17 19 16 18 20 10 8 2 4 6 3 7 5 1
7 3 6 4 2 8 10 14 12 9 13 11 15 17 19 16 18 20 5 1
3 6 4 2 8 10 14 12 9 13 11 15 17 19 16 18 20 7 5 1
8 10 14 12 9 13 11 15 17 19 16 18 20 2 4 6 3 7 5 1
8 12 10 14 9 13 11 15 18 16 19 17 20 4 7 2 5 3 6 1
5 2 7 4 8 12 10 14 9 13 11 15 18 16 19 17 20 3 6 1
12 14 10 13 11 9 15 18 16 19 17 20 8 4 2 6 3 5 7 1
5 3 6 2 4 8 12 14 10 13 11 9 15 18 16 19 17 20 7 1
14 11 6 9 5 7 10 8 4 1 13 3 15 18 16 19 17 20 2 12
4 1 13 3 15 18 16 19 17 20 8 10 7 5 9 6 11 14 2 12
7 1 5 2 8 14 11 13 10 12 9 15 18 16 19 17 20 3 6 4
12 9 15 18 16 19 17 20 10 13 11 14 8 2 5 1 7 3 6 4
9 15 18 16 19 17 20 12 10 13 11 14 8 3 6 1 4 7 2 5
4 1 6 3 8 14 11 13 10 12 9 15 18 16 19 17 20 7 2 5
2 7 4 1 6 3 8 14 11 13 10 12 9 15 18 16 19 17 20 5
3 7 1 5 2 8 14 12 10 13 9 11 15 18 16 19 17 20 6 4
2 8 14 12 10 13 9 11 15 18 16 19 17 20 5 1 7 3 6 4
1 5 2 8 14 12 10 13 9 11 15 18 16 19 17 20 7 3 6 4
11 15 18 16 19 17 20 9 13 10 12 14 8 4 2 5 7 3 6 1
14 12 10 13 9 11 15 18 16 19 17 20 8 4 2 5 7 3 6 1
6 3 7 5 2 4 8 14 12 10 13 9 11 15 18 16 19 17 20 1
17 20 19 16 18 15 11 9 13 10 12 14 8 4 2 5 7 3 6 1
4 8 14 12 10 13 9 11 15 18 16 19 17 20 2 5 7 3 6 1
4 2 6 3 8 12 10 14 9 13 11 15 17 19 16 18 20 7 5 1
12 10 14 9 13 11 15 17 19 16 18 20 8 3 6 2 4 7 5 1
7 4 2 6 3 8 12 10 14 9 13 11 15 17 19 16 18 20 5 1
13 11 9 15 17 19 16 18 20 10 12 14 8 4 7 2 5 3 6 1
11 9 15 17 19 16 18 20 13 10 12 14 8 4 7 2 5 3 6 1
6 3 5 2 7 4 8 14 12 10 13 11 9 15 17 19 16 18 20 1
3 5 2 7 4 8 14 12 10 13 11 9 15 17 19 16 18 20 6 1
16 18 20 19 17 15 10 13 11 14 9 12 8 3 6 1 7 4 2 5
4 7 1 6 3 8 12 9 14 11 13 10 15 17 19 16 18 20 2 5
6 3 8 12 9 14 11 13 10 15 17 19 16 18 20 1 7 4 2 5
7 1 6 3 8 12 9 14 11 13 10 15 17 19 16 18 20 4 2 5
9 14 11 13 10 15 17 19 16 18 20 12 8 3 6 1 7 4 2 5
1 6 3 8 12 9 14 11 13 10 15 17 19 16 18 20 7 4 2 5
6 2 4 8 14 11 13 10 12 9 15 18 16 19 17 20 3 5 7 1
8 14 11 13 10 12 9 15 18 16 19 17 20 4 2 6 3 5 7 1
5 3 6 2 4 8 14 11 13 10 12 9 15 18 16 19 17 20 7 1
7 5 3 6 2 4 8 14 11 13 10 12 9 15 18 16 19 17 20 1
17 20 19 16 18 15 9 12 10 13 11 14 8 4 2 6 3 5 7 1
5 7 4 2 6 3 8 14 12 10 13 11 9 15 17 19 16 18 20 1
11 9 15 17 19 16 18 20 13 10 12 14 8 3 6 2 4 7 5 1
13 11 9 15 17 19 16 18 20 10 12 14 8 3 6 2 4 7 5 1
7 4 2 6 3 8 14 12 10 13 11 9 15 17 19 16 18 20 5 1
10 13 11 9 15 17 19 16 18 20 12 14 8 3 6 2 4 7 5 1
2 6 8 14 11 13 9 12 10 15 17 19 16 18 20 4 7 3 5 1
7 4 2 6 8 14 11 13 9 12 10 15 17 19 16 18 20 3 5 1
6 4 2 8 12 10 14 9 13 11 15 17 19 16 18 20 3 7 5 1
10 14 9 13 11 15 17 19 16 18 20 12 8 2 4 6 3 7 5 1
7 3 5 2 8 10 14 12 9 13 11 15 18 16 19 17 20 4 6 1
3 5 2 8 10 14 12 9 13 11 15 18 16 19 17 20 7 4 6 1
5 2 8 10 14 12 9 13 11 15 18 16 19 17 20 3 7 4 6 1
10 14 12 9 13 11 15 18 16 19 17 20 8 2 5 3 7 4 6 1
6 4 2 8 13 11 14 10 12 9 15 18 16 19 17 20 3 5 7 1
14 11 13 10 12 9 15 18 16 19 17 20 8 2 5 3 7 4 6 1
14 12 10 13 11 9 15 17 19 16 18 20 8 2 5 3 6 4 7 1
8 14 12 10 13 11 9 15 17 19 16 18 20 2 5 3 6 4 7 1
11 9 15 17 19 16 18 20 13 10 12 14 8 2 5 3 6 4 7 1
5 2 7 4 8 14 12 10 13 9 11 15 18 16 19 17 20 3 6 1
2 7 4 8 14 12 10 13 9 11 15 18 16 19 17 20 5 3 6 1
2 5 8 10 14 12 9 13 11 15 18 16 19 17 20 7 4 1 6 3
17 20 19 16 18 15 11 13 9 12 14 10 8 5 2 7 4 1 6 3
14 12 9 13 11 15 18 16 19 17 20 10 8 5 2 7 4 1 6 3
10 14 12 9 13 11 15 18 16 19 17 20 8 5 2 7 4 1 6 3
14 12 10 13 11 9 15 17 19 16 18 20 8 5 2 7 4 1 6 3
11 9 15 17 19 16 18 20 13 10 12 14 8 5 2 7 4 1 6 3
16 18 20 19 17 15 9 11 13 10 12 14 8 5 2 7 4 1 6 3
1 4 7 2 5 8 14 12 10 13 11 9 15 17 19 16 18 20 6 3
12 9 14 11 13 10 15 17 19 16 18 20 8 5 2 7 4 1 6 3
7 2 5 8 12 9 14 11 13 10 15 17 19 16 18 20 4 1 6 3
3 8 12 9 14 11 13 10 15 18 16 19 17 20 6 1 4 7 2 5
12 9 14 11 13 10 15 18 16 19 17 20 8 3 6 1 4 7 2 5
17 20 19 16 18 15 10 13 11 14 9 12 8 3 6 1 4 7 2 5
3 1 6 2 4 8 11 14 10 13 9 12 15 17 19 16 18 20 7 5
4 8 11 14 10 13 9 12 15 17 19 16 18 20 2 6 1 3 7 5
11 14 10 13 9 12 15 17 19 16 18 20 8 4 2 6 1 3 7 5
2 4 8 11 14 10 13 9 12 15 17 19 16 18 20 6 1 3 7 5
1 6 2 4 8 11 14 10 13 9 12 15 17 19 16 18 20 3 7 5
6 4 2 8 10 14 12 9 13 11 15 18 16 19 17 20 3 7 5 1
3 6 4 2 8 10 14 12 9 13 11 15 18 16 19 17 20 7 5 1
14 12 9 13 11 15 18 16 19 17 20 10 8 2 4 6 3 7 5 1
2 6 3 8 14 11 13 9 12 10 15 17 19 16 18 20 4 7 5 1
8 14 11 13 9 12 10 15 17 19 16 18 20 3 6 2 4 7 5 1
2 7 4 1 6 3 8 14 11 13 9 12 10 15 18 16 19 17 20 5
6 3 8 14 11 13 9 12 10 15 18 16 19 17 20 1 4 7 2 5
17 20 19 16 18 15 10 12 9 13 11 14 8 3 6 1 4 7 2 5
1 6 3 8 14 11 13 9 12 10 15 18 16 19 17 20 4 7 2 5
9 7 5 8 4 6 10 14 2 13 11 15 17 19 16 18 20 3 12 1
14 2 13 11 15 17 19 16 18 20 10 6 4 8 5 7 9 3 12 1
12 3 9 7 5 8 4 6 10 14 2 13 11 15 17 19 16 18 20 1
10 14 2 13 11 15 17 19 16 18 20 6 4 8 5 7 9 3 12 1
12 3 10 5 8 13 1 15 17 19 16 18 20 7 4 11 6 9 2 14
6 11 4 7 12 3 10 5 8 13 1 15 17 19 16 18 20 9 2 14
16 18 20 19 17 15 1 13 8 5 10 3 12 7 4 11 6 9 2 14
14 10 13 11 9 15 17 19 16 18 20 12 8 2 4 6 3 7 5 1
12 14 10 13 11 9 15 17 19 16 18 20 8 2 4 6 3 7 5 1
16 18 20 19 17 15 9 11 13 10 14 12 8 2 4 6 3 7 5 1
8 12 14 10 13 11 9 15 17 19 16 18 20 2 4 6 3 7 5 1
7 3 6 4 2 8 12 14 10 13 11 9 15 17 19 16 18 20 5 1
3 13 1 15 18 16 19 17 20 11 6 9 4 7 10 5 8 12 2 14
8 5 10 7 4 9 6 11 3 13 1 15 18 16 19 17 20 12 2 14
17 20 19 16 18 15 1 13 3 11 6 9 4 7 10 5 8 12 2 14
10 7 4 9 6 11 3 13 1 15 18 16 19 17 20 5 8 12 2 14
2 12 8 5 10 7 4 9 6 11 3 13 1 15 18 16 19 17 20 14
4 9 6 11 3 13 1 15 18 16 19 17 20 7 10 5 8 12 2 14
11 9 14 12 10 15 18 16 19 17 20 13 8 2 5 1 7 3 6 4
3 7 1 5 2 8 13 11 9 14 12 10 15 18 16 19 17 20 6 4
7 1 5 2 8 13 11 9 14 12 10 15 18 16 19 17 20 3 6 4
13 11 9 14 12 10 15 18 16 19 17 20 8 2 5 1 7 3 6 4
1 5 2 8 13 11 9 14 12 10 15 18 16 19 17 20 7 3 6 4
3 8 6 4 9 7 5 10 14 2 13 11 15 17 19 16 18 20 12 1
14 2 13 11 15 17 19 16 18 20 10 5 7 9 4 6 8 3 12 1
2 8 14 12 10 13 9 11 15 18 16 19 17 20 4 6 3 5 7 1
7 5 3 6 4 2 8 14 12 10 13 9 11 15 18 16 19 17 20 1
17 20 19 16 18 15 11 9 13 10 12 14 8 2 4 6 3 5 7 1
5 3 6 4 2 8 14 12 10 13 9 11 15 18 16 19 17 20 7 1
8 14 12 10 13 9 11 15 18 16 19 17 20 2 4 6 3 5 7 1
11 14 10 12 9 15 18 16 19 17 20 13 8 1 6 4 7 2 5 3
5 2 7 4 6 1 8 13 11 14 10 12 9 15 18 16 19 17 20 3
13 11 14 10 12 9 15 18 16 19 17 20 8 1 6 4 7 2 5 3
7 4 1 6 3 8 12 10 14 9 13 11 15 18 16 19 17 20 2 5
10 4 1 13 3 15 17 19 16 18 20 8 6 9 5 7 11 14 2 12
8 10 4 1 13 3 15 17 19 16 18 20 6 9 5 7 11 14 2 12
2 7 4 1 6 3 8 13 11 14 10 12 9 15 17 19 16 18 20 5
6 3 8 13 11 14 10 12 9 15 17 19 16 18 20 1 4 7 2 5
11 7 10 5 8 6 9 4 1 13 3 15 17 19 16 18 20 14 2 12
4 1 13 3 15 17 19 16 18 20 9 6 8 5 10 7 11 14 2 12
4 6 1 8 10 14 12 9 13 11 15 17 19 16 18 20 7 2 5 3
6 1 8 10 14 12 9 13 11 15 17 19 16 18 20 4 7 2 5 3
5 2 7 4 6 1 8 10 14 12 9 13 11 15 17 19 16 18 20 3
14 12 9 13 11 15 17 19 16 18 20 10 8 1 6 4 7 2 5 3
1 8 10 14 12 9 13 11 15 17 19 16 18 20 6 4 7 2 5 3
7 3 5 2 8 11 14 10 13 9 12 15 17 19 16 18 20 4 6 1
5 2 8 11 14 10 13 9 12 15 17 19 16 18 20 3 7 4 6 1
16 18 20 19 17 15 12 9 13 10 14 11 8 2 5 3 7 4 6 1
2 8 11 14 10 13 9 12 15 17 19 16 18 20 5 3 7 4 6 1
4 7 3 5 2 8 11 14 10 13 9 12 15 17 19 16 18 20 6 1
6 2 4 8 14 12 10 13 11 9 15 17 19 16 18 20 3 5 7 1
4 8 14 12 10 13 11 9 15 17 19 16 18 20 2 6 3 5 7 1
16 18 20 19 17 15 9 11 13 10 12 14 8 4 2 6 3 5 7 1
8 14 11 13 10 12 9 15 18 16 19 17 20 3 6 4 7 2 5 1
9 15 18 16 19 17 20 12 10 13 11 14 8 3 6 4 7 2 5 1
12 9 15 18 16 19 17 20 10 13 11 14 8 3 6 4 7 2 5 1
6 3 8 14 11 13 10 12 9 15 18 16 19 17 20 4 7 2 5 1
5 2 7 4 6 3 8 14 11 13 10 12 9 15 18 16 19 17 20 1
6 4 2 8 10 14 12 9 13 11 15 18 16 19 17 20 3 5 7 1
17 20 19 16 18 15 11 13 9 12 14 10 8 2 4 6 3 5 7 1
11 14 10 12 9 15 17 19 16 18 20 13 8 5 2 7 4 1 6 3
6 1 4 7 2 5 8 13 11 14 10 12 9 15 17 19 16 18 20 3
13 11 14 10 12 9 15 17 19 16 18 20 8 5 2 7 4 1 6 3
4 6 2 5 3 8 13 11 14 10 12 9 15 18 16 19 17 20 7 1
5 3 8 13 11 14 10 12 9 15 18 16 19 17 20 2 6 4 7 1
13 11 14 10 12 9 15 18 16 19 17 20 8 3 5 2 6 4 7 1
12 9 15 17 19 16 18 20 10 13 11 14 8 4 7 2 5 3 6 1
5 2 7 4 8 14 11 13 10 12 9 15 17 19 16 18 20 3 6 1
8 14 11 13 10 12 9 15 17 19 16 18 20 4 7 2 5 3 6 1
5 2 7 4 6 3 8 14 12 10 13 11 9 15 18 16 19 17 20 1
4 6 3 8 14 12 10 13 11 9 15 18 16 19 17 20 7 2 5 1
8 14 12 10 13 11 9 15 18 16 19 17 20 3 6 4 7 2 5 1
4 6 3 5 2 8 10 14 12 9 13 11 15 18 16 19 17 20 7 1
3 5 2 8 10 14 12 9 13 11 15 18 16 19 17 20 6 4 7 1
14 12 9 13 11 15 18 16 19 17 20 10 8 2 5 3 6 4 7 1
7 5 10 14 2 13 11 15 17 19 16 18 20 4 8 6 9 3 12 1
12 3 9 6 8 4 7 5 10 14 2 13 11 15 17 19 16 18 20 1
14 2 13 11 15 17 19 16 18 20 10 5 7 4 8 6 9 3 12 1
14 12 10 13 11 9 15 18 16 19 17 20 8 6 2 4 7 3 5 1
4 2 6 8 14 12 10 13 11 9 15 18 16 19 17 20 7 3 5 1
5 3 7 4 2 6 8 14 12 10 13 11 9 15 18 16 19 17 20 1
8 14 12 10 13 11 9 15 18 16 19 17 20 6 2 4 7 3 5 1
3 5 2 7 4 8 10 14 12 9 13 11 15 17 19 16 18 20 6 1
8 10 14 12 9 13 11 15 17 19 16 18 20 4 7 2 5 3 6 1
6 3 5 2 7 4 8 10 14 12 9 13 11 15 17 19 16 18 20 1
11 8 5 10 7 3 13 1 15 18 16 19 17 20 6 9 4 12 2 14
5 10 7 3 13 1 15 18 16 19 17 20 8 11 6 9 4 12 2 14
2 12 4 9 6 11 8 5 10 7 3 13 1 15 18 16 19 17 20 14
10 7 3 13 1 15 18 16 19 17 20 5 8 11 6 9 4 12 2 14
7 3 13 1 15 18 16 19 17 20 10 5 8 11 6 9 4 12 2 14
10 15 17 19 16 18 20 12 9 13 11 14 8 4 2 6 1 3 7 5
12 10 15 17 19 16 18 20 9 13 11 14 8 4 2 6 1 3 7 5
2 4 8 14 11 13 9 12 10 15 17 19 16 18 20 6 1 3 7 5
7 3 1 6 2 4 8 14 11 13 9 12 10 15 17 19 16 18 20 5
1 6 2 4 8 14 11 13 9 12 10 15 17 19 16 18 20 3 7 5
3 8 14 12 10 13 11 9 15 18 16 19 17 20 6 1 4 7 2 5
7 4 1 6 3 8 14 12 10 13 11 9 15 18 16 19 17 20 2 5
4 1 6 3 8 14 12 10 13 11 9 15 18 16 19 17 20 7 2 5
1 6 3 8 14 12 10 13 11 9 15 18 16 19 17 20 4 7 2 5
3 9 7 5 8 6 4 10 14 2 13 11 15 17 19 16 18 20 12 1
7 5 8 6 4 10 14 2 13 11 15 17 19 16 18 20 9 3 12 1
14 2 13 11 15 17 19 16 18 20 10 4 6 8 5 7 9 3 12 1
5 3 8 13 11 9 14 12 10 15 18 16 19 17 20 2 6 4 7 1
17 20 19 16 18 15 10 12 14 9 11 13 8 3 5 2 6 4 7 1
2 5 3 8 13 11 9 14 12 10 15 18 16 19 17 20 6 4 7 1
4 6 2 5 3 8 13 11 9 14 12 10 15 18 16 19 17 20 7 1
3 8 13 11 9 14 12 10 15 18 16 19 17 20 5 2 6 4 7 1
8 13 11 9 14 12 10 15 18 16 19 17 20 3 5 2 6 4 7 1
6 3 5 2 7 4 8 14 11 13 9 12 10 15 18 16 19 17 20 1
17 20 19 16 18 15 10 12 9 13 11 14 8 4 7 2 5 3 6 1
5 2 7 4 8 14 11 13 9 12 10 15 18 16 19 17 20 3 6 1
6 8 2 11 13 1 10 14 12 15 18 16 19 17 20 4 7 3 5 9
8 2 11 13 1 10 14 12 15 18 16 19 17 20 6 4 7 3 5 9
2 11 13 1 10 14 12 15 18 16 19 17 20 8 6 4 7 3 5 9
3 7 4 6 8 2 11 13 1 10 14 12 15 18 16 19 17 20 5 9
14 12 15 18 16 19 17 20 10 1 13 11 2 8 6 4 7 3 5 9
4 1 13 3 15 17 19 16 18 20 8 10 7 5 9 6 11 14 2 12
9 5 7 10 8 4 1 13 3 15 17 19 16 18 20 6 11 14 2 12
5 7 10 8 4 1 13 3 15 17 19 16 18 20 9 6 11 14 2 12
11 6 9 5 7 10 8 4 1 13 3 15 17 19 16 18 20 14 2 12
14 11 6 9 5 7 10 8 4 1 13 3 15 17 19 16 18 20 2 12
7 10 8 4 1 13 3 15 17 19 16 18 20 5 9 6 11 14 2 12
1 13 3 15 17 19 16 18 20 4 8 10 7 5 9 6 11 14 2 12
3 5 7 1 12 9 14 10 13 15 18 16 19 17 20 6 2 4 8 11
8 4 2 6 3 5 7 1 12 9 14 10 13 15 18 16 19 17 20 11
6 4 8 12 9 14 11 13 10 15 17 19 16 18 20 2 7 3 5 1
14 11 13 10 15 17 19 16 18 20 9 12 8 4 6 2 7 3 5 1
8 12 9 14 11 13 10 15 17 19 16 18 20 4 6 2 7 3 5 1
10 15 17 19 16 18 20 13 11 14 9 12 8 4 6 2 7 3 5 1
7 2 6 4 8 12 9 14 11 13 10 15 17 19 16 18 20 3 5 1
4 8 12 9 14 11 13 10 15 17 19 16 18 20 2 6 3 5 7 1
16 18 20 19 17 15 10 13 11 14 9 12 8 4 2 6 3 5 7 1
14 10 13 11 9 15 18 16 19 17 20 12 8 3 6 2 4 7 5 1
8 12 14 10 13 11 9 15 18 16 19 17 20 3 6 2 4 7 5 1
3 8 12 14 10 13 11 9 15 18 16 19 17 20 6 2 4 7 5 1
4 2 6 3 8 12 14 10 13 11 9 15 18 16 19 17 20 7 5 1
2 6 3 8 12 14 10 13 11 9 15 18 16 19 17 20 4 7 5 1
11 9 15 18 16 19 17 20 13 10 14 12 8 3 6 2 4 7 5 1
16 18 20 19 17 15 9 11 13 10 12 14 8 6 2 4 7 3 5 1
3 7 4 2 6 8 14 12 10 13 11 9 15 17 19 16 18 20 5 1
7 4 2 6 8 14 12 10 13 11 9 15 17 19 16 18 20 3 5 1
4 2 6 8 14 12 10 13 11 9 15 17 19 16 18 20 7 3 5 1
17 20 19 16 18 15 11 9 13 10 12 14 8 2 4 6 3 7 5 1
8 14 12 10 13 9 11 15 18 16 19 17 20 2 4 6 3 7 5 1
14 12 10 13 9 11 15 18 16 19 17 20 8 2 4 6 3 7 5 1
11 15 18 16 19 17 20 9 13 10 12 14 8 2 4 6 3 7 5 1
13 10 12 9 15 18 16 19 17 20 11 14 8 2 5 3 6 4 7 1
12 9 15 18 16 19 17 20 10 13 11 14 8 2 5 3 6 4 7 1
3 5 2 8 14 11 13 10 12 9 15 18 16 19 17 20 6 4 7 1
9 15 18 16 19 17 20 12 10 13 11 14 8 2 5 3 6 4 7 1
5 2 8 14 11 13 10 12 9 15 18 16 19 17 20 3 6 4 7 1
17 20 19 16 18 15 13 2 14 1 12 3 5 8 4 7 10 6 9 11
4 8 5 3 12 1 14 2 13 15 18 16 19 17 20 7 10 6 9 11
10 7 4 8 5 3 12 1 14 2 13 15 18 16 19 17 20 6 9 11
13 11 9 15 18 16 19 17 20 10 12 14 8 3 6 2 4 7 5 1
4 2 6 3 8 14 12 10 13 11 9 15 18 16 19 17 20 7 5 1
14 12 10 13 11 9 15 18 16 19 17 20 8 3 6 2 4 7 5 1
2 6 3 8 14 12 10 13 11 9 15 18 16 19 17 20 4 7 5 1
5 7 4 2 6 3 8 14 12 10 13 11 9 15 18 16 19 17 20 1
2 8 14 12 10 13 9 11 15 17 19 16 18 20 5 1 7 3 6 4
16 18 20 19 17 15 10 12 9 13 11 14 8 2 4 6 3 7 5 1
3 6 4 2 8 14 11 13 9 12 10 15 17 19 16 18 20 7 5 1
6 4 2 8 14 11 13 9 12 10 15 17 19 16 18 20 3 7 5 1
2 8 14 11 13 9 12 10 15 17 19 16 18 20 4 6 3 7 5 1
4 2 8 14 11 13 9 12 10 15 17 19 16 18 20 6 3 7 5 1
14 11 13 10 12 9 15 17 19 16 18 20 8 2 5 3 7 4 6 1
4 7 3 5 2 8 14 11 13 10 12 9 15 17 19 16 18 20 6 1
3 5 2 8 14 11 13 10 12 9 15 17 19 16 18 20 7 4 6 1
10 14 9 13 11 15 18 16 19 17 20 12 8 6 2 4 7 3 5 1
2 6 8 12 10 14 9 13 11 15 18 16 19 17 20 4 7 3 5 1
3 7 4 2 6 8 12 10 14 9 13 11 15 18 16 19 17 20 5 1
7 3 6 4 2 8 14 12 10 13 11 9 15 18 16 19 17 20 5 1
3 6 4 2 8 14 12 10 13 11 9 15 18 16 19 17 20 7 5 1
1 13 3 15 17 19 16 18 20 4 8 10 6 9 7 5 11 14 2 12
6 10 8 4 1 13 3 15 17 19 16 18 20 9 7 5 11 14 2 12
4 1 13 3 15 17 19 16 18 20 8 10 6 9 7 5 11 14 2 12
8 4 1 13 3 15 17 19 16 18 20 10 6 9 7 5 11 14 2 12
5 7 9 6 10 8 4 1 13 3 15 17 19 16 18 20 11 14 2 12
3 15 17 19 16 18 20 13 1 4 8 10 6 9 7 5 11 14 2 12
4 6 1 8 14 12 10 13 11 9 15 17 19 16 18 20 7 2 5 3
14 12 10 13 11 9 15 17 19 16 18 20 8 1 6 4 7 2 5 3
5 2 7 4 6 1 8 14 12 10 13 11 9 15 17 19 16 18 20 3
16 18 20 19 17 15 9 11 13 10 12 14 8 1 6 4 7 2 5 3
1 8 14 12 10 13 11 9 15 17 19 16 18 20 6 4 7 2 5 3
7 3 1 6 2 4 8 14 11 13 9 12 10 15 18 16 19 17 20 5
7 4 6 8 2 11 13 1 10 14 12 15 17 19 16 18 20 3 5 9
4 8 12 10 14 9 13 11 15 18 16 19 17 20 6 2 5 7 3 1
7 5 2 6 4 8 12 10 14 9 13 11 15 18 16 19 17 20 3 1
12 10 14 9 13 11 15 18 16 19 17 20 8 4 6 2 5 7 3 1
3 7 5 2 6 4 8 12 10 14 9 13 11 15 18 16 19 17 20 1
13 11 15 18 16 19 17 20 9 14 10 12 8 4 6 2 5 7 3 1
4 8 11 14 10 13 9 12 15 18 16 19 17 20 2 6 1 3 7 5
8 11 14 10 13 9 12 15 18 16 19 17 20 4 2 6 1 3 7 5
10 14 12 9 13 11 15 18 16 19 17 20 8 3 5 7 2 4 6 1
14 12 9 13 11 15 18 16 19 17 20 10 8 3 5 7 2 4 6 1
17 20 19 16 18 15 11 9 13 10 12 14 8 3 6 2 4 7 5 1
10 13 9 11 15 18 16 19 17 20 12 14 8 3 6 2 4 7 5 1
14 12 10 13 9 11 15 18 16 19 17 20 8 3 6 2 4 7 5 1
11 15 18 16 19 17 20 9 13 10 12 14 8 3 6 2 4 7 5 1
17 20 19 16 18 15 12 9 13 10 14 11 8 2 5 3 7 4 6 1
13 9 12 15 18 16 19 17 20 10 14 11 8 2 5 3 7 4 6 1
4 7 3 5 2 8 11 14 10 13 9 12 15 18 16 19 17 20 6 1
10 14 12 9 13 11 15 18 16 19 17 20 8 4 2 6 3 5 7 1
7 5 3 6 2 4 8 10 14 12 9 13 11 15 18 16 19 17 20 1
5 3 6 2 4 8 10 14 12 9 13 11 15 18 16 19 17 20 7 1
2 4 8 10 14 12 9 13 11 15 18 16 19 17 20 6 3 5 7 1
9 15 17 19 16 18 20 12 10 13 11 14 8 4 6 2 7 3 5 1
8 14 11 13 10 12 9 15 17 19 16 18 20 4 6 2 7 3 5 1
16 18 20 19 17 15 9 12 10 13 11 14 8 4 6 2 7 3 5 1
14 11 13 10 12 9 15 18 16 19 17 20 8 2 4 6 3 5 7 1
17 20 19 16 18 15 9 12 10 13 11 14 8 2 4 6 3 5 7 1
4 2 8 14 11 13 10 12 9 15 18 16 19 17 20 6 3 5 7 1
13 10 12 9 15 18 16 19 17 20 11 14 8 2 4 6 3 5 7 1
6 1 8 10 14 12 9 13 11 15 18 16 19 17 20 4 7 2 5 3
5 2 7 4 6 1 8 10 14 12 9 13 11 15 18 16 19 17 20 3
4 6 1 8 10 14 12 9 13 11 15 18 16 19 17 20 7 2 5 3
14 12 9 13 11 15 18 16 19 17 20 10 8 1 6 4 7 2 5 3
1 8 10 14 12 9 13 11 15 18 16 19 17 20 6 4 7 2 5 3
7 2 6 4 8 14 11 13 10 12 9 15 18 16 19 17 20 3 5 1
2 6 4 8 14 11 13 10 12 9 15 18 16 19 17 20 7 3 5 1
17 20 19 16 18 15 9 12 10 13 11 14 8 4 6 2 7 3 5 1
5 2 6 4 8 13 11 14 10 12 9 15 18 16 19 17 20 1 3 7
1 5 2 6 4 8 13 11 14 10 12 9 15 18 16 19 17 20 3 7
2 6 4 8 13 11 14 10 12 9 15 18 16 19 17 20 5 1 3 7
13 11 14 10 12 9 15 18 16 19 17 20 8 4 6 2 5 1 3 7
8 14 11 13 10 12 9 15 17 19 16 18 20 3 6 4 7 2 5 1
6 3 8 14 11 13 10 12 9 15 17 19 16 18 20 4 7 2 5 1
13 10 12 9 15 17 19 16 18 20 11 14 8 3 6 4 7 2 5 1
12 9 15 17 19 16 18 20 10 13 11 14 8 3 6 4 7 2 5 1
4 2 8 12 14 10 13 11 9 15 18 16 19 17 20 6 3 7 5 1
12 14 10 13 11 9 15 18 16 19 17 20 8 2 4 6 3 7 5 1
2 8 12 14 10 13 11 9 15 18 16 19 17 20 4 6 3 7 5 1
7 3 6 4 2 8 12 14 10 13 11 9 15 18 16 19 17 20 5 1
5 8 14 11 13 9 12 10 15 17 19 16 18 20 2 7 4 1 6 3
2 5 8 14 11 13 9 12 10 15 17 19 16 18 20 7 4 1 6 3
16 18 20 19 17 15 10 12 9 13 11 14 8 5 2 7 4 1 6 3
14 12 10 15 17 19 16 18 20 9 11 13 8 2 5 1 7 3 6 4
6 3 7 1 5 2 8 13 11 9 14 12 10 15 17 19 16 18 20 4
9 14 12 10 15 17 19 16 18 20 11 13 8 2 5 1 7 3 6 4
1 5 2 8 13 11 9 14 12 10 15 17 19 16 18 20 7 3 6 4
6 3 5 2 7 4 8 13 11 14 10 12 9 15 17 19 16 18 20 1
5 2 7 4 8 13 11 14 10 12 9 15 17 19 16 18 20 3 6 1
7 4 8 13 11 14 10 12 9 15 17 19 16 18 20 2 5 3 6 1
14 10 12 9 15 17 19 16 18 20 11 13 8 4 7 2 5 3 6 1
5 3 7 4 2 6 8 10 14 12 9 13 11 15 17 19 16 18 20 1
2 7 1 15 17 19 16 18 20 11 3 9 5 13 6 8 4 10 12 14
15 17 19 16 18 20 1 7 2 11 3 9 5 13 6 8 4 10 12 14
12 10 4 8 6 13 5 9 3 11 2 7 1 15 17 19 16 18 20 14
10 4 8 6 13 5 9 3 11 2 7 1 15 17 19 16 18 20 12 14
14 11 13 10 12 9 15 17 19 16 18 20 8 2 5 3 6 4 7 1
7 4 6 3 5 2 8 14 11 13 10 12 9 15 17 19 16 18 20 1
9 15 17 19 16 18 20 12 10 13 11 14 8 4 7 2 5 3 6 1
4 8 14 11 13 10 12 9 15 17 19 16 18 20 7 2 5 3 6 1
3 5 2 7 4 8 14 11 13 10 12 9 15 17 19 16 18 20 6 1
12 9 15 18 16 19 17 20 10 13 11 14 8 4 6 2 5 1 3 7
11 3 13 1 15 17 19 16 18 20 6 9 4 7 10 5 8 12 2 14
15 17 19 16 18 20 1 13 3 11 6 9 4 7 10 5 8 12 2 14
3 13 1 15 17 19 16 18 20 11 6 9 4 7 10 5 8 12 2 14
12 10 15 17 19 16 18 20 9 13 11 14 8 3 6 4 7 2 5 1
6 3 8 14 11 13 9 12 10 15 17 19 16 18 20 4 7 2 5 1
2 7 4 6 3 8 14 11 13 9 12 10 15 17 19 16 18 20 5 1
8 14 11 13 9 12 10 15 17 19 16 18 20 3 6 4 7 2 5 1
10 15 17 19 16 18 20 13 11 14 9 12 8 4 6 2 5 1 3 7
12 9 14 11 13 10 15 17 19 16 18 20 8 4 6 2 5 1 3 7
2 6 4 8 12 9 14 11 13 10 15 17 19 16 18 20 5 1 3 7
1 5 2 6 4 8 12 9 14 11 13 10 15 17 19 16 18 20 3 7
9 15 17 19 16 18 20 12 10 13 11 14 8 1 6 4 7 2 5 3
4 6 1 8 14 11 13 10 12 9 15 17 19 16 18 20 7 2 5 3
6 1 8 14 11 13 10 12 9 15 17 19 16 18 20 4 7 2 5 3
5 2 7 4 6 1 8 14 11 13 10 12 9 15 17 19 16 18 20 3
16 18 20 19 17 15 9 12 10 13 11 14 8 1 6 4 7 2 5 3
7 2 6 4 8 14 12 10 13 11 9 15 17 19 16 18 20 3 5 1
10 13 11 9 15 17 19 16 18 20 12 14 8 4 6 2 7 3 5 1
5 3 7 2 6 4 8 14 12 10 13 11 9 15 17 19 16 18 20 1
12 9 14 11 13 10 15 17 19 16 18 20 8 2 4 6 3 5 7 1
6 4 2 8 12 9 14 11 13 10 15 17 19 16 18 20 3 5 7 1
10 13 9 11 15 17 19 16 18 20 12 14 8 4 7 2 5 3 6 1
14 12 10 13 9 11 15 17 19 16 18 20 8 4 7 2 5 3 6 1
2 7 4 8 14 12 10 13 9 11 15 17 19 16 18 20 5 3 6 1
16 18 20 19 17 15 11 9 13 10 12 14 8 4 7 2 5 3 6 1
6 3 5 2 7 4 8 14 12 10 13 9 11 15 17 19 16 18 20 1
13 9 11 15 17 19 16 18 20 10 12 14 8 4 7 2 5 3 6 1
11 15 17 19 16 18 20 9 13 10 12 14 8 4 7 2 5 3 6 1
8 14 12 10 13 9 11 15 17 19 16 18 20 4 7 2 5 3 6 1
7 4 6 3 5 2 8 12 9 14 11 13 10 15 17 19 16 18 20 1
14 11 13 10 15 17 19 16 18 20 9 12 8 2 5 3 6 4 7 1
2 8 12 9 14 11 13 10 15 17 19 16 18 20 5 3 6 4 7 1
9 14 11 13 10 15 17 19 16 18 20 12 8 2 5 3 6 4 7 1
2 8 14 11 13 10 12 9 15 18 16 19 17 20 4 6 3 7 5 1
17 20 19 16 18 15 9 12 10 13 11 14 8 2 4 6 3 7 5 1
5 7 3 6 4 2 8 14 11 13 10 12 9 15 18 16 19 17 20 1
3 6 4 2 8 14 11 13 10 12 9 15 18 16 19 17 20 7 5 1
9 15 18 16 19 17 20 12 10 13 11 14 8 2 4 6 3 7 5 1
14 11 13 10 12 9 15 18 16 19 17 20 8 2 4 6 3 7 5 1
8 10 14 12 9 13 11 15 17 19 16 18 20 2 5 3 6 4 7 1
6 3 5 2 8 10 14 12 9 13 11 15 17 19 16 18 20 4 7 1
3 5 2 8 10 14 12 9 13 11 15 17 19 16 18 20 6 4 7 1
10 14 12 9 13 11 15 17 19 16 18 20 8 2 5 3 6 4 7 1
5 2 8 10 14 12 9 13 11 15 17 19 16 18 20 3 6 4 7 1
14 12 9 13 11 15 17 19 16 18 20 10 8 2 5 3 6 4 7 1
4 2 6 3 8 14 11 13 9 12 10 15 17 19 16 18 20 7 5 1
6 3 8 14 11 13 9 12 10 15 17 19 16 18 20 2 4 7 5 1
13 9 12 10 15 17 19 16 18 20 11 14 8 3 6 2 4 7 5 1
5 3 6 4 2 8 12 10 14 9 13 11 15 17 19 16 18 20 7 1
14 9 13 11 15 17 19 16 18 20 10 12 8 2 4 6 3 5 7 1
11 14 10 12 9 15 17 19 16 18 20 13 8 4 2 6 1 3 7 5
13 11 14 10 12 9 15 17 19 16 18 20 8 4 2 6 1 3 7 5
6 2 4 8 13 11 14 10 12 9 15 17 19 16 18 20 1 3 7 5
7 3 1 6 2 4 8 13 11 14 10 12 9 15 17 19 16 18 20 5
1 6 2 4 8 13 11 14 10 12 9 15 17 19 16 18 20 3 7 5
4 10 7 5 9 3 13 1 15 18 16 19 17 20 8 11 6 12 2 14
7 5 9 3 13 1 15 18 16 19 17 20 10 4 8 11 6 12 2 14
6 4 8 12 14 10 13 11 9 15 18 16 19 17 20 2 7 3 5 1
12 14 10 13 11 9 15 18 16 19 17 20 8 4 6 2 7 3 5 1
8 12 14 10 13 11 9 15 18 16 19 17 20 4 6 2 7 3 5 1
5 3 7 2 6 4 8 12 14 10 13 11 9 15 18 16 19 17 20 1
7 3 5 2 8 12 9 14 11 13 10 15 18 16 19 17 20 4 6 1
8 5 3 12 1 14 2 13 15 18 16 19 17 20 4 7 10 6 9 11
5 9 4 8 6 10 14 2 13 11 15 17 19 16 18 20 7 3 12 1
8 6 10 14 2 13 11 15 17 19 16 18 20 4 9 5 7 3 12 1
13 11 15 17 19 16 18 20 2 14 10 6 8 4 9 5 7 3 12 1
12 3 7 5 9 4 8 6 10 14 2 13 11 15 17 19 16 18 20 1
7 5 9 4 8 6 10 14 2 13 11 15 17 19 16 18 20 3 12 1
2 6 4 8 14 12 10 13 9 11 15 17 19 16 18 20 5 7 3 1
4 8 14 12 10 13 9 11 15 17 19 16 18 20 6 2 5 7 3 1
7 5 2 6 4 8 14 12 10 13 9 11 15 17 19 16 18 20 3 1
5 1 3 7 10 13 8 11 14 9 12 15 17 19 16 18 20 2 6 4
4 2 8 14 12 10 13 9 11 15 18 16 19 17 20 6 3 5 7 1
8 13 11 14 10 12 9 15 18 16 19 17 20 3 5 2 6 4 7 1
13 11 14 10 12 9 15 17 19 16 18 20 8 4 6 2 5 7 3 1
3 7 5 2 6 4 8 13 11 14 10 12 9 15 17 19 16 18 20 1
2 6 4 8 13 11 14 10 12 9 15 17 19 16 18 20 5 7 3 1
3 8 14 12 10 13 9 11 15 17 19 16 18 20 5 2 6 4 7 1
2 5 3 8 14 12 10 13 9 11 15 17 19 16 18 20 6 4 7 1
11 14 10 12 9 15 17 19 16 18 20 13 8 4 2 6 3 5 7 1
13 11 14 10 12 9 15 17 19 16 18 20 8 4 2 6 3 5 7 1
2 4 8 13 11 14 10 12 9 15 17 19 16 18 20 6 3 5 7 1
5 3 6 2 4 8 13 11 14 10 12 9 15 17 19 16 18 20 7 1
3 6 2 4 8 12 10 14 9 13 11 15 18 16 19 17 20 5 7 1
7 5 3 6 2 4 8 12 10 14 9 13 11 15 18 16 19 17 20 1
13 11 15 18 16 19 17 20 9 14 10 12 8 4 2 6 3 5 7 1
3 5 2 8 13 11 14 10 12 9 15 17 19 16 18 20 6 4 7 1
3 5 2 8 14 12 10 13 11 9 15 17 19 16 18 20 6 4 7 1
4 6 3 5 2 8 14 12 10 13 11 9 15 17 19 16 18 20 7 1
3 6 9 5 8 4 7 10 14 2 13 11 15 17 19 16 18 20 12 1
16 18 20 19 17 15 11 13 2 14 10 7 4 8 5 9 6 3 12 1
5 8 4 7 10 14 2 13 11 15 17 19 16 18 20 9 6 3 12 1
6 9 5 8 4 7 10 14 2 13 11 15 17 19 16 18 20 3 12 1
10 14 2 13 11 15 17 19 16 18 20 7 4 8 5 9 6 3 12 1
11 15 17 19 16 18 20 13 2 14 10 7 4 8 5 9 6 3 12 1
12 14 10 13 11 9 15 17 19 16 18 20 8 2 5 3 6 4 7 1
5 2 8 12 14 10 13 11 9 15 17 19 16 18 20 3 6 4 7 1
2 5 8 14 11 13 9 12 10 15 18 16 19 17 20 7 4 1 6 3
16 18 20 19 17 15 11 9 13 10 12 14 8 3 6 4 7 2 5 1
7 4 6 3 8 14 12 10 13 9 11 15 17 19 16 18 20 2 5 1
7 5 3 6 4 2 8 14 12 10 13 11 9 15 18 16 19 17 20 1
1 10 14 12 15 18 16 19 17 20 4 2 7 5 3 8 6 9 13 11
4 1 10 14 12 15 18 16 19 17 20 2 7 5 3 8 6 9 13 11
3 5 7 2 4 1 10 14 12 15 18 16 19 17 20 8 6 9 13 11
5 7 2 4 1 10 14 12 15 18 16 19 17 20 3 8 6 9 13 11
5 2 4 8 13 11 14 10 12 9 15 18 16 19 17 20 7 3 6 1
6 3 7 5 2 4 8 13 11 14 10 12 9 15 18 16 19 17 20 1
17 20 19 16 18 15 9 12 10 14 11 13 8 4 2 5 7 3 6 1
8 4 10 7 12 15 18 13 16 19 14 17 20 2 11 5 9 3 6 1
3 9 5 11 2 8 4 10 7 12 15 18 13 16 19 14 17 20 6 1
14 17 20 19 16 13 18 15 12 7 10 4 8 2 11 5 9 3 6 1
17 20 14 19 16 13 18 15 12 7 10 4 8 2 11 5 9 3 6 1
9 5 11 2 8 4 10 7 12 15 18 13 16 19 14 17 20 3 6 1
7 4 2 6 8 12 9 14 11 13 10 15 18 16 19 17 20 3 5 1
4 2 6 8 12 9 14 11 13 10 15 18 16 19 17 20 7 3 5 1
13 10 12 9 15 17 19 16 18 20 11 14 8 2 5 1 7 3 6 4
6 8 14 12 10 13 11 9 15 18 16 19 17 20 2 4 7 3 5 1
7 4 2 6 8 14 12 10 13 11 9 15 18 16 19 17 20 3 5 1
3 8 14 12 10 13 9 11 15 18 16 19 17 20 6 4 7 2 5 1
11 15 18 16 19 17 20 9 13 10 12 14 8 3 6 4 7 2 5 1
5 2 7 4 6 3 8 14 12 10 13 9 11 15 18 16 19 17 20 1
8 5 3 12 1 14 2 13 15 17 19 16 18 20 4 7 10 6 9 11
10 7 4 8 5 3 12 1 14 2 13 15 17 19 16 18 20 6 9 11
12 1 14 2 13 15 17 19 16 18 20 3 5 8 4 7 10 6 9 11
3 12 1 14 2 13 15 17 19 16 18 20 5 8 4 7 10 6 9 11
2 7 4 6 1 8 13 11 14 10 12 9 15 17 19 16 18 20 5 3
11 14 10 12 9 15 17 19 16 18 20 13 8 1 6 4 7 2 5 3
6 1 8 13 11 14 10 12 9 15 17 19 16 18 20 4 7 2 5 3
5 2 7 4 6 1 8 13 11 14 10 12 9 15 17 19 16 18 20 3
1 8 13 11 14 10 12 9 15 17 19 16 18 20 6 4 7 2 5 3
10 6 4 1 13 3 15 17 19 16 18 20 8 5 9 7 11 14 2 12
8 10 6 4 1 13 3 15 17 19 16 18 20 5 9 7 11 14 2 12
11 7 9 5 8 10 6 4 1 13 3 15 17 19 16 18 20 14 2 12
5 8 10 6 4 1 13 3 15 17 19 16 18 20 9 7 11 14 2 12
16 18 20 19 17 15 3 13 1 4 6 10 8 5 9 7 11 14 2 12
1 13 3 15 17 19 16 18 20 4 6 10 8 5 9 7 11 14 2 12
2 5 3 8 12 10 14 9 13 11 15 17 19 16 18 20 6 4 7 1
7 4 6 2 5 3 8 12 10 14 9 13 11 15 17 19 16 18 20 1
5 3 8 12 10 14 9 13 11 15 17 19 16 18 20 2 6 4 7 1
8 12 10 14 9 13 11 15 17 19 16 18 20 3 5 2 6 4 7 1
16 18 20 19 17 15 11 13 9 14 10 12 8 3 5 2 6 4 7 1
14 11 13 10 12 9 15 17 19 16 18 20 8 4 6 2 5 1 3 7
13 10 12 9 15 17 19 16 18 20 11 14 8 4 6 2 5 1 3 7
1 5 2 6 4 8 14 11 13 10 12 9 15 17 19 16 18 20 3 7
17 20 19 16 18 15 10 12 14 9 11 13 8 4 2 6 3 5 7 1
8 13 11 9 14 12 10 15 18 16 19 17 20 4 2 6 3 5 7 1
2 4 8 13 11 9 14 12 10 15 18 16 19 17 20 6 3 5 7 1
13 11 9 14 12 10 15 18 16 19 17 20 8 4 2 6 3 5 7 1
3 5 2 8 11 14 10 13 9 12 15 18 16 19 17 20 7 4 6 1
3 1 6 2 4 8 12 10 14 9 13 11 15 18 16 19 17 20 7 5
17 20 19 16 18 15 11 13 9 14 10 12 8 4 2 6 1 3 7 5
14 9 13 11 15 18 16 19 17 20 10 12 8 4 2 6 1 3 7 5
4 2 8 13 11 14 10 12 9 15 18 16 19 17 20 6 3 5 7 1
11 14 10 12 9 15 18 16 19 17 20 13 8 2 4 6 3 5 7 1
5 2 7 4 6 3 8 14 11 13 10 12 9 15 17 19 16 18 20 1
10 12 9 15 17 19 16 18 20 13 11 14 8 3 6 4 7 2 5 1
7 4 6 3 8 14 11 13 10 12 9 15 17 19 16 18 20 2 5 1
3 8 14 11 13 10 12 9 15 17 19 16 18 20 6 4 7 2 5 1
5 2 6 4 8 14 11 13 10 12 9 15 18 16 19 17 20 7 3 1
4 8 14 11 13 10 12 9 15 18 16 19 17 20 6 2 5 7 3 1
10 12 9 15 18 16 19 17 20 13 11 14 8 4 6 2 5 7 3 1
9 15 18 16 19 17 20 12 10 13 11 14 8 4 6 2 5 7 3 1
7 3 5 2 8 13 11 14 10 12 9 15 18 16 19 17 20 4 6 1
4 7 3 5 2 8 13 11 14 10 12 9 15 18 16 19 17 20 6 1
13 11 9 15 18 16 19 17 20 10 14 12 8 4 6 2 5 1 3 7
7 4 6 2 5 3 8 14 11 13 10 12 9 15 17 19 16 18 20 1
9 15 17 19 16 18 20 12 10 13 11 14 8 3 5 2 6 4 7 1
8 14 11 13 10 12 9 15 17 19 16 18 20 3 5 2 6 4 7 1
3 6 4 2 8 12 14 10 13 11 9 15 17 19 16 18 20 5 7 1
4 2 8 12 14 10 13 11 9 15 17 19 16 18 20 6 3 5 7 1
8 12 14 10 13 11 9 15 17 19 16 18 20 2 4 6 3 5 7 1
16 18 20 19 17 15 9 11 13 10 14 12 8 2 4 6 3 5 7 1
17 20 19 16 18 15 9 11 13 10 14 12 8 4 7 2 5 3 6 1
3 5 2 7 4 8 12 14 10 13 11 9 15 18 16 19 17 20 6 1
2 7 4 8 12 14 10 13 11 9 15 18 16 19 17 20 5 3 6 1
3 8 12 9 14 11 13 10 15 17 19 16 18 20 6 1 4 7 2 5
6 3 8 12 9 14 11 13 10 15 17 19 16 18 20 1 4 7 2 5
16 18 20 19 17 15 10 13 11 14 9 12 8 3 6 1 4 7 2 5
1 6 3 8 12 9 14 11 13 10 15 17 19 16 18 20 4 7 2 5
14 12 10 13 11 9 15 18 16 19 17 20 8 1 6 4 7 2 5 3
17 20 19 16 18 15 9 12 10 14 11 13 8 2 5 3 6 4 7 1
14 10 12 9 15 18 16 19 17 20 11 13 8 2 5 3 6 4 7 1
13 11 14 10 12 9 15 18 16 19 17 20 8 2 5 3 6 4 7 1
3 5 2 8 13 11 14 10 12 9 15 18 16 19 17 20 6 4 7 1
8 14 11 13 9 12 10 15 18 16 19 17 20 4 2 6 3 5 7 1
6 2 4 8 14 11 13 9 12 10 15 18 16 19 17 20 3 5 7 1
3 6 2 4 8 14 11 13 9 12 10 15 18 16 19 17 20 5 7 1
17 20 19 16 18 15 10 12 9 13 11 14 8 4 2 6 3 5 7 1
6 2 4 8 14 12 10 13 9 11 15 17 19 16 18 20 1 3 7 5
16 18 20 19 17 15 11 9 13 10 12 14 8 4 2 6 1 3 7 5
7 3 1 6 2 4 8 14 12 10 13 9 11 15 17 19 16 18 20 5
4 8 14 11 13 10 12 9 15 18 16 19 17 20 6 2 7 3 5 1
9 15 18 16 19 17 20 12 10 13 11 14 8 4 6 2 7 3 5 1
8 14 11 13 10 12 9 15 18 16 19 17 20 4 6 2 7 3 5 1
13 10 12 9 15 18 16 19 17 20 11 14 8 4 6 2 7 3 5 1
8 11 14 10 13 9 12 15 17 19 16 18 20 4 2 6 1 3 7 5
16 18 20 19 17 15 12 9 13 10 14 11 8 4 2 6 1 3 7 5
15 17 19 16 18 20 1 13 3 9 4 7 11 5 8 10 6 12 2 14
3 13 1 15 17 19 16 18 20 9 4 7 11 5 8 10 6 12 2 14
6 10 8 5 11 7 4 9 3 13 1 15 17 19 16 18 20 12 2 14
9 3 13 1 15 17 19 16 18 20 4 7 11 5 8 10 6 12 2 14
4 9 3 13 1 15 17 19 16 18 20 7 11 5 8 10 6 12 2 14
13 11 14 10 12 9 15 18 16 19 17 20 8 3 6 1 4 7 2 5
1 6 3 8 13 11 14 10 12 9 15 18 16 19 17 20 4 7 2 5
11 14 10 12 9 15 18 16 19 17 20 13 8 3 6 1 4 7 2 5
5 3 8 14 11 13 9 12 10 15 17 19 16 18 20 2 6 4 7 1
4 6 2 5 3 8 14 11 13 9 12 10 15 18 16 19 17 20 7 1
3 8 14 11 13 9 12 10 15 18 16 19 17 20 5 2 6 4 7 1
8 14 11 13 9 12 10 15 18 16 19 17 20 3 5 2 6 4 7 1
5 3 8 14 11 13 9 12 10 15 18 16 19 17 20 2 6 4 7 1
2 14 11 7 5 8 10 6 9 4 1 13 3 15 18 16 19 17 20 12
4 1 13 3 15 18 16 19 17 20 9 6 10 8 5 7 11 14 2 12
1 13 3 15 18 16 19 17 20 4 9 6 10 8 5 7 11 14 2 12
7 5 8 10 6 9 4 1 13 3 15 18 16 19 17 20 11 14 2 12
5 8 10 6 9 4 1 13 3 15 18 16 19 17 20 7 11 14 2 12
3 15 18 16 19 17 20 13 1 4 9 6 10 8 5 7 11 14 2 12
10 14 9 13 11 15 18 16 19 17 20 12 8 1 6 4 7 2 5 3
4 6 1 8 12 10 14 9 13 11 15 18 16 19 17 20 7 2 5 3
16 18 20 19 17 15 3 13 1 4 9 6 8 5 10 7 11 14 2 12
8 6 9 4 1 13 3 15 17 19 16 18 20 5 10 7 11 14 2 12
7 10 5 8 6 9 4 1 13 3 15 17 19 16 18 20 11 14 2 12
7 4 6 3 5 2 8 14 12 10 13 11 9 15 18 16 19 17 20 1
10 13 11 9 15 18 16 19 17 20 12 14 8 2 5 3 6 4 7 1
14 12 10 13 11 9 15 18 16 19 17 20 8 2 5 3 6 4 7 1
5 7 4 2 6 3 8 12 14 10 13 11 9 15 18 16 19 17 20 1
7 4 2 6 3 8 12 14 10 13 11 9 15 18 16 19 17 20 5 1
17 20 19 16 18 15 9 11 13 10 14 12 8 3 6 2 4 7 5 1
16 18 20 19 17 15 9 12 10 13 11 14 8 2 4 6 3 7 5 1
8 14 11 13 10 12 9 15 17 19 16 18 20 2 4 6 3 7 5 1
7 3 6 4 2 8 14 11 13 10 12 9 15 17 19 16 18 20 5 1
6 4 2 8 14 11 13 10 12 9 15 17 19 16 18 20 3 7 5 1
9 15 17 19 16 18 20 12 10 13 11 14 8 2 4 6 3 7 5 1
2 8 14 11 13 10 12 9 15 17 19 16 18 20 4 6 3 7 5 1
3 6 4 2 8 14 12 10 13 9 11 15 18 16 19 17 20 7 5 1
7 3 6 4 2 8 14 12 10 13 9 11 15 18 16 19 17 20 5 1
7 4 6 1 8 10 14 12 9 13 11 15 18 16 19 17 20 2 5 3
17 20 19 16 18 15 11 13 9 12 14 10 8 1 6 4 7 2 5 3
8 10 14 12 9 13 11 15 18 16 19 17 20 4 6 2 7 3 5 1
8 12 10 14 9 13 11 15 18 16 19 17 20 6 2 4 7 3 5 1
13 11 15 18 16 19 17 20 9 14 10 12 8 6 2 4 7 3 5 1
8 12 10 14 9 13 11 15 18 16 19 17 20 3 5 2 6 4 7 1
3 8 12 10 14 9 13 11 15 18 16 19 17 20 5 2 6 4 7 1
12 14 10 13 11 9 15 18 16 19 17 20 8 4 2 6 1 3 7 5
13 11 9 15 18 16 19 17 20 10 14 12 8 4 2 6 1 3 7 5
8 2 11 13 1 10 14 12 15 17 19 16 18 20 5 7 3 6 4 9
2 11 13 1 10 14 12 15 17 19 16 18 20 8 5 7 3 6 4 9
6 3 7 5 8 2 11 13 1 10 14 12 15 17 19 16 18 20 4 9
2 6 8 10 14 12 9 13 11 15 18 16 19 17 20 4 7 3 5 1
4 2 6 8 10 14 12 9 13 11 15 18 16 19 17 20 7 3 5 1
14 12 9 13 11 15 18 16 19 17 20 10 8 6 2 4 7 3 5 1
9 15 17 19 16 18 20 12 10 13 11 14 8 4 2 6 3 5 7 1
6 2 4 8 14 11 13 10 12 9 15 17 19 16 18 20 3 5 7 1
2 4 8 14 11 13 10 12 9 15 17 19 16 18 20 6 3 5 7 1
3 6 2 4 8 14 11 13 10 12 9 15 17 19 16 18 20 5 7 1
4 8 14 11 13 10 12 9 15 17 19 16 18 20 2 6 3 5 7 1
6 4 8 14 11 13 9 12 10 15 18 16 19 17 20 2 5 7 3 1
4 8 14 11 13 9 12 10 15 18 16 19 17 20 6 2 5 7 3 1
7 5 2 6 4 8 14 11 13 9 12 10 15 18 16 19 17 20 3 1
8 14 11 13 9 12 10 15 18 16 19 17 20 4 6 2 5 7 3 1
2 8 14 12 10 13 9 11 15 17 19 16 18 20 4 6 3 5 7 1
16 18 20 19 17 15 11 9 13 10 12 14 8 2 4 6 3 5 7 1
4 2 8 14 12 10 13 9 11 15 17 19 16 18 20 6 3 5 7 1
7 5 3 6 4 2 8 14 12 10 13 9 11 15 17 19 16 18 20 1
14 10 13 11 9 15 17 19 16 18 20 12 8 3 6 1 4 7 2 5
2 7 4 1 6 3 8 12 14 10 13 11 9 15 17 19 16 18 20 5
5 3 8 13 11 9 14 12 10 15 17 19 16 18 20 2 6 4 7 1
16 18 20 19 17 15 10 12 14 9 11 13 8 3 5 2 6 4 7 1
9 14 12 10 15 17 19 16 18 20 11 13 8 3 5 2 6 4 7 1
3 8 13 11 9 14 12 10 15 17 19 16 18 20 5 2 6 4 7 1
8 13 11 9 14 12 10 15 17 19 16 18 20 3 5 2 6 4 7 1
