27 25 1 3 7 5 2 6 4 8 13 11 14 10 12 9 15 23 21 17 19 22 20 18 16 24 26
25 27 1 3 7 5 2 6 4 8 13 11 14 10 12 9 15 23 21 17 19 22 20 18 16 24 26
7 3 1 25 27 5 2 6 4 8 13 11 14 10 12 9 15 23 21 17 19 22 20 18 16 24 26
27 25 1 3 7 5 2 6 4 8 13 11 14 10 12 9 15 20 23 21 18 22 17 19 16 24 26
25 27 1 3 7 5 2 6 4 8 13 11 14 10 12 9 15 20 23 21 18 22 17 19 16 24 26
7 3 1 25 27 5 2 6 4 8 13 11 14 10 12 9 15 20 23 21 18 22 17 19 16 24 26
27 25 1 3 7 5 2 6 4 8 12 14 10 13 11 9 15 23 21 17 19 22 20 18 16 24 26
25 27 1 3 7 5 2 6 4 8 12 14 10 13 11 9 15 23 21 17 19 22 20 18 16 24 26
7 3 1 25 27 5 2 6 4 8 12 14 10 13 11 9 15 23 21 17 19 22 20 18 16 24 26
27 25 1 3 7 5 2 6 4 8 12 14 10 13 11 9 15 23 21 18 20 17 19 22 16 24 26
25 27 1 3 7 5 2 6 4 8 12 14 10 13 11 9 15 23 21 18 20 17 19 22 16 24 26
1 25 27 3 7 5 2 6 4 8 12 14 10 13 11 9 15 23 21 18 20 17 19 22 16 24 26
7 3 1 25 27 5 2 6 4 8 12 14 10 13 11 9 15 23 21 18 20 17 19 22 16 24 26
27 25 1 3 7 5 2 6 4 8 12 10 14 9 13 11 15 23 21 18 20 17 19 22 16 24 26
25 27 1 3 7 5 2 6 4 8 12 10 14 9 13 11 15 23 21 18 20 17 19 22 16 24 26
1 25 27 3 7 5 2 6 4 8 12 10 14 9 13 11 15 23 21 18 20 17 19 22 16 24 26
7 3 1 25 27 5 2 6 4 8 12 10 14 9 13 11 15 23 21 18 20 17 19 22 16 24 26
27 25 1 3 7 5 2 6 4 8 13 11 14 10 12 9 15 23 21 18 20 17 19 22 16 24 26
25 27 1 3 7 5 2 6 4 8 13 11 14 10 12 9 15 23 21 18 20 17 19 22 16 24 26
1 25 27 3 7 5 2 6 4 8 13 11 14 10 12 9 15 23 21 18 20 17 19 22 16 24 26
7 3 1 25 27 5 2 6 4 8 13 11 14 10 12 9 15 23 21 18 20 17 19 22 16 24 26
27 25 1 3 7 5 2 6 4 8 13 11 14 10 12 9 15 17 23 21 19 22 20 18 16 24 26
25 27 1 3 7 5 2 6 4 8 13 11 14 10 12 9 15 17 23 21 19 22 20 18 16 24 26
7 3 1 25 27 5 2 6 4 8 13 11 14 10 12 9 15 17 23 21 19 22 20 18 16 24 26
27 25 1 3 7 5 2 6 4 8 14 11 13 10 12 9 15 23 21 17 19 22 20 18 16 24 26
25 27 1 3 7 5 2 6 4 8 14 11 13 10 12 9 15 23 21 17 19 22 20 18 16 24 26
7 3 1 25 27 5 2 6 4 8 14 11 13 10 12 9 15 23 21 17 19 22 20 18 16 24 26
27 25 1 3 7 5 2 6 4 8 14 11 13 10 12 9 15 23 21 18 20 17 19 22 16 24 26
25 27 1 3 7 5 2 6 4 8 14 11 13 10 12 9 15 23 21 18 20 17 19 22 16 24 26
1 25 27 3 7 5 2 6 4 8 14 11 13 10 12 9 15 23 21 18 20 17 19 22 16 24 26
7 3 1 25 27 5 2 6 4 8 14 11 13 10 12 9 15 23 21 18 20 17 19 22 16 24 26
27 25 1 3 7 5 2 6 4 8 14 11 13 9 12 10 15 23 21 17 19 22 20 18 16 24 26
25 27 1 3 7 5 2 6 4 8 14 11 13 9 12 10 15 23 21 17 19 22 20 18 16 24 26
7 3 1 25 27 5 2 6 4 8 14 11 13 9 12 10 15 23 21 17 19 22 20 18 16 24 26
27 25 1 3 7 5 2 6 4 8 14 12 10 13 9 11 15 20 23 21 18 22 17 19 16 24 26
25 27 1 3 7 5 2 6 4 8 14 12 10 13 9 11 15 20 23 21 18 22 17 19 16 24 26
7 3 1 25 27 5 2 6 4 8 14 12 10 13 9 11 15 20 23 21 18 22 17 19 16 24 26
27 25 1 3 7 5 2 6 4 8 14 12 10 13 9 11 15 17 23 21 19 22 20 18 16 24 26
25 27 1 3 7 5 2 6 4 8 14 12 10 13 9 11 15 17 23 21 19 22 20 18 16 24 26
7 3 1 25 27 5 2 6 4 8 14 12 10 13 9 11 15 17 23 21 19 22 20 18 16 24 26
27 25 1 3 7 5 2 6 4 8 14 11 13 9 12 10 15 17 23 21 19 22 20 18 16 24 26
25 27 1 3 7 5 2 6 4 8 14 11 13 9 12 10 15 17 23 21 19 22 20 18 16 24 26
7 3 1 25 27 5 2 6 4 8 14 11 13 9 12 10 15 17 23 21 19 22 20 18 16 24 26
27 25 1 3 7 5 2 6 4 8 14 12 10 13 9 11 15 18 20 17 23 21 19 22 16 24 26
25 27 1 3 7 5 2 6 4 8 14 12 10 13 9 11 15 18 20 17 23 21 19 22 16 24 26
7 3 1 25 27 5 2 6 4 8 14 12 10 13 9 11 15 18 20 17 23 21 19 22 16 24 26
24 16 22 19 21 23 17 20 18 15 11 9 13 10 12 14 8 4 6 2 5 7 3 1 25 27 26
27 25 1 5 2 7 4 6 3 8 12 14 10 13 11 9 15 18 20 17 23 21 19 22 16 24 26
25 27 1 5 2 7 4 6 3 8 12 14 10 13 11 9 15 18 20 17 23 21 19 22 16 24 26
24 16 22 19 21 23 17 20 18 15 9 11 13 10 14 12 8 3 6 4 7 2 5 1 25 27 26
27 25 1 3 7 5 2 6 4 8 14 12 10 13 11 9 15 20 23 21 18 22 17 19 16 24 26
25 27 1 3 7 5 2 6 4 8 14 12 10 13 11 9 15 20 23 21 18 22 17 19 16 24 26
7 3 1 25 27 5 2 6 4 8 14 12 10 13 11 9 15 20 23 21 18 22 17 19 16 24 26
27 25 1 3 7 5 2 6 4 8 14 12 10 13 11 9 15 23 21 18 20 17 19 22 16 24 26
25 27 1 3 7 5 2 6 4 8 14 12 10 13 11 9 15 23 21 18 20 17 19 22 16 24 26
1 25 27 3 7 5 2 6 4 8 14 12 10 13 11 9 15 23 21 18 20 17 19 22 16 24 26
7 3 1 25 27 5 2 6 4 8 14 12 10 13 11 9 15 23 21 18 20 17 19 22 16 24 26
27 25 1 5 2 7 4 6 3 8 12 10 14 9 13 11 15 20 23 21 18 22 17 19 16 24 26
25 27 1 5 2 7 4 6 3 8 12 10 14 9 13 11 15 20 23 21 18 22 17 19 16 24 26
27 25 1 3 7 5 2 6 4 8 14 12 10 13 9 11 15 23 21 17 19 22 20 18 16 24 26
25 27 1 3 7 5 2 6 4 8 14 12 10 13 9 11 15 23 21 17 19 22 20 18 16 24 26
7 3 1 25 27 5 2 6 4 8 14 12 10 13 9 11 15 23 21 17 19 22 20 18 16 24 26
27 25 1 3 7 5 2 6 4 8 14 12 10 13 11 9 15 23 21 17 19 22 20 18 16 24 26
25 27 1 3 7 5 2 6 4 8 14 12 10 13 11 9 15 23 21 17 19 22 20 18 16 24 26
7 3 1 25 27 5 2 6 4 8 14 12 10 13 11 9 15 23 21 17 19 22 20 18 16 24 26
27 25 1 3 7 5 2 6 4 8 14 12 10 13 9 11 15 23 21 18 20 17 19 22 16 24 26
25 27 1 3 7 5 2 6 4 8 14 12 10 13 9 11 15 23 21 18 20 17 19 22 16 24 26
1 25 27 3 7 5 2 6 4 8 14 12 10 13 9 11 15 23 21 18 20 17 19 22 16 24 26
7 3 1 25 27 5 2 6 4 8 14 12 10 13 9 11 15 23 21 18 20 17 19 22 16 24 26
27 25 1 4 7 3 6 2 5 8 12 9 14 11 13 10 15 23 21 18 20 17 19 22 16 24 26
25 27 1 4 7 3 6 2 5 8 12 9 14 11 13 10 15 23 21 18 20 17 19 22 16 24 26
1 25 27 4 7 3 6 2 5 8 12 9 14 11 13 10 15 23 21 18 20 17 19 22 16 24 26
6 3 7 4 1 25 27 2 5 8 12 9 14 11 13 10 15 23 21 18 20 17 19 22 16 24 26
27 25 1 5 2 7 4 6 3 8 12 14 10 13 11 9 15 20 23 21 18 22 17 19 16 24 26
25 27 1 5 2 7 4 6 3 8 12 14 10 13 11 9 15 20 23 21 18 22 17 19 16 24 26
24 16 19 17 22 18 21 23 20 15 9 11 13 10 14 12 8 3 6 4 7 2 5 1 25 27 26
27 25 1 5 2 7 4 6 3 8 13 11 14 10 12 9 15 18 20 17 23 21 19 22 16 24 26
25 27 1 5 2 7 4 6 3 8 13 11 14 10 12 9 15 18 20 17 23 21 19 22 16 24 26
24 16 22 19 21 23 17 20 18 15 9 12 10 14 11 13 8 3 6 4 7 2 5 1 25 27 26
27 25 1 5 2 7 4 6 3 8 14 11 13 9 12 10 15 20 23 21 18 22 17 19 16 24 26
25 27 1 5 2 7 4 6 3 8 14 11 13 9 12 10 15 20 23 21 18 22 17 19 16 24 26
24 16 19 17 22 18 21 23 20 15 10 12 9 13 11 14 8 3 6 4 7 2 5 1 25 27 26
27 25 1 5 2 7 4 6 3 8 12 10 14 9 13 11 15 23 21 17 19 22 20 18 16 24 26
25 27 1 5 2 7 4 6 3 8 12 10 14 9 13 11 15 23 21 17 19 22 20 18 16 24 26
27 25 1 5 2 7 4 6 3 8 14 11 13 10 12 9 15 20 23 21 18 22 17 19 16 24 26
25 27 1 5 2 7 4 6 3 8 14 11 13 10 12 9 15 20 23 21 18 22 17 19 16 24 26
27 25 1 5 2 7 4 6 3 8 12 10 14 9 13 11 15 23 21 18 20 17 19 22 16 24 26
25 27 1 5 2 7 4 6 3 8 12 10 14 9 13 11 15 23 21 18 20 17 19 22 16 24 26
1 25 27 5 2 7 4 6 3 8 12 10 14 9 13 11 15 23 21 18 20 17 19 22 16 24 26
27 25 1 5 2 7 4 6 3 8 12 14 10 13 11 9 15 17 23 21 19 22 20 18 16 24 26
25 27 1 5 2 7 4 6 3 8 12 14 10 13 11 9 15 17 23 21 19 22 20 18 16 24 26
24 16 18 20 22 19 21 23 17 15 9 11 13 10 14 12 8 3 6 4 7 2 5 1 25 27 26
27 25 1 5 2 7 4 6 3 8 12 14 10 13 11 9 15 23 21 17 19 22 20 18 16 24 26
25 27 1 5 2 7 4 6 3 8 12 14 10 13 11 9 15 23 21 17 19 22 20 18 16 24 26
24 16 18 20 22 19 17 21 23 15 9 11 13 10 14 12 8 3 6 4 7 2 5 1 25 27 26
27 25 1 3 7 5 2 6 4 8 12 14 10 13 11 9 15 18 20 17 23 21 19 22 16 24 26
25 27 1 3 7 5 2 6 4 8 12 14 10 13 11 9 15 18 20 17 23 21 19 22 16 24 26
24 16 22 19 21 23 17 20 18 15 9 11 13 10 14 12 8 4 6 2 5 7 3 1 25 27 26
27 25 1 5 2 7 4 6 3 8 12 14 10 13 11 9 15 23 21 18 20 17 19 22 16 24 26
25 27 1 5 2 7 4 6 3 8 12 14 10 13 11 9 15 23 21 18 20 17 19 22 16 24 26
1 25 27 5 2 7 4 6 3 8 12 14 10 13 11 9 15 23 21 18 20 17 19 22 16 24 26
24 16 22 19 17 20 18 21 23 15 9 11 13 10 14 12 8 3 6 4 7 2 5 1 25 27 26
27 25 1 3 7 5 2 6 4 8 14 11 13 9 12 10 15 18 20 17 23 21 19 22 16 24 26
25 27 1 3 7 5 2 6 4 8 14 11 13 9 12 10 15 18 20 17 23 21 19 22 16 24 26
7 3 1 25 27 5 2 6 4 8 14 11 13 9 12 10 15 18 20 17 23 21 19 22 16 24 26
24 16 22 19 21 23 17 20 18 15 10 12 9 13 11 14 8 4 6 2 5 7 3 1 25 27 26
27 25 1 5 2 7 4 6 3 8 13 11 14 10 12 9 15 23 21 18 20 17 19 22 16 24 26
25 27 1 5 2 7 4 6 3 8 13 11 14 10 12 9 15 23 21 18 20 17 19 22 16 24 26
1 25 27 5 2 7 4 6 3 8 13 11 14 10 12 9 15 23 21 18 20 17 19 22 16 24 26
24 16 22 19 17 20 18 21 23 15 9 12 10 14 11 13 8 3 6 4 7 2 5 1 25 27 26
27 25 1 3 7 5 2 6 4 8 14 11 13 9 12 10 15 23 21 18 20 17 19 22 16 24 26
25 27 1 3 7 5 2 6 4 8 14 11 13 9 12 10 15 23 21 18 20 17 19 22 16 24 26
1 25 27 3 7 5 2 6 4 8 14 11 13 9 12 10 15 23 21 18 20 17 19 22 16 24 26
7 3 1 25 27 5 2 6 4 8 14 11 13 9 12 10 15 23 21 18 20 17 19 22 16 24 26
27 25 1 3 7 5 2 6 4 8 13 11 14 10 12 9 15 18 20 17 23 21 19 22 16 24 26
25 27 1 3 7 5 2 6 4 8 13 11 14 10 12 9 15 18 20 17 23 21 19 22 16 24 26
7 3 1 25 27 5 2 6 4 8 13 11 14 10 12 9 15 18 20 17 23 21 19 22 16 24 26
24 16 22 19 21 23 17 20 18 15 9 12 10 14 11 13 8 4 6 2 5 7 3 1 25 27 26
27 25 1 5 2 7 4 6 3 8 13 11 14 10 12 9 15 20 23 21 18 22 17 19 16 24 26
25 27 1 5 2 7 4 6 3 8 13 11 14 10 12 9 15 20 23 21 18 22 17 19 16 24 26
24 16 19 17 22 18 21 23 20 15 9 12 10 14 11 13 8 3 6 4 7 2 5 1 25 27 26
27 25 1 3 7 5 2 6 4 8 14 11 13 10 12 9 15 20 23 21 18 22 17 19 16 24 26
25 27 1 3 7 5 2 6 4 8 14 11 13 10 12 9 15 20 23 21 18 22 17 19 16 24 26
7 3 1 25 27 5 2 6 4 8 14 11 13 10 12 9 15 20 23 21 18 22 17 19 16 24 26
27 25 1 3 7 5 2 6 4 8 14 11 13 9 12 10 15 20 23 21 18 22 17 19 16 24 26
25 27 1 3 7 5 2 6 4 8 14 11 13 9 12 10 15 20 23 21 18 22 17 19 16 24 26
7 3 1 25 27 5 2 6 4 8 14 11 13 9 12 10 15 20 23 21 18 22 17 19 16 24 26
