20 23 22 19 17 13 11 15 12 14 16 10 8 4 6 9 5 7 3 21 2 18 1
13 17 19 22 20 23 11 15 12 14 16 10 8 4 6 9 5 7 3 21 2 18 1
11 13 17 19 22 20 23 15 12 14 16 10 8 4 6 9 5 7 3 21 2 18 1
15 11 13 17 19 22 20 23 12 14 16 10 8 4 6 9 5 7 3 21 2 18 1
12 15 11 13 17 19 22 20 23 14 16 10 8 4 6 9 5 7 3 21 2 18 1
16 14 12 15 11 13 17 19 22 20 23 10 8 4 6 9 5 7 3 21 2 18 1
10 16 14 12 15 11 13 17 19 22 20 23 8 4 6 9 5 7 3 21 2 18 1
4 8 10 16 14 12 15 11 13 17 19 22 20 23 6 9 5 7 3 21 2 18 1
8 10 16 14 12 15 11 13 17 19 22 20 23 4 6 9 5 7 3 21 2 18 1
6 4 8 10 16 14 12 15 11 13 17 19 22 20 23 9 5 7 3 21 2 18 1
9 6 4 8 10 16 14 12 15 11 13 17 19 22 20 23 5 7 3 21 2 18 1
5 9 6 4 8 10 16 14 12 15 11 13 17 19 22 20 23 7 3 21 2 18 1
7 5 9 6 4 8 10 16 14 12 15 11 13 17 19 22 20 23 3 21 2 18 1
20 23 22 19 17 13 15 11 14 16 12 10 4 6 8 5 9 7 3 21 2 18 1
13 17 19 22 20 23 15 11 14 16 12 10 4 6 8 5 9 7 3 21 2 18 1
15 13 17 19 22 20 23 11 14 16 12 10 4 6 8 5 9 7 3 21 2 18 1
11 15 13 17 19 22 20 23 14 16 12 10 4 6 8 5 9 7 3 21 2 18 1
12 16 14 11 15 13 17 19 22 20 23 10 4 6 8 5 9 7 3 21 2 18 1
16 14 11 15 13 17 19 22 20 23 12 10 4 6 8 5 9 7 3 21 2 18 1
4 10 12 16 14 11 15 13 17 19 22 20 23 6 8 5 9 7 3 21 2 18 1
6 4 10 12 16 14 11 15 13 17 19 22 20 23 8 5 9 7 3 21 2 18 1
8 6 4 10 12 16 14 11 15 13 17 19 22 20 23 5 9 7 3 21 2 18 1
10 12 16 14 11 15 13 17 19 22 20 23 4 6 8 5 9 7 3 21 2 18 1
9 5 8 6 4 10 12 16 14 11 15 13 17 19 22 20 23 7 3 21 2 18 1
5 8 6 4 10 12 16 14 11 15 13 17 19 22 20 23 9 7 3 21 2 18 1
7 9 5 8 6 4 10 12 16 14 11 15 13 17 19 22 20 23 3 21 2 18 1
20 23 22 19 17 12 15 13 16 11 14 10 4 6 8 5 9 7 3 21 2 18 1
15 12 17 19 22 20 23 13 16 11 14 10 4 6 8 5 9 7 3 21 2 18 1
16 13 15 12 17 19 22 20 23 11 14 10 4 6 8 5 9 7 3 21 2 18 1
11 16 13 15 12 17 19 22 20 23 14 10 4 6 8 5 9 7 3 21 2 18 1
12 17 19 22 20 23 15 13 16 11 14 10 4 6 8 5 9 7 3 21 2 18 1
4 10 14 11 16 13 15 12 17 19 22 20 23 6 8 5 9 7 3 21 2 18 1
6 4 10 14 11 16 13 15 12 17 19 22 20 23 8 5 9 7 3 21 2 18 1
8 6 4 10 14 11 16 13 15 12 17 19 22 20 23 5 9 7 3 21 2 18 1
9 5 8 6 4 10 14 11 16 13 15 12 17 19 22 20 23 7 3 21 2 18 1
7 9 5 8 6 4 10 14 11 16 13 15 12 17 19 22 20 23 3 21 2 18 1
5 8 6 4 10 14 11 16 13 15 12 17 19 22 20 23 9 7 3 21 2 18 1
10 14 11 16 13 15 12 17 19 22 20 23 4 6 8 5 9 7 3 21 2 18 1
14 11 16 13 15 12 17 19 22 20 23 10 4 6 8 5 9 7 3 21 2 18 1
20 23 22 19 17 15 11 13 16 12 14 10 4 6 8 5 9 7 3 21 2 18 1
15 17 19 22 20 23 11 13 16 12 14 10 4 6 8 5 9 7 3 21 2 18 1
16 13 11 15 17 19 22 20 23 12 14 10 4 6 8 5 9 7 3 21 2 18 1
12 16 13 11 15 17 19 22 20 23 14 10 4 6 8 5 9 7 3 21 2 18 1
4 10 14 12 16 13 11 15 17 19 22 20 23 6 8 5 9 7 3 21 2 18 1
14 12 16 13 11 15 17 19 22 20 23 10 4 6 8 5 9 7 3 21 2 18 1
6 4 10 14 12 16 13 11 15 17 19 22 20 23 8 5 9 7 3 21 2 18 1
8 6 4 10 14 12 16 13 11 15 17 19 22 20 23 5 9 7 3 21 2 18 1
10 14 12 16 13 11 15 17 19 22 20 23 4 6 8 5 9 7 3 21 2 18 1
5 8 6 4 10 14 12 16 13 11 15 17 19 22 20 23 9 7 3 21 2 18 1
7 9 5 8 6 4 10 14 12 16 13 11 15 17 19 22 20 23 3 21 2 18 1
9 5 8 6 4 10 14 12 16 13 11 15 17 19 22 20 23 7 3 21 2 18 1
20 23 22 19 17 11 13 15 12 16 14 10 4 6 8 5 9 7 3 21 2 18 1
11 17 19 22 20 23 13 15 12 16 14 10 4 6 8 5 9 7 3 21 2 18 1
13 11 17 19 22 20 23 15 12 16 14 10 4 6 8 5 9 7 3 21 2 18 1
14 16 12 15 13 11 17 19 22 20 23 10 4 6 8 5 9 7 3 21 2 18 1
15 13 11 17 19 22 20 23 12 16 14 10 4 6 8 5 9 7 3 21 2 18 1
16 12 15 13 11 17 19 22 20 23 14 10 4 6 8 5 9 7 3 21 2 18 1
4 10 14 16 12 15 13 11 17 19 22 20 23 6 8 5 9 7 3 21 2 18 1
10 14 16 12 15 13 11 17 19 22 20 23 4 6 8 5 9 7 3 21 2 18 1
6 4 10 14 16 12 15 13 11 17 19 22 20 23 8 5 9 7 3 21 2 18 1
9 5 8 6 4 10 14 16 12 15 13 11 17 19 22 20 23 7 3 21 2 18 1
8 6 4 10 14 16 12 15 13 11 17 19 22 20 23 5 9 7 3 21 2 18 1
5 8 6 4 10 14 16 12 15 13 11 17 19 22 20 23 9 7 3 21 2 18 1
7 9 5 8 6 4 10 14 16 12 15 13 11 17 19 22 20 23 3 21 2 18 1
20 23 22 19 17 12 15 11 13 16 14 10 4 6 8 5 9 7 3 21 2 18 1
12 17 19 22 20 23 15 11 13 16 14 10 4 6 8 5 9 7 3 21 2 18 1
15 12 17 19 22 20 23 11 13 16 14 10 4 6 8 5 9 7 3 21 2 18 1
11 15 12 17 19 22 20 23 13 16 14 10 4 6 8 5 9 7 3 21 2 18 1
16 13 11 15 12 17 19 22 20 23 14 10 4 6 8 5 9 7 3 21 2 18 1
4 10 14 16 13 11 15 12 17 19 22 20 23 6 8 5 9 7 3 21 2 18 1
14 16 13 11 15 12 17 19 22 20 23 10 4 6 8 5 9 7 3 21 2 18 1
10 14 16 13 11 15 12 17 19 22 20 23 4 6 8 5 9 7 3 21 2 18 1
8 6 4 10 14 16 13 11 15 12 17 19 22 20 23 5 9 7 3 21 2 18 1
9 5 8 6 4 10 14 16 13 11 15 12 17 19 22 20 23 7 3 21 2 18 1
5 8 6 4 10 14 16 13 11 15 12 17 19 22 20 23 9 7 3 21 2 18 1
7 9 5 8 6 4 10 14 16 13 11 15 12 17 19 22 20 23 3 21 2 18 1
6 4 10 14 16 13 11 15 12 17 19 22 20 23 8 5 9 7 3 21 2 18 1
20 23 22 19 17 13 16 11 14 12 15 10 4 6 8 5 9 7 3 21 2 18 1
16 13 17 19 22 20 23 11 14 12 15 10 4 6 8 5 9 7 3 21 2 18 1
11 16 13 17 19 22 20 23 14 12 15 10 4 6 8 5 9 7 3 21 2 18 1
14 11 16 13 17 19 22 20 23 12 15 10 4 6 8 5 9 7 3 21 2 18 1
12 14 11 16 13 17 19 22 20 23 15 10 4 6 8 5 9 7 3 21 2 18 1
15 12 14 11 16 13 17 19 22 20 23 10 4 6 8 5 9 7 3 21 2 18 1
4 10 15 12 14 11 16 13 17 19 22 20 23 6 8 5 9 7 3 21 2 18 1
6 4 10 15 12 14 11 16 13 17 19 22 20 23 8 5 9 7 3 21 2 18 1
10 15 12 14 11 16 13 17 19 22 20 23 4 6 8 5 9 7 3 21 2 18 1
9 5 8 6 4 10 15 12 14 11 16 13 17 19 22 20 23 7 3 21 2 18 1
7 9 5 8 6 4 10 15 12 14 11 16 13 17 19 22 20 23 3 21 2 18 1
5 8 6 4 10 15 12 14 11 16 13 17 19 22 20 23 9 7 3 21 2 18 1
8 6 4 10 15 12 14 11 16 13 17 19 22 20 23 5 9 7 3 21 2 18 1
20 23 22 19 17 13 11 14 16 12 15 10 4 6 8 5 9 7 3 21 2 18 1
13 17 19 22 20 23 11 14 16 12 15 10 4 6 8 5 9 7 3 21 2 18 1
11 13 17 19 22 20 23 14 16 12 15 10 4 6 8 5 9 7 3 21 2 18 1
16 14 11 13 17 19 22 20 23 12 15 10 4 6 8 5 9 7 3 21 2 18 1
12 16 14 11 13 17 19 22 20 23 15 10 4 6 8 5 9 7 3 21 2 18 1
4 10 15 12 16 14 11 13 17 19 22 20 23 6 8 5 9 7 3 21 2 18 1
15 12 16 14 11 13 17 19 22 20 23 10 4 6 8 5 9 7 3 21 2 18 1
6 4 10 15 12 16 14 11 13 17 19 22 20 23 8 5 9 7 3 21 2 18 1
8 6 4 10 15 12 16 14 11 13 17 19 22 20 23 5 9 7 3 21 2 18 1
9 5 8 6 4 10 15 12 16 14 11 13 17 19 22 20 23 7 3 21 2 18 1
10 15 12 16 14 11 13 17 19 22 20 23 4 6 8 5 9 7 3 21 2 18 1
7 9 5 8 6 4 10 15 12 16 14 11 13 17 19 22 20 23 3 21 2 18 1
5 8 6 4 10 15 12 16 14 11 13 17 19 22 20 23 9 7 3 21 2 18 1
20 23 22 19 17 11 14 12 16 13 15 10 4 6 8 5 9 7 3 21 2 18 1
11 17 19 22 20 23 14 12 16 13 15 10 4 6 8 5 9 7 3 21 2 18 1
14 11 17 19 22 20 23 12 16 13 15 10 4 6 8 5 9 7 3 21 2 18 1
13 16 12 14 11 17 19 22 20 23 15 10 4 6 8 5 9 7 3 21 2 18 1
15 13 16 12 14 11 17 19 22 20 23 10 4 6 8 5 9 7 3 21 2 18 1
4 10 15 13 16 12 14 11 17 19 22 20 23 6 8 5 9 7 3 21 2 18 1
6 4 10 15 13 16 12 14 11 17 19 22 20 23 8 5 9 7 3 21 2 18 1
8 6 4 10 15 13 16 12 14 11 17 19 22 20 23 5 9 7 3 21 2 18 1
10 15 13 16 12 14 11 17 19 22 20 23 4 6 8 5 9 7 3 21 2 18 1
5 8 6 4 10 15 13 16 12 14 11 17 19 22 20 23 9 7 3 21 2 18 1
9 5 8 6 4 10 15 13 16 12 14 11 17 19 22 20 23 7 3 21 2 18 1
7 9 5 8 6 4 10 15 13 16 12 14 11 17 19 22 20 23 3 21 2 18 1
20 23 22 19 17 12 14 11 15 13 16 10 4 6 8 5 9 7 3 21 2 18 1
14 12 17 19 22 20 23 11 15 13 16 10 4 6 8 5 9 7 3 21 2 18 1
15 11 14 12 17 19 22 20 23 13 16 10 4 6 8 5 9 7 3 21 2 18 1
11 14 12 17 19 22 20 23 15 13 16 10 4 6 8 5 9 7 3 21 2 18 1
10 16 13 15 11 14 12 17 19 22 20 23 4 6 8 5 9 7 3 21 2 18 1
4 10 16 13 15 11 14 12 17 19 22 20 23 6 8 5 9 7 3 21 2 18 1
16 13 15 11 14 12 17 19 22 20 23 10 4 6 8 5 9 7 3 21 2 18 1
6 4 10 16 13 15 11 14 12 17 19 22 20 23 8 5 9 7 3 21 2 18 1
8 6 4 10 16 13 15 11 14 12 17 19 22 20 23 5 9 7 3 21 2 18 1
5 8 6 4 10 16 13 15 11 14 12 17 19 22 20 23 9 7 3 21 2 18 1
7 9 5 8 6 4 10 16 13 15 11 14 12 17 19 22 20 23 3 21 2 18 1
9 5 8 6 4 10 16 13 15 11 14 12 17 19 22 20 23 7 3 21 2 18 1
12 17 19 22 20 23 14 11 15 13 16 10 4 6 8 5 9 7 3 21 2 18 1
20 23 22 19 17 13 11 15 12 14 16 10 4 6 8 5 9 7 3 21 2 18 1
13 17 19 22 20 23 11 15 12 14 16 10 4 6 8 5 9 7 3 21 2 18 1
11 13 17 19 22 20 23 15 12 14 16 10 4 6 8 5 9 7 3 21 2 18 1
15 11 13 17 19 22 20 23 12 14 16 10 4 6 8 5 9 7 3 21 2 18 1
12 15 11 13 17 19 22 20 23 14 16 10 4 6 8 5 9 7 3 21 2 18 1
16 14 12 15 11 13 17 19 22 20 23 10 4 6 8 5 9 7 3 21 2 18 1
6 4 10 16 14 12 15 11 13 17 19 22 20 23 8 5 9 7 3 21 2 18 1
10 16 14 12 15 11 13 17 19 22 20 23 4 6 8 5 9 7 3 21 2 18 1
8 6 4 10 16 14 12 15 11 13 17 19 22 20 23 5 9 7 3 21 2 18 1
9 5 8 6 4 10 16 14 12 15 11 13 17 19 22 20 23 7 3 21 2 18 1
5 8 6 4 10 16 14 12 15 11 13 17 19 22 20 23 9 7 3 21 2 18 1
4 10 16 14 12 15 11 13 17 19 22 20 23 6 8 5 9 7 3 21 2 18 1
7 9 5 8 6 4 10 16 14 12 15 11 13 17 19 22 20 23 3 21 2 18 1
13 17 19 22 20 23 15 11 14 16 12 10 6 9 4 7 5 8 3 21 2 18 1
15 13 17 19 22 20 23 11 14 16 12 10 6 9 4 7 5 8 3 21 2 18 1
16 14 11 15 13 17 19 22 20 23 12 10 6 9 4 7 5 8 3 21 2 18 1
12 16 14 11 15 13 17 19 22 20 23 10 6 9 4 7 5 8 3 21 2 18 1
11 15 13 17 19 22 20 23 14 16 12 10 6 9 4 7 5 8 3 21 2 18 1
9 6 10 12 16 14 11 15 13 17 19 22 20 23 4 7 5 8 3 21 2 18 1
10 12 16 14 11 15 13 17 19 22 20 23 6 9 4 7 5 8 3 21 2 18 1
4 9 6 10 12 16 14 11 15 13 17 19 22 20 23 7 5 8 3 21 2 18 1
7 4 9 6 10 12 16 14 11 15 13 17 19 22 20 23 5 8 3 21 2 18 1
8 5 7 4 9 6 10 12 16 14 11 15 13 17 19 22 20 23 3 21 2 18 1
5 7 4 9 6 10 12 16 14 11 15 13 17 19 22 20 23 8 3 21 2 18 1
20 23 22 19 17 13 15 11 14 16 12 10 6 9 4 7 5 8 3 21 2 18 1
6 10 12 16 14 11 15 13 17 19 22 20 23 9 4 7 5 8 3 21 2 18 1
12 17 19 22 20 23 15 13 16 11 14 10 6 9 4 7 5 8 3 21 2 18 1
15 12 17 19 22 20 23 13 16 11 14 10 6 9 4 7 5 8 3 21 2 18 1
16 13 15 12 17 19 22 20 23 11 14 10 6 9 4 7 5 8 3 21 2 18 1
11 16 13 15 12 17 19 22 20 23 14 10 6 9 4 7 5 8 3 21 2 18 1
14 11 16 13 15 12 17 19 22 20 23 10 6 9 4 7 5 8 3 21 2 18 1
9 6 10 14 11 16 13 15 12 17 19 22 20 23 4 7 5 8 3 21 2 18 1
4 9 6 10 14 11 16 13 15 12 17 19 22 20 23 7 5 8 3 21 2 18 1
7 4 9 6 10 14 11 16 13 15 12 17 19 22 20 23 5 8 3 21 2 18 1
5 7 4 9 6 10 14 11 16 13 15 12 17 19 22 20 23 8 3 21 2 18 1
8 5 7 4 9 6 10 14 11 16 13 15 12 17 19 22 20 23 3 21 2 18 1
10 14 11 16 13 15 12 17 19 22 20 23 6 9 4 7 5 8 3 21 2 18 1
20 23 22 19 17 12 15 13 16 11 14 10 6 9 4 7 5 8 3 21 2 18 1
6 10 14 11 16 13 15 12 17 19 22 20 23 9 4 7 5 8 3 21 2 18 1
11 17 19 22 20 23 13 15 12 16 14 10 6 9 4 7 5 8 3 21 2 18 1
20 23 22 19 17 11 13 15 12 16 14 10 6 9 4 7 5 8 3 21 2 18 1
15 13 11 17 19 22 20 23 12 16 14 10 6 9 4 7 5 8 3 21 2 18 1
16 12 15 13 11 17 19 22 20 23 14 10 6 9 4 7 5 8 3 21 2 18 1
14 16 12 15 13 11 17 19 22 20 23 10 6 9 4 7 5 8 3 21 2 18 1
13 11 17 19 22 20 23 15 12 16 14 10 6 9 4 7 5 8 3 21 2 18 1
10 14 16 12 15 13 11 17 19 22 20 23 6 9 4 7 5 8 3 21 2 18 1
9 6 10 14 16 12 15 13 11 17 19 22 20 23 4 7 5 8 3 21 2 18 1
4 9 6 10 14 16 12 15 13 11 17 19 22 20 23 7 5 8 3 21 2 18 1
7 4 9 6 10 14 16 12 15 13 11 17 19 22 20 23 5 8 3 21 2 18 1
5 7 4 9 6 10 14 16 12 15 13 11 17 19 22 20 23 8 3 21 2 18 1
8 5 7 4 9 6 10 14 16 12 15 13 11 17 19 22 20 23 3 21 2 18 1
6 10 14 16 12 15 13 11 17 19 22 20 23 9 4 7 5 8 3 21 2 18 1
11 17 19 22 20 23 14 12 16 13 15 10 6 9 4 7 5 8 3 21 2 18 1
14 11 17 19 22 20 23 12 16 13 15 10 6 9 4 7 5 8 3 21 2 18 1
20 23 22 19 17 11 14 12 16 13 15 10 6 9 4 7 5 8 3 21 2 18 1
15 13 16 12 14 11 17 19 22 20 23 10 6 9 4 7 5 8 3 21 2 18 1
13 16 12 14 11 17 19 22 20 23 15 10 6 9 4 7 5 8 3 21 2 18 1
9 6 10 15 13 16 12 14 11 17 19 22 20 23 4 7 5 8 3 21 2 18 1
16 12 14 11 17 19 22 20 23 13 15 10 6 9 4 7 5 8 3 21 2 18 1
10 15 13 16 12 14 11 17 19 22 20 23 6 9 4 7 5 8 3 21 2 18 1
7 4 9 6 10 15 13 16 12 14 11 17 19 22 20 23 5 8 3 21 2 18 1
4 9 6 10 15 13 16 12 14 11 17 19 22 20 23 7 5 8 3 21 2 18 1
5 7 4 9 6 10 15 13 16 12 14 11 17 19 22 20 23 8 3 21 2 18 1
8 5 7 4 9 6 10 15 13 16 12 14 11 17 19 22 20 23 3 21 2 18 1
6 10 15 13 16 12 14 11 17 19 22 20 23 9 4 7 5 8 3 21 2 18 1
12 17 19 22 20 23 14 11 15 13 16 10 6 9 4 7 5 8 3 21 2 18 1
14 12 17 19 22 20 23 11 15 13 16 10 6 9 4 7 5 8 3 21 2 18 1
11 14 12 17 19 22 20 23 15 13 16 10 6 9 4 7 5 8 3 21 2 18 1
15 11 14 12 17 19 22 20 23 13 16 10 6 9 4 7 5 8 3 21 2 18 1
16 13 15 11 14 12 17 19 22 20 23 10 6 9 4 7 5 8 3 21 2 18 1
10 16 13 15 11 14 12 17 19 22 20 23 6 9 4 7 5 8 3 21 2 18 1
20 23 22 19 17 12 14 11 15 13 16 10 6 9 4 7 5 8 3 21 2 18 1
9 6 10 16 13 15 11 14 12 17 19 22 20 23 4 7 5 8 3 21 2 18 1
4 9 6 10 16 13 15 11 14 12 17 19 22 20 23 7 5 8 3 21 2 18 1
7 4 9 6 10 16 13 15 11 14 12 17 19 22 20 23 5 8 3 21 2 18 1
8 5 7 4 9 6 10 16 13 15 11 14 12 17 19 22 20 23 3 21 2 18 1
5 7 4 9 6 10 16 13 15 11 14 12 17 19 22 20 23 8 3 21 2 18 1
6 10 16 13 15 11 14 12 17 19 22 20 23 9 4 7 5 8 3 21 2 18 1
20 23 22 19 17 13 15 11 14 16 12 10 4 7 5 9 6 8 3 21 2 18 1
13 17 19 22 20 23 15 11 14 16 12 10 4 7 5 9 6 8 3 21 2 18 1
15 13 17 19 22 20 23 11 14 16 12 10 4 7 5 9 6 8 3 21 2 18 1
11 15 13 17 19 22 20 23 14 16 12 10 4 7 5 9 6 8 3 21 2 18 1
16 14 11 15 13 17 19 22 20 23 12 10 4 7 5 9 6 8 3 21 2 18 1
12 16 14 11 15 13 17 19 22 20 23 10 4 7 5 9 6 8 3 21 2 18 1
10 12 16 14 11 15 13 17 19 22 20 23 4 7 5 9 6 8 3 21 2 18 1
4 10 12 16 14 11 15 13 17 19 22 20 23 7 5 9 6 8 3 21 2 18 1
7 4 10 12 16 14 11 15 13 17 19 22 20 23 5 9 6 8 3 21 2 18 1
6 9 5 7 4 10 12 16 14 11 15 13 17 19 22 20 23 8 3 21 2 18 1
5 7 4 10 12 16 14 11 15 13 17 19 22 20 23 9 6 8 3 21 2 18 1
8 6 9 5 7 4 10 12 16 14 11 15 13 17 19 22 20 23 3 21 2 18 1
9 5 7 4 10 12 16 14 11 15 13 17 19 22 20 23 6 8 3 21 2 18 1
20 23 22 19 17 12 15 13 16 11 14 10 4 7 5 9 6 8 3 21 2 18 1
12 17 19 22 20 23 15 13 16 11 14 10 4 7 5 9 6 8 3 21 2 18 1
15 12 17 19 22 20 23 13 16 11 14 10 4 7 5 9 6 8 3 21 2 18 1
16 13 15 12 17 19 22 20 23 11 14 10 4 7 5 9 6 8 3 21 2 18 1
14 11 16 13 15 12 17 19 22 20 23 10 4 7 5 9 6 8 3 21 2 18 1
11 16 13 15 12 17 19 22 20 23 14 10 4 7 5 9 6 8 3 21 2 18 1
4 10 14 11 16 13 15 12 17 19 22 20 23 7 5 9 6 8 3 21 2 18 1
7 4 10 14 11 16 13 15 12 17 19 22 20 23 5 9 6 8 3 21 2 18 1
5 7 4 10 14 11 16 13 15 12 17 19 22 20 23 9 6 8 3 21 2 18 1
8 6 9 5 7 4 10 14 11 16 13 15 12 17 19 22 20 23 3 21 2 18 1
6 9 5 7 4 10 14 11 16 13 15 12 17 19 22 20 23 8 3 21 2 18 1
10 14 11 16 13 15 12 17 19 22 20 23 4 7 5 9 6 8 3 21 2 18 1
9 5 7 4 10 14 11 16 13 15 12 17 19 22 20 23 6 8 3 21 2 18 1
20 23 22 19 17 15 11 13 16 12 14 10 4 7 5 9 6 8 3 21 2 18 1
15 17 19 22 20 23 11 13 16 12 14 10 4 7 5 9 6 8 3 21 2 18 1
16 13 11 15 17 19 22 20 23 12 14 10 4 7 5 9 6 8 3 21 2 18 1
12 16 13 11 15 17 19 22 20 23 14 10 4 7 5 9 6 8 3 21 2 18 1
14 12 16 13 11 15 17 19 22 20 23 10 4 7 5 9 6 8 3 21 2 18 1
4 10 14 12 16 13 11 15 17 19 22 20 23 7 5 9 6 8 3 21 2 18 1
7 4 10 14 12 16 13 11 15 17 19 22 20 23 5 9 6 8 3 21 2 18 1
10 14 12 16 13 11 15 17 19 22 20 23 4 7 5 9 6 8 3 21 2 18 1
5 7 4 10 14 12 16 13 11 15 17 19 22 20 23 9 6 8 3 21 2 18 1
6 9 5 7 4 10 14 12 16 13 11 15 17 19 22 20 23 8 3 21 2 18 1
8 6 9 5 7 4 10 14 12 16 13 11 15 17 19 22 20 23 3 21 2 18 1
9 5 7 4 10 14 12 16 13 11 15 17 19 22 20 23 6 8 3 21 2 18 1
20 23 22 19 17 11 13 15 12 16 14 10 4 7 5 9 6 8 3 21 2 18 1
11 17 19 22 20 23 13 15 12 16 14 10 4 7 5 9 6 8 3 21 2 18 1
13 11 17 19 22 20 23 15 12 16 14 10 4 7 5 9 6 8 3 21 2 18 1
15 13 11 17 19 22 20 23 12 16 14 10 4 7 5 9 6 8 3 21 2 18 1
16 12 15 13 11 17 19 22 20 23 14 10 4 7 5 9 6 8 3 21 2 18 1
14 16 12 15 13 11 17 19 22 20 23 10 4 7 5 9 6 8 3 21 2 18 1
4 10 14 16 12 15 13 11 17 19 22 20 23 7 5 9 6 8 3 21 2 18 1
7 4 10 14 16 12 15 13 11 17 19 22 20 23 5 9 6 8 3 21 2 18 1
10 14 16 12 15 13 11 17 19 22 20 23 4 7 5 9 6 8 3 21 2 18 1
5 7 4 10 14 16 12 15 13 11 17 19 22 20 23 9 6 8 3 21 2 18 1
6 9 5 7 4 10 14 16 12 15 13 11 17 19 22 20 23 8 3 21 2 18 1
8 6 9 5 7 4 10 14 16 12 15 13 11 17 19 22 20 23 3 21 2 18 1
9 5 7 4 10 14 16 12 15 13 11 17 19 22 20 23 6 8 3 21 2 18 1
12 17 19 22 20 23 15 11 13 16 14 10 4 7 5 9 6 8 3 21 2 18 1
15 12 17 19 22 20 23 11 13 16 14 10 4 7 5 9 6 8 3 21 2 18 1
11 15 12 17 19 22 20 23 13 16 14 10 4 7 5 9 6 8 3 21 2 18 1
14 16 13 11 15 12 17 19 22 20 23 10 4 7 5 9 6 8 3 21 2 18 1
16 13 11 15 12 17 19 22 20 23 14 10 4 7 5 9 6 8 3 21 2 18 1
4 10 14 16 13 11 15 12 17 19 22 20 23 7 5 9 6 8 3 21 2 18 1
7 4 10 14 16 13 11 15 12 17 19 22 20 23 5 9 6 8 3 21 2 18 1
10 14 16 13 11 15 12 17 19 22 20 23 4 7 5 9 6 8 3 21 2 18 1
20 23 22 19 17 12 15 11 13 16 14 10 4 7 5 9 6 8 3 21 2 18 1
6 9 5 7 4 10 14 16 13 11 15 12 17 19 22 20 23 8 3 21 2 18 1
8 6 9 5 7 4 10 14 16 13 11 15 12 17 19 22 20 23 3 21 2 18 1
5 7 4 10 14 16 13 11 15 12 17 19 22 20 23 9 6 8 3 21 2 18 1
9 5 7 4 10 14 16 13 11 15 12 17 19 22 20 23 6 8 3 21 2 18 1
20 23 22 19 17 13 16 11 14 12 15 10 4 7 5 9 6 8 3 21 2 18 1
16 13 17 19 22 20 23 11 14 12 15 10 4 7 5 9 6 8 3 21 2 18 1
11 16 13 17 19 22 20 23 14 12 15 10 4 7 5 9 6 8 3 21 2 18 1
12 14 11 16 13 17 19 22 20 23 15 10 4 7 5 9 6 8 3 21 2 18 1
15 12 14 11 16 13 17 19 22 20 23 10 4 7 5 9 6 8 3 21 2 18 1
14 11 16 13 17 19 22 20 23 12 15 10 4 7 5 9 6 8 3 21 2 18 1
4 10 15 12 14 11 16 13 17 19 22 20 23 7 5 9 6 8 3 21 2 18 1
7 4 10 15 12 14 11 16 13 17 19 22 20 23 5 9 6 8 3 21 2 18 1
5 7 4 10 15 12 14 11 16 13 17 19 22 20 23 9 6 8 3 21 2 18 1
6 9 5 7 4 10 15 12 14 11 16 13 17 19 22 20 23 8 3 21 2 18 1
8 6 9 5 7 4 10 15 12 14 11 16 13 17 19 22 20 23 3 21 2 18 1
10 15 12 14 11 16 13 17 19 22 20 23 4 7 5 9 6 8 3 21 2 18 1
9 5 7 4 10 15 12 14 11 16 13 17 19 22 20 23 6 8 3 21 2 18 1
13 17 19 22 20 23 11 14 16 12 15 10 4 7 5 9 6 8 3 21 2 18 1
20 23 22 19 17 13 11 14 16 12 15 10 4 7 5 9 6 8 3 21 2 18 1
16 14 11 13 17 19 22 20 23 12 15 10 4 7 5 9 6 8 3 21 2 18 1
12 16 14 11 13 17 19 22 20 23 15 10 4 7 5 9 6 8 3 21 2 18 1
4 10 15 12 16 14 11 13 17 19 22 20 23 7 5 9 6 8 3 21 2 18 1
11 13 17 19 22 20 23 14 16 12 15 10 4 7 5 9 6 8 3 21 2 18 1
15 12 16 14 11 13 17 19 22 20 23 10 4 7 5 9 6 8 3 21 2 18 1
7 4 10 15 12 16 14 11 13 17 19 22 20 23 5 9 6 8 3 21 2 18 1
10 15 12 16 14 11 13 17 19 22 20 23 4 7 5 9 6 8 3 21 2 18 1
5 7 4 10 15 12 16 14 11 13 17 19 22 20 23 9 6 8 3 21 2 18 1
6 9 5 7 4 10 15 12 16 14 11 13 17 19 22 20 23 8 3 21 2 18 1
8 6 9 5 7 4 10 15 12 16 14 11 13 17 19 22 20 23 3 21 2 18 1
9 5 7 4 10 15 12 16 14 11 13 17 19 22 20 23 6 8 3 21 2 18 1
11 17 19 22 20 23 14 12 16 13 15 10 4 7 5 9 6 8 3 21 2 18 1
14 11 17 19 22 20 23 12 16 13 15 10 4 7 5 9 6 8 3 21 2 18 1
20 23 22 19 17 11 14 12 16 13 15 10 4 7 5 9 6 8 3 21 2 18 1
13 16 12 14 11 17 19 22 20 23 15 10 4 7 5 9 6 8 3 21 2 18 1
15 13 16 12 14 11 17 19 22 20 23 10 4 7 5 9 6 8 3 21 2 18 1
4 10 15 13 16 12 14 11 17 19 22 20 23 7 5 9 6 8 3 21 2 18 1
7 4 10 15 13 16 12 14 11 17 19 22 20 23 5 9 6 8 3 21 2 18 1
10 15 13 16 12 14 11 17 19 22 20 23 4 7 5 9 6 8 3 21 2 18 1
5 7 4 10 15 13 16 12 14 11 17 19 22 20 23 9 6 8 3 21 2 18 1
8 6 9 5 7 4 10 15 13 16 12 14 11 17 19 22 20 23 3 21 2 18 1
6 9 5 7 4 10 15 13 16 12 14 11 17 19 22 20 23 8 3 21 2 18 1
12 17 19 22 20 23 14 11 15 13 16 10 4 7 5 9 6 8 3 21 2 18 1
9 5 7 4 10 15 13 16 12 14 11 17 19 22 20 23 6 8 3 21 2 18 1
14 12 17 19 22 20 23 11 15 13 16 10 4 7 5 9 6 8 3 21 2 18 1
15 11 14 12 17 19 22 20 23 13 16 10 4 7 5 9 6 8 3 21 2 18 1
11 14 12 17 19 22 20 23 15 13 16 10 4 7 5 9 6 8 3 21 2 18 1
4 10 16 13 15 11 14 12 17 19 22 20 23 7 5 9 6 8 3 21 2 18 1
7 4 10 16 13 15 11 14 12 17 19 22 20 23 5 9 6 8 3 21 2 18 1
16 13 15 11 14 12 17 19 22 20 23 10 4 7 5 9 6 8 3 21 2 18 1
5 7 4 10 16 13 15 11 14 12 17 19 22 20 23 9 6 8 3 21 2 18 1
6 9 5 7 4 10 16 13 15 11 14 12 17 19 22 20 23 8 3 21 2 18 1
8 6 9 5 7 4 10 16 13 15 11 14 12 17 19 22 20 23 3 21 2 18 1
10 16 13 15 11 14 12 17 19 22 20 23 4 7 5 9 6 8 3 21 2 18 1
20 23 22 19 17 12 14 11 15 13 16 10 4 7 5 9 6 8 3 21 2 18 1
9 5 7 4 10 16 13 15 11 14 12 17 19 22 20 23 6 8 3 21 2 18 1
13 17 19 22 20 23 11 15 12 14 16 10 4 7 5 9 6 8 3 21 2 18 1
11 13 17 19 22 20 23 15 12 14 16 10 4 7 5 9 6 8 3 21 2 18 1
15 11 13 17 19 22 20 23 12 14 16 10 4 7 5 9 6 8 3 21 2 18 1
12 15 11 13 17 19 22 20 23 14 16 10 4 7 5 9 6 8 3 21 2 18 1
20 23 22 19 17 13 11 15 12 14 16 10 4 7 5 9 6 8 3 21 2 18 1
4 10 16 14 12 15 11 13 17 19 22 20 23 7 5 9 6 8 3 21 2 18 1
7 4 10 16 14 12 15 11 13 17 19 22 20 23 5 9 6 8 3 21 2 18 1
16 14 12 15 11 13 17 19 22 20 23 10 4 7 5 9 6 8 3 21 2 18 1
10 16 14 12 15 11 13 17 19 22 20 23 4 7 5 9 6 8 3 21 2 18 1
5 7 4 10 16 14 12 15 11 13 17 19 22 20 23 9 6 8 3 21 2 18 1
6 9 5 7 4 10 16 14 12 15 11 13 17 19 22 20 23 8 3 21 2 18 1
8 6 9 5 7 4 10 16 14 12 15 11 13 17 19 22 20 23 3 21 2 18 1
13 17 19 22 20 23 15 11 14 16 12 10 5 7 4 8 6 9 3 21 2 18 1
9 5 7 4 10 16 14 12 15 11 13 17 19 22 20 23 6 8 3 21 2 18 1
15 13 17 19 22 20 23 11 14 16 12 10 5 7 4 8 6 9 3 21 2 18 1
11 15 13 17 19 22 20 23 14 16 12 10 5 7 4 8 6 9 3 21 2 18 1
12 16 14 11 15 13 17 19 22 20 23 10 5 7 4 8 6 9 3 21 2 18 1
16 14 11 15 13 17 19 22 20 23 12 10 5 7 4 8 6 9 3 21 2 18 1
20 23 22 19 17 13 15 11 14 16 12 10 5 7 4 8 6 9 3 21 2 18 1
5 10 12 16 14 11 15 13 17 19 22 20 23 7 4 8 6 9 3 21 2 18 1
7 5 10 12 16 14 11 15 13 17 19 22 20 23 4 8 6 9 3 21 2 18 1
8 4 7 5 10 12 16 14 11 15 13 17 19 22 20 23 6 9 3 21 2 18 1
6 8 4 7 5 10 12 16 14 11 15 13 17 19 22 20 23 9 3 21 2 18 1
9 6 8 4 7 5 10 12 16 14 11 15 13 17 19 22 20 23 3 21 2 18 1
10 12 16 14 11 15 13 17 19 22 20 23 5 7 4 8 6 9 3 21 2 18 1
4 7 5 10 12 16 14 11 15 13 17 19 22 20 23 8 6 9 3 21 2 18 1
12 17 19 22 20 23 15 13 16 11 14 10 5 7 4 8 6 9 3 21 2 18 1
15 12 17 19 22 20 23 13 16 11 14 10 5 7 4 8 6 9 3 21 2 18 1
20 23 22 19 17 12 15 13 16 11 14 10 5 7 4 8 6 9 3 21 2 18 1
16 13 15 12 17 19 22 20 23 11 14 10 5 7 4 8 6 9 3 21 2 18 1
14 11 16 13 15 12 17 19 22 20 23 10 5 7 4 8 6 9 3 21 2 18 1
11 16 13 15 12 17 19 22 20 23 14 10 5 7 4 8 6 9 3 21 2 18 1
5 10 14 11 16 13 15 12 17 19 22 20 23 7 4 8 6 9 3 21 2 18 1
7 5 10 14 11 16 13 15 12 17 19 22 20 23 4 8 6 9 3 21 2 18 1
8 4 7 5 10 14 11 16 13 15 12 17 19 22 20 23 6 9 3 21 2 18 1
6 8 4 7 5 10 14 11 16 13 15 12 17 19 22 20 23 9 3 21 2 18 1
9 6 8 4 7 5 10 14 11 16 13 15 12 17 19 22 20 23 3 21 2 18 1
4 7 5 10 14 11 16 13 15 12 17 19 22 20 23 8 6 9 3 21 2 18 1
10 14 11 16 13 15 12 17 19 22 20 23 5 7 4 8 6 9 3 21 2 18 1
15 17 19 22 20 23 11 13 16 12 14 10 5 7 4 8 6 9 3 21 2 18 1
20 23 22 19 17 15 11 13 16 12 14 10 5 7 4 8 6 9 3 21 2 18 1
16 13 11 15 17 19 22 20 23 12 14 10 5 7 4 8 6 9 3 21 2 18 1
12 16 13 11 15 17 19 22 20 23 14 10 5 7 4 8 6 9 3 21 2 18 1
14 12 16 13 11 15 17 19 22 20 23 10 5 7 4 8 6 9 3 21 2 18 1
5 10 14 12 16 13 11 15 17 19 22 20 23 7 4 8 6 9 3 21 2 18 1
7 5 10 14 12 16 13 11 15 17 19 22 20 23 4 8 6 9 3 21 2 18 1
10 14 12 16 13 11 15 17 19 22 20 23 5 7 4 8 6 9 3 21 2 18 1
8 4 7 5 10 14 12 16 13 11 15 17 19 22 20 23 6 9 3 21 2 18 1
6 8 4 7 5 10 14 12 16 13 11 15 17 19 22 20 23 9 3 21 2 18 1
4 7 5 10 14 12 16 13 11 15 17 19 22 20 23 8 6 9 3 21 2 18 1
9 6 8 4 7 5 10 14 12 16 13 11 15 17 19 22 20 23 3 21 2 18 1
11 17 19 22 20 23 13 15 12 16 14 10 5 7 4 8 6 9 3 21 2 18 1
13 11 17 19 22 20 23 15 12 16 14 10 5 7 4 8 6 9 3 21 2 18 1
15 13 11 17 19 22 20 23 12 16 14 10 5 7 4 8 6 9 3 21 2 18 1
20 23 22 19 17 11 13 15 12 16 14 10 5 7 4 8 6 9 3 21 2 18 1
16 12 15 13 11 17 19 22 20 23 14 10 5 7 4 8 6 9 3 21 2 18 1
14 16 12 15 13 11 17 19 22 20 23 10 5 7 4 8 6 9 3 21 2 18 1
10 14 16 12 15 13 11 17 19 22 20 23 5 7 4 8 6 9 3 21 2 18 1
5 10 14 16 12 15 13 11 17 19 22 20 23 7 4 8 6 9 3 21 2 18 1
7 5 10 14 16 12 15 13 11 17 19 22 20 23 4 8 6 9 3 21 2 18 1
4 7 5 10 14 16 12 15 13 11 17 19 22 20 23 8 6 9 3 21 2 18 1
8 4 7 5 10 14 16 12 15 13 11 17 19 22 20 23 6 9 3 21 2 18 1
6 8 4 7 5 10 14 16 12 15 13 11 17 19 22 20 23 9 3 21 2 18 1
9 6 8 4 7 5 10 14 16 12 15 13 11 17 19 22 20 23 3 21 2 18 1
12 17 19 22 20 23 15 11 13 16 14 10 5 7 4 8 6 9 3 21 2 18 1
15 12 17 19 22 20 23 11 13 16 14 10 5 7 4 8 6 9 3 21 2 18 1
11 15 12 17 19 22 20 23 13 16 14 10 5 7 4 8 6 9 3 21 2 18 1
16 13 11 15 12 17 19 22 20 23 14 10 5 7 4 8 6 9 3 21 2 18 1
14 16 13 11 15 12 17 19 22 20 23 10 5 7 4 8 6 9 3 21 2 18 1
5 10 14 16 13 11 15 12 17 19 22 20 23 7 4 8 6 9 3 21 2 18 1
7 5 10 14 16 13 11 15 12 17 19 22 20 23 4 8 6 9 3 21 2 18 1
20 23 22 19 17 12 15 11 13 16 14 10 5 7 4 8 6 9 3 21 2 18 1
8 4 7 5 10 14 16 13 11 15 12 17 19 22 20 23 6 9 3 21 2 18 1
6 8 4 7 5 10 14 16 13 11 15 12 17 19 22 20 23 9 3 21 2 18 1
9 6 8 4 7 5 10 14 16 13 11 15 12 17 19 22 20 23 3 21 2 18 1
10 14 16 13 11 15 12 17 19 22 20 23 5 7 4 8 6 9 3 21 2 18 1
4 7 5 10 14 16 13 11 15 12 17 19 22 20 23 8 6 9 3 21 2 18 1
20 23 22 19 17 13 16 11 14 12 15 10 5 7 4 8 6 9 3 21 2 18 1
16 13 17 19 22 20 23 11 14 12 15 10 5 7 4 8 6 9 3 21 2 18 1
11 16 13 17 19 22 20 23 14 12 15 10 5 7 4 8 6 9 3 21 2 18 1
14 11 16 13 17 19 22 20 23 12 15 10 5 7 4 8 6 9 3 21 2 18 1
12 14 11 16 13 17 19 22 20 23 15 10 5 7 4 8 6 9 3 21 2 18 1
5 10 15 12 14 11 16 13 17 19 22 20 23 7 4 8 6 9 3 21 2 18 1
15 12 14 11 16 13 17 19 22 20 23 10 5 7 4 8 6 9 3 21 2 18 1
7 5 10 15 12 14 11 16 13 17 19 22 20 23 4 8 6 9 3 21 2 18 1
8 4 7 5 10 15 12 14 11 16 13 17 19 22 20 23 6 9 3 21 2 18 1
10 15 12 14 11 16 13 17 19 22 20 23 5 7 4 8 6 9 3 21 2 18 1
6 8 4 7 5 10 15 12 14 11 16 13 17 19 22 20 23 9 3 21 2 18 1
9 6 8 4 7 5 10 15 12 14 11 16 13 17 19 22 20 23 3 21 2 18 1
4 7 5 10 15 12 14 11 16 13 17 19 22 20 23 8 6 9 3 21 2 18 1
13 17 19 22 20 23 11 14 16 12 15 10 5 7 4 8 6 9 3 21 2 18 1
11 13 17 19 22 20 23 14 16 12 15 10 5 7 4 8 6 9 3 21 2 18 1
20 23 22 19 17 13 11 14 16 12 15 10 5 7 4 8 6 9 3 21 2 18 1
16 14 11 13 17 19 22 20 23 12 15 10 5 7 4 8 6 9 3 21 2 18 1
12 16 14 11 13 17 19 22 20 23 15 10 5 7 4 8 6 9 3 21 2 18 1
15 12 16 14 11 13 17 19 22 20 23 10 5 7 4 8 6 9 3 21 2 18 1
10 15 12 16 14 11 13 17 19 22 20 23 5 7 4 8 6 9 3 21 2 18 1
5 10 15 12 16 14 11 13 17 19 22 20 23 7 4 8 6 9 3 21 2 18 1
7 5 10 15 12 16 14 11 13 17 19 22 20 23 4 8 6 9 3 21 2 18 1
8 4 7 5 10 15 12 16 14 11 13 17 19 22 20 23 6 9 3 21 2 18 1
6 8 4 7 5 10 15 12 16 14 11 13 17 19 22 20 23 9 3 21 2 18 1
9 6 8 4 7 5 10 15 12 16 14 11 13 17 19 22 20 23 3 21 2 18 1
4 7 5 10 15 12 16 14 11 13 17 19 22 20 23 8 6 9 3 21 2 18 1
11 17 19 22 20 23 14 12 16 13 15 10 5 7 4 8 6 9 3 21 2 18 1
14 11 17 19 22 20 23 12 16 13 15 10 5 7 4 8 6 9 3 21 2 18 1
20 23 22 19 17 11 14 12 16 13 15 10 5 7 4 8 6 9 3 21 2 18 1
13 16 12 14 11 17 19 22 20 23 15 10 5 7 4 8 6 9 3 21 2 18 1
15 13 16 12 14 11 17 19 22 20 23 10 5 7 4 8 6 9 3 21 2 18 1
10 15 13 16 12 14 11 17 19 22 20 23 5 7 4 8 6 9 3 21 2 18 1
5 10 15 13 16 12 14 11 17 19 22 20 23 7 4 8 6 9 3 21 2 18 1
7 5 10 15 13 16 12 14 11 17 19 22 20 23 4 8 6 9 3 21 2 18 1
8 4 7 5 10 15 13 16 12 14 11 17 19 22 20 23 6 9 3 21 2 18 1
6 8 4 7 5 10 15 13 16 12 14 11 17 19 22 20 23 9 3 21 2 18 1
4 7 5 10 15 13 16 12 14 11 17 19 22 20 23 8 6 9 3 21 2 18 1
9 6 8 4 7 5 10 15 13 16 12 14 11 17 19 22 20 23 3 21 2 18 1
12 17 19 22 20 23 14 11 15 13 16 10 5 7 4 8 6 9 3 21 2 18 1
11 14 12 17 19 22 20 23 15 13 16 10 5 7 4 8 6 9 3 21 2 18 1
15 11 14 12 17 19 22 20 23 13 16 10 5 7 4 8 6 9 3 21 2 18 1
14 12 17 19 22 20 23 11 15 13 16 10 5 7 4 8 6 9 3 21 2 18 1
16 13 15 11 14 12 17 19 22 20 23 10 5 7 4 8 6 9 3 21 2 18 1
5 10 16 13 15 11 14 12 17 19 22 20 23 7 4 8 6 9 3 21 2 18 1
7 5 10 16 13 15 11 14 12 17 19 22 20 23 4 8 6 9 3 21 2 18 1
10 16 13 15 11 14 12 17 19 22 20 23 5 7 4 8 6 9 3 21 2 18 1
8 4 7 5 10 16 13 15 11 14 12 17 19 22 20 23 6 9 3 21 2 18 1
20 23 22 19 17 12 14 11 15 13 16 10 5 7 4 8 6 9 3 21 2 18 1
9 6 8 4 7 5 10 16 13 15 11 14 12 17 19 22 20 23 3 21 2 18 1
6 8 4 7 5 10 16 13 15 11 14 12 17 19 22 20 23 9 3 21 2 18 1
4 7 5 10 16 13 15 11 14 12 17 19 22 20 23 8 6 9 3 21 2 18 1
13 17 19 22 20 23 11 15 12 14 16 10 5 7 4 8 6 9 3 21 2 18 1
11 13 17 19 22 20 23 15 12 14 16 10 5 7 4 8 6 9 3 21 2 18 1
15 11 13 17 19 22 20 23 12 14 16 10 5 7 4 8 6 9 3 21 2 18 1
12 15 11 13 17 19 22 20 23 14 16 10 5 7 4 8 6 9 3 21 2 18 1
16 14 12 15 11 13 17 19 22 20 23 10 5 7 4 8 6 9 3 21 2 18 1
20 23 22 19 17 13 11 15 12 14 16 10 5 7 4 8 6 9 3 21 2 18 1
5 10 16 14 12 15 11 13 17 19 22 20 23 7 4 8 6 9 3 21 2 18 1
7 5 10 16 14 12 15 11 13 17 19 22 20 23 4 8 6 9 3 21 2 18 1
10 16 14 12 15 11 13 17 19 22 20 23 5 7 4 8 6 9 3 21 2 18 1
8 4 7 5 10 16 14 12 15 11 13 17 19 22 20 23 6 9 3 21 2 18 1
6 8 4 7 5 10 16 14 12 15 11 13 17 19 22 20 23 9 3 21 2 18 1
9 6 8 4 7 5 10 16 14 12 15 11 13 17 19 22 20 23 3 21 2 18 1
4 7 5 10 16 14 12 15 11 13 17 19 22 20 23 8 6 9 3 21 2 18 1
13 17 19 22 20 23 15 11 14 16 12 10 6 4 8 5 7 9 3 21 2 18 1
20 23 22 19 17 13 15 11 14 16 12 10 6 4 8 5 7 9 3 21 2 18 1
15 13 17 19 22 20 23 11 14 16 12 10 6 4 8 5 7 9 3 21 2 18 1
11 15 13 17 19 22 20 23 14 16 12 10 6 4 8 5 7 9 3 21 2 18 1
6 10 12 16 14 11 15 13 17 19 22 20 23 4 8 5 7 9 3 21 2 18 1
12 16 14 11 15 13 17 19 22 20 23 10 6 4 8 5 7 9 3 21 2 18 1
4 6 10 12 16 14 11 15 13 17 19 22 20 23 8 5 7 9 3 21 2 18 1
16 14 11 15 13 17 19 22 20 23 12 10 6 4 8 5 7 9 3 21 2 18 1
7 5 8 4 6 10 12 16 14 11 15 13 17 19 22 20 23 9 3 21 2 18 1
10 12 16 14 11 15 13 17 19 22 20 23 6 4 8 5 7 9 3 21 2 18 1
9 7 5 8 4 6 10 12 16 14 11 15 13 17 19 22 20 23 3 21 2 18 1
5 8 4 6 10 12 16 14 11 15 13 17 19 22 20 23 7 9 3 21 2 18 1
20 23 22 19 17 12 15 13 16 11 14 10 6 4 8 5 7 9 3 21 2 18 1
8 4 6 10 12 16 14 11 15 13 17 19 22 20 23 5 7 9 3 21 2 18 1
15 12 17 19 22 20 23 13 16 11 14 10 6 4 8 5 7 9 3 21 2 18 1
12 17 19 22 20 23 15 13 16 11 14 10 6 4 8 5 7 9 3 21 2 18 1
16 13 15 12 17 19 22 20 23 11 14 10 6 4 8 5 7 9 3 21 2 18 1
14 11 16 13 15 12 17 19 22 20 23 10 6 4 8 5 7 9 3 21 2 18 1
11 16 13 15 12 17 19 22 20 23 14 10 6 4 8 5 7 9 3 21 2 18 1
6 10 14 11 16 13 15 12 17 19 22 20 23 4 8 5 7 9 3 21 2 18 1
4 6 10 14 11 16 13 15 12 17 19 22 20 23 8 5 7 9 3 21 2 18 1
8 4 6 10 14 11 16 13 15 12 17 19 22 20 23 5 7 9 3 21 2 18 1
5 8 4 6 10 14 11 16 13 15 12 17 19 22 20 23 7 9 3 21 2 18 1
9 7 5 8 4 6 10 14 11 16 13 15 12 17 19 22 20 23 3 21 2 18 1
7 5 8 4 6 10 14 11 16 13 15 12 17 19 22 20 23 9 3 21 2 18 1
10 14 11 16 13 15 12 17 19 22 20 23 6 4 8 5 7 9 3 21 2 18 1
15 17 19 22 20 23 11 13 16 12 14 10 6 4 8 5 7 9 3 21 2 18 1
20 23 22 19 17 15 11 13 16 12 14 10 6 4 8 5 7 9 3 21 2 18 1
16 13 11 15 17 19 22 20 23 12 14 10 6 4 8 5 7 9 3 21 2 18 1
12 16 13 11 15 17 19 22 20 23 14 10 6 4 8 5 7 9 3 21 2 18 1
14 12 16 13 11 15 17 19 22 20 23 10 6 4 8 5 7 9 3 21 2 18 1
6 10 14 12 16 13 11 15 17 19 22 20 23 4 8 5 7 9 3 21 2 18 1
4 6 10 14 12 16 13 11 15 17 19 22 20 23 8 5 7 9 3 21 2 18 1
10 14 12 16 13 11 15 17 19 22 20 23 6 4 8 5 7 9 3 21 2 18 1
8 4 6 10 14 12 16 13 11 15 17 19 22 20 23 5 7 9 3 21 2 18 1
5 8 4 6 10 14 12 16 13 11 15 17 19 22 20 23 7 9 3 21 2 18 1
9 7 5 8 4 6 10 14 12 16 13 11 15 17 19 22 20 23 3 21 2 18 1
7 5 8 4 6 10 14 12 16 13 11 15 17 19 22 20 23 9 3 21 2 18 1
11 17 19 22 20 23 13 15 12 16 14 10 6 4 8 5 7 9 3 21 2 18 1
20 23 22 19 17 11 13 15 12 16 14 10 6 4 8 5 7 9 3 21 2 18 1
13 11 17 19 22 20 23 15 12 16 14 10 6 4 8 5 7 9 3 21 2 18 1
15 13 11 17 19 22 20 23 12 16 14 10 6 4 8 5 7 9 3 21 2 18 1
16 12 15 13 11 17 19 22 20 23 14 10 6 4 8 5 7 9 3 21 2 18 1
14 16 12 15 13 11 17 19 22 20 23 10 6 4 8 5 7 9 3 21 2 18 1
10 14 16 12 15 13 11 17 19 22 20 23 6 4 8 5 7 9 3 21 2 18 1
6 10 14 16 12 15 13 11 17 19 22 20 23 4 8 5 7 9 3 21 2 18 1
4 6 10 14 16 12 15 13 11 17 19 22 20 23 8 5 7 9 3 21 2 18 1
5 8 4 6 10 14 16 12 15 13 11 17 19 22 20 23 7 9 3 21 2 18 1
7 5 8 4 6 10 14 16 12 15 13 11 17 19 22 20 23 9 3 21 2 18 1
9 7 5 8 4 6 10 14 16 12 15 13 11 17 19 22 20 23 3 21 2 18 1
8 4 6 10 14 16 12 15 13 11 17 19 22 20 23 5 7 9 3 21 2 18 1
12 17 19 22 20 23 15 11 13 16 14 10 6 4 8 5 7 9 3 21 2 18 1
15 12 17 19 22 20 23 11 13 16 14 10 6 4 8 5 7 9 3 21 2 18 1
16 13 11 15 12 17 19 22 20 23 14 10 6 4 8 5 7 9 3 21 2 18 1
11 15 12 17 19 22 20 23 13 16 14 10 6 4 8 5 7 9 3 21 2 18 1
14 16 13 11 15 12 17 19 22 20 23 10 6 4 8 5 7 9 3 21 2 18 1
6 10 14 16 13 11 15 12 17 19 22 20 23 4 8 5 7 9 3 21 2 18 1
4 6 10 14 16 13 11 15 12 17 19 22 20 23 8 5 7 9 3 21 2 18 1
20 23 22 19 17 12 15 11 13 16 14 10 6 4 8 5 7 9 3 21 2 18 1
8 4 6 10 14 16 13 11 15 12 17 19 22 20 23 5 7 9 3 21 2 18 1
9 7 5 8 4 6 10 14 16 13 11 15 12 17 19 22 20 23 3 21 2 18 1
5 8 4 6 10 14 16 13 11 15 12 17 19 22 20 23 7 9 3 21 2 18 1
10 14 16 13 11 15 12 17 19 22 20 23 6 4 8 5 7 9 3 21 2 18 1
7 5 8 4 6 10 14 16 13 11 15 12 17 19 22 20 23 9 3 21 2 18 1
20 23 22 19 17 13 16 11 14 12 15 10 6 4 8 5 7 9 3 21 2 18 1
16 13 17 19 22 20 23 11 14 12 15 10 6 4 8 5 7 9 3 21 2 18 1
11 16 13 17 19 22 20 23 14 12 15 10 6 4 8 5 7 9 3 21 2 18 1
14 11 16 13 17 19 22 20 23 12 15 10 6 4 8 5 7 9 3 21 2 18 1
12 14 11 16 13 17 19 22 20 23 15 10 6 4 8 5 7 9 3 21 2 18 1
15 12 14 11 16 13 17 19 22 20 23 10 6 4 8 5 7 9 3 21 2 18 1
6 10 15 12 14 11 16 13 17 19 22 20 23 4 8 5 7 9 3 21 2 18 1
4 6 10 15 12 14 11 16 13 17 19 22 20 23 8 5 7 9 3 21 2 18 1
10 15 12 14 11 16 13 17 19 22 20 23 6 4 8 5 7 9 3 21 2 18 1
8 4 6 10 15 12 14 11 16 13 17 19 22 20 23 5 7 9 3 21 2 18 1
7 5 8 4 6 10 15 12 14 11 16 13 17 19 22 20 23 9 3 21 2 18 1
5 8 4 6 10 15 12 14 11 16 13 17 19 22 20 23 7 9 3 21 2 18 1
9 7 5 8 4 6 10 15 12 14 11 16 13 17 19 22 20 23 3 21 2 18 1
13 17 19 22 20 23 11 14 16 12 15 10 6 4 8 5 7 9 3 21 2 18 1
11 13 17 19 22 20 23 14 16 12 15 10 6 4 8 5 7 9 3 21 2 18 1
20 23 22 19 17 13 11 14 16 12 15 10 6 4 8 5 7 9 3 21 2 18 1
16 14 11 13 17 19 22 20 23 12 15 10 6 4 8 5 7 9 3 21 2 18 1
12 16 14 11 13 17 19 22 20 23 15 10 6 4 8 5 7 9 3 21 2 18 1
15 12 16 14 11 13 17 19 22 20 23 10 6 4 8 5 7 9 3 21 2 18 1
10 15 12 16 14 11 13 17 19 22 20 23 6 4 8 5 7 9 3 21 2 18 1
6 10 15 12 16 14 11 13 17 19 22 20 23 4 8 5 7 9 3 21 2 18 1
4 6 10 15 12 16 14 11 13 17 19 22 20 23 8 5 7 9 3 21 2 18 1
8 4 6 10 15 12 16 14 11 13 17 19 22 20 23 5 7 9 3 21 2 18 1
5 8 4 6 10 15 12 16 14 11 13 17 19 22 20 23 7 9 3 21 2 18 1
7 5 8 4 6 10 15 12 16 14 11 13 17 19 22 20 23 9 3 21 2 18 1
9 7 5 8 4 6 10 15 12 16 14 11 13 17 19 22 20 23 3 21 2 18 1
11 17 19 22 20 23 14 12 16 13 15 10 6 4 8 5 7 9 3 21 2 18 1
14 11 17 19 22 20 23 12 16 13 15 10 6 4 8 5 7 9 3 21 2 18 1
20 23 22 19 17 11 14 12 16 13 15 10 6 4 8 5 7 9 3 21 2 18 1
13 16 12 14 11 17 19 22 20 23 15 10 6 4 8 5 7 9 3 21 2 18 1
15 13 16 12 14 11 17 19 22 20 23 10 6 4 8 5 7 9 3 21 2 18 1
10 15 13 16 12 14 11 17 19 22 20 23 6 4 8 5 7 9 3 21 2 18 1
6 10 15 13 16 12 14 11 17 19 22 20 23 4 8 5 7 9 3 21 2 18 1
4 6 10 15 13 16 12 14 11 17 19 22 20 23 8 5 7 9 3 21 2 18 1
5 8 4 6 10 15 13 16 12 14 11 17 19 22 20 23 7 9 3 21 2 18 1
7 5 8 4 6 10 15 13 16 12 14 11 17 19 22 20 23 9 3 21 2 18 1
9 7 5 8 4 6 10 15 13 16 12 14 11 17 19 22 20 23 3 21 2 18 1
12 17 19 22 20 23 14 11 15 13 16 10 6 4 8 5 7 9 3 21 2 18 1
8 4 6 10 15 13 16 12 14 11 17 19 22 20 23 5 7 9 3 21 2 18 1
14 12 17 19 22 20 23 11 15 13 16 10 6 4 8 5 7 9 3 21 2 18 1
11 14 12 17 19 22 20 23 15 13 16 10 6 4 8 5 7 9 3 21 2 18 1
15 11 14 12 17 19 22 20 23 13 16 10 6 4 8 5 7 9 3 21 2 18 1
6 10 16 13 15 11 14 12 17 19 22 20 23 4 8 5 7 9 3 21 2 18 1
16 13 15 11 14 12 17 19 22 20 23 10 6 4 8 5 7 9 3 21 2 18 1
4 6 10 16 13 15 11 14 12 17 19 22 20 23 8 5 7 9 3 21 2 18 1
10 16 13 15 11 14 12 17 19 22 20 23 6 4 8 5 7 9 3 21 2 18 1
7 5 8 4 6 10 16 13 15 11 14 12 17 19 22 20 23 9 3 21 2 18 1
9 7 5 8 4 6 10 16 13 15 11 14 12 17 19 22 20 23 3 21 2 18 1
5 8 4 6 10 16 13 15 11 14 12 17 19 22 20 23 7 9 3 21 2 18 1
20 23 22 19 17 12 14 11 15 13 16 10 6 4 8 5 7 9 3 21 2 18 1
8 4 6 10 16 13 15 11 14 12 17 19 22 20 23 5 7 9 3 21 2 18 1
13 17 19 22 20 23 11 15 12 14 16 10 6 4 8 5 7 9 3 21 2 18 1
11 13 17 19 22 20 23 15 12 14 16 10 6 4 8 5 7 9 3 21 2 18 1
15 11 13 17 19 22 20 23 12 14 16 10 6 4 8 5 7 9 3 21 2 18 1
12 15 11 13 17 19 22 20 23 14 16 10 6 4 8 5 7 9 3 21 2 18 1
16 14 12 15 11 13 17 19 22 20 23 10 6 4 8 5 7 9 3 21 2 18 1
6 10 16 14 12 15 11 13 17 19 22 20 23 4 8 5 7 9 3 21 2 18 1
10 16 14 12 15 11 13 17 19 22 20 23 6 4 8 5 7 9 3 21 2 18 1
4 6 10 16 14 12 15 11 13 17 19 22 20 23 8 5 7 9 3 21 2 18 1
20 23 22 19 17 13 11 15 12 14 16 10 6 4 8 5 7 9 3 21 2 18 1
9 7 5 8 4 6 10 16 14 12 15 11 13 17 19 22 20 23 3 21 2 18 1
7 5 8 4 6 10 16 14 12 15 11 13 17 19 22 20 23 9 3 21 2 18 1
5 8 4 6 10 16 14 12 15 11 13 17 19 22 20 23 7 9 3 21 2 18 1
8 4 6 10 16 14 12 15 11 13 17 19 22 20 23 5 7 9 3 21 2 18 1
19 21 16 18 20 15 17 14 6 11 8 13 10 7 12 9 5 3 23 22 2 4 1
19 16 23 22 17 20 15 12 9 14 11 21 18 10 13 8 6 2 4 7 3 5 1
4 2 6 8 13 10 18 21 11 14 9 12 15 20 17 22 19 16 23 7 3 5 1
7 4 2 6 8 13 10 18 21 11 14 9 12 15 20 17 22 19 16 23 3 5 1
3 7 4 2 6 8 13 10 18 21 11 14 9 12 15 20 17 22 19 16 23 5 1
5 3 7 4 2 6 8 13 10 18 21 11 14 9 12 15 20 17 22 19 16 23 1
19 16 23 22 17 20 15 12 9 14 11 21 18 10 13 8 3 5 2 6 4 7 1
5 3 8 13 10 18 21 11 14 9 12 15 20 17 22 19 16 23 2 6 4 7 1
6 2 5 3 8 13 10 18 21 11 14 9 12 15 20 17 22 19 16 23 4 7 1
7 4 6 2 5 3 8 13 10 18 21 11 14 9 12 15 20 17 22 19 16 23 1
4 6 2 5 3 8 13 10 18 21 11 14 9 12 15 20 17 22 19 16 23 7 1
19 16 23 22 17 20 15 12 9 14 11 21 18 10 13 8 4 2 6 3 5 7 1
4 8 13 10 18 21 11 14 9 12 15 20 17 22 19 16 23 2 6 3 5 7 1
7 5 3 6 2 4 8 13 10 18 21 11 14 9 12 15 20 17 22 19 16 23 1
5 3 6 2 4 8 13 10 18 21 11 14 9 12 15 20 17 22 19 16 23 7 1
18 21 11 14 9 12 15 20 17 22 19 16 23 10 13 8 2 4 6 3 5 7 1
21 11 14 9 12 15 20 17 22 19 16 23 18 10 13 8 2 4 6 3 5 7 1
12 15 20 17 22 19 16 23 9 14 11 21 18 10 13 8 2 4 6 3 5 7 1
4 2 8 13 10 18 21 11 14 9 12 15 20 17 22 19 16 23 6 3 5 7 1
3 6 4 2 8 13 10 18 21 11 14 9 12 15 20 17 22 19 16 23 5 7 1
6 4 2 8 13 10 18 21 11 14 9 12 15 20 17 22 19 16 23 3 5 7 1
7 5 3 6 4 2 8 13 10 18 21 11 14 9 12 15 20 17 22 19 16 23 1
5 3 6 4 2 8 13 10 18 21 11 14 9 12 15 20 17 22 19 16 23 7 1
6 11 3 20 1 22 15 23 9 4 7 10 5 8 12 17 14 16 13 18 21 2 19
9 6 11 3 20 1 22 15 23 4 7 10 5 8 12 17 14 16 13 18 21 2 19
11 3 20 1 22 15 23 6 9 4 7 10 5 8 12 17 14 16 13 18 21 2 19
15 23 22 1 20 3 11 6 9 4 7 10 5 8 12 17 14 16 13 18 21 2 19
4 9 6 11 3 20 1 22 15 23 7 10 5 8 12 17 14 16 13 18 21 2 19
5 10 7 4 9 6 11 3 20 1 22 15 23 8 12 17 14 16 13 18 21 2 19
10 7 4 9 6 11 3 20 1 22 15 23 5 8 12 17 14 16 13 18 21 2 19
8 5 10 7 4 9 6 11 3 20 1 22 15 23 12 17 14 16 13 18 21 2 19
7 4 9 6 11 3 20 1 22 15 23 10 5 8 12 17 14 16 13 18 21 2 19
19 21 2 23 15 20 16 18 13 17 14 12 9 6 11 8 5 10 7 4 1 22 3
9 12 14 17 13 18 16 20 15 19 21 2 23 6 11 8 5 10 7 4 1 22 3
17 13 18 16 20 15 19 21 2 23 14 12 9 6 11 8 5 10 7 4 1 22 3
12 14 17 13 18 16 20 15 19 21 2 23 9 6 11 8 5 10 7 4 1 22 3
8 11 6 9 12 14 17 13 18 16 20 15 19 21 2 23 5 10 7 4 1 22 3
5 8 11 6 9 12 14 17 13 18 16 20 15 19 21 2 23 10 7 4 1 22 3
1 4 7 10 5 8 11 6 9 12 14 17 13 18 16 20 15 19 21 2 23 22 3
19 16 23 22 17 20 15 12 9 14 11 21 18 10 13 8 2 5 1 7 3 6 4
9 12 15 20 17 22 19 16 23 14 11 21 18 10 13 8 2 5 1 7 3 6 4
18 21 11 14 9 12 15 20 17 22 19 16 23 10 13 8 2 5 1 7 3 6 4
5 2 8 13 10 18 21 11 14 9 12 15 20 17 22 19 16 23 1 7 3 6 4
7 1 5 2 8 13 10 18 21 11 14 9 12 15 20 17 22 19 16 23 3 6 4
1 5 2 8 13 10 18 21 11 14 9 12 15 20 17 22 19 16 23 7 3 6 4
3 7 1 5 2 8 13 10 18 21 11 14 9 12 15 20 17 22 19 16 23 6 4
9 19 23 22 4 21 3 5 1 7 2 6 8 20 10 18 15 12 17 14 11 16 13
21 4 22 9 19 23 3 5 1 7 2 6 8 20 10 18 15 12 17 14 11 16 13
3 21 4 22 9 19 23 5 1 7 2 6 8 20 10 18 15 12 17 14 11 16 13
5 3 21 4 22 9 19 23 1 7 2 6 8 20 10 18 15 12 17 14 11 16 13
2 7 1 5 3 21 4 22 9 19 23 6 8 20 10 18 15 12 17 14 11 16 13
6 2 7 1 5 3 21 4 22 9 19 23 8 20 10 18 15 12 17 14 11 16 13
7 1 5 3 21 4 22 9 19 23 2 6 8 20 10 18 15 12 17 14 11 16 13
15 18 10 20 8 6 2 7 1 5 3 21 4 22 9 19 23 12 17 14 11 16 13
17 12 15 18 10 20 8 6 2 7 1 5 3 21 4 22 9 19 23 14 11 16 13
16 11 14 17 12 15 18 10 20 8 6 2 7 1 5 3 21 4 22 9 19 23 13
11 14 17 12 15 18 10 20 8 6 2 7 1 5 3 21 4 22 9 19 23 16 13
22 8 20 23 19 2 4 6 3 5 7 21 9 13 16 11 14 17 12 15 10 18 1
19 22 8 20 23 2 4 6 3 5 7 21 9 13 16 11 14 17 12 15 10 18 1
2 19 22 8 20 23 4 6 3 5 7 21 9 13 16 11 14 17 12 15 10 18 1
4 2 19 22 8 20 23 6 3 5 7 21 9 13 16 11 14 17 12 15 10 18 1
3 6 4 2 19 22 8 20 23 5 7 21 9 13 16 11 14 17 12 15 10 18 1
5 3 6 4 2 19 22 8 20 23 7 21 9 13 16 11 14 17 12 15 10 18 1
6 4 2 19 22 8 20 23 3 5 7 21 9 13 16 11 14 17 12 15 10 18 1
21 7 5 3 6 4 2 19 22 8 20 23 9 13 16 11 14 17 12 15 10 18 1
9 21 7 5 3 6 4 2 19 22 8 20 23 13 16 11 14 17 12 15 10 18 1
13 9 21 7 5 3 6 4 2 19 22 8 20 23 16 11 14 17 12 15 10 18 1
16 13 9 21 7 5 3 6 4 2 19 22 8 20 23 11 14 17 12 15 10 18 1
7 5 3 6 4 2 19 22 8 20 23 21 9 13 16 11 14 17 12 15 10 18 1
14 11 16 13 9 21 7 5 3 6 4 2 19 22 8 20 23 17 12 15 10 18 1
11 16 13 9 21 7 5 3 6 4 2 19 22 8 20 23 14 17 12 15 10 18 1
12 17 14 11 16 13 9 21 7 5 3 6 4 2 19 22 8 20 23 15 10 18 1
17 14 11 16 13 9 21 7 5 3 6 4 2 19 22 8 20 23 12 15 10 18 1
15 12 17 14 11 16 13 9 21 7 5 3 6 4 2 19 22 8 20 23 10 18 1
20 23 22 19 13 18 15 11 17 14 12 16 10 21 9 5 2 7 4 1 6 3 8
18 10 15 12 17 14 11 16 13 9 21 7 5 3 6 4 2 19 22 8 20 23 1
13 19 22 20 23 18 15 11 17 14 12 16 10 21 9 5 2 7 4 1 6 3 8
19 22 20 23 13 18 15 11 17 14 12 16 10 21 9 5 2 7 4 1 6 3 8
15 18 13 19 22 20 23 11 17 14 12 16 10 21 9 5 2 7 4 1 6 3 8
18 13 19 22 20 23 15 11 17 14 12 16 10 21 9 5 2 7 4 1 6 3 8
17 11 15 18 13 19 22 20 23 14 12 16 10 21 9 5 2 7 4 1 6 3 8
11 15 18 13 19 22 20 23 17 14 12 16 10 21 9 5 2 7 4 1 6 3 8
12 14 17 11 15 18 13 19 22 20 23 16 10 21 9 5 2 7 4 1 6 3 8
16 12 14 17 11 15 18 13 19 22 20 23 10 21 9 5 2 7 4 1 6 3 8
14 17 11 15 18 13 19 22 20 23 12 16 10 21 9 5 2 7 4 1 6 3 8
2 5 9 21 10 16 12 14 17 11 15 18 13 19 22 20 23 7 4 1 6 3 8
4 7 2 5 9 21 10 16 12 14 17 11 15 18 13 19 22 20 23 1 6 3 8
6 1 4 7 2 5 9 21 10 16 12 14 17 11 15 18 13 19 22 20 23 3 8
20 23 22 19 17 14 11 16 13 18 12 15 10 21 9 5 2 7 4 1 6 3 8
14 17 19 22 20 23 11 16 13 18 12 15 10 21 9 5 2 7 4 1 6 3 8
16 11 14 17 19 22 20 23 13 18 12 15 10 21 9 5 2 7 4 1 6 3 8
17 19 22 20 23 14 11 16 13 18 12 15 10 21 9 5 2 7 4 1 6 3 8
18 13 16 11 14 17 19 22 20 23 12 15 10 21 9 5 2 7 4 1 6 3 8
12 18 13 16 11 14 17 19 22 20 23 15 10 21 9 5 2 7 4 1 6 3 8
15 12 18 13 16 11 14 17 19 22 20 23 10 21 9 5 2 7 4 1 6 3 8
13 16 11 14 17 19 22 20 23 18 12 15 10 21 9 5 2 7 4 1 6 3 8
11 14 17 19 22 20 23 16 13 18 12 15 10 21 9 5 2 7 4 1 6 3 8
2 5 9 21 10 15 12 18 13 16 11 14 17 19 22 20 23 7 4 1 6 3 8
4 7 2 5 9 21 10 15 12 18 13 16 11 14 17 19 22 20 23 1 6 3 8
6 1 4 7 2 5 9 21 10 15 12 18 13 16 11 14 17 19 22 20 23 3 8
20 23 22 19 13 18 15 11 17 14 12 16 10 21 9 3 6 1 4 7 2 5 8
13 19 22 20 23 18 15 11 17 14 12 16 10 21 9 3 6 1 4 7 2 5 8
19 22 20 23 13 18 15 11 17 14 12 16 10 21 9 3 6 1 4 7 2 5 8
15 18 13 19 22 20 23 11 17 14 12 16 10 21 9 3 6 1 4 7 2 5 8
18 13 19 22 20 23 15 11 17 14 12 16 10 21 9 3 6 1 4 7 2 5 8
17 11 15 18 13 19 22 20 23 14 12 16 10 21 9 3 6 1 4 7 2 5 8
11 15 18 13 19 22 20 23 17 14 12 16 10 21 9 3 6 1 4 7 2 5 8
12 14 17 11 15 18 13 19 22 20 23 16 10 21 9 3 6 1 4 7 2 5 8
16 12 14 17 11 15 18 13 19 22 20 23 10 21 9 3 6 1 4 7 2 5 8
14 17 11 15 18 13 19 22 20 23 12 16 10 21 9 3 6 1 4 7 2 5 8
6 3 9 21 10 16 12 14 17 11 15 18 13 19 22 20 23 1 4 7 2 5 8
4 1 6 3 9 21 10 16 12 14 17 11 15 18 13 19 22 20 23 7 2 5 8
2 7 4 1 6 3 9 21 10 16 12 14 17 11 15 18 13 19 22 20 23 5 8
7 4 1 6 3 9 21 10 16 12 14 17 11 15 18 13 19 22 20 23 2 5 8
20 23 22 19 17 14 11 16 13 18 12 15 10 21 9 3 6 1 4 7 2 5 8
14 17 19 22 20 23 11 16 13 18 12 15 10 21 9 3 6 1 4 7 2 5 8
16 11 14 17 19 22 20 23 13 18 12 15 10 21 9 3 6 1 4 7 2 5 8
12 18 13 16 11 14 17 19 22 20 23 15 10 21 9 3 6 1 4 7 2 5 8
15 12 18 13 16 11 14 17 19 22 20 23 10 21 9 3 6 1 4 7 2 5 8
17 19 22 20 23 14 11 16 13 18 12 15 10 21 9 3 6 1 4 7 2 5 8
11 14 17 19 22 20 23 16 13 18 12 15 10 21 9 3 6 1 4 7 2 5 8
13 16 11 14 17 19 22 20 23 18 12 15 10 21 9 3 6 1 4 7 2 5 8
6 3 9 21 10 15 12 18 13 16 11 14 17 19 22 20 23 1 4 7 2 5 8
7 4 1 6 3 9 21 10 15 12 18 13 16 11 14 17 19 22 20 23 2 5 8
4 1 6 3 9 21 10 15 12 18 13 16 11 14 17 19 22 20 23 7 2 5 8
2 7 4 1 6 3 9 21 10 15 12 18 13 16 11 14 17 19 22 20 23 5 8
18 13 16 11 14 17 19 22 20 23 12 15 10 21 9 3 6 1 4 7 2 5 8
14 11 19 22 9 20 23 17 12 15 18 13 16 10 21 8 4 2 6 1 3 7 5
12 17 14 11 19 22 9 20 23 15 18 13 16 10 21 8 4 2 6 1 3 7 5
9 20 23 22 19 11 14 17 12 15 18 13 16 10 21 8 4 2 6 1 3 7 5
15 12 17 14 11 19 22 9 20 23 18 13 16 10 21 8 4 2 6 1 3 7 5
13 18 15 12 17 14 11 19 22 9 20 23 16 10 21 8 4 2 6 1 3 7 5
7 3 1 6 2 4 8 21 10 16 13 18 15 12 17 14 11 19 22 9 20 23 5
9 20 23 22 19 11 16 13 18 15 12 17 14 10 21 8 4 2 6 1 3 7 5
16 11 19 22 9 20 23 13 18 15 12 17 14 10 21 8 4 2 6 1 3 7 5
12 15 18 13 16 11 19 22 9 20 23 17 14 10 21 8 4 2 6 1 3 7 5
18 13 16 11 19 22 9 20 23 15 12 17 14 10 21 8 4 2 6 1 3 7 5
17 12 15 18 13 16 11 19 22 9 20 23 14 10 21 8 4 2 6 1 3 7 5
15 18 13 16 11 19 22 9 20 23 12 17 14 10 21 8 4 2 6 1 3 7 5
7 3 1 6 2 4 8 21 10 14 17 12 15 18 13 16 11 19 22 9 20 23 5
9 20 23 22 19 13 18 15 11 17 14 12 16 10 21 8 4 2 6 1 3 7 5
14 17 11 15 18 13 19 22 9 20 23 12 16 10 21 8 4 2 6 1 3 7 5
12 14 17 11 15 18 13 19 22 9 20 23 16 10 21 8 4 2 6 1 3 7 5
7 3 1 6 2 4 8 21 10 16 12 14 17 11 15 18 13 19 22 9 20 23 5
9 20 23 22 19 13 16 11 14 17 12 15 18 10 21 8 4 2 6 1 3 7 5
16 13 19 22 9 20 23 11 14 17 12 15 18 10 21 8 4 2 6 1 3 7 5
12 17 14 11 16 13 19 22 9 20 23 15 18 10 21 8 4 2 6 1 3 7 5
7 3 1 6 2 4 8 21 10 18 15 12 17 14 11 16 13 19 22 9 20 23 5
9 20 23 22 19 15 12 17 14 11 16 13 18 10 21 8 4 2 6 1 3 7 5
12 15 19 22 9 20 23 17 14 11 16 13 18 10 21 8 4 2 6 1 3 7 5
16 11 14 17 12 15 19 22 9 20 23 13 18 10 21 8 4 2 6 1 3 7 5
7 3 1 6 2 4 8 21 10 18 13 16 11 14 17 12 15 19 22 9 20 23 5
9 20 23 22 19 17 14 11 16 13 18 12 15 10 21 8 4 2 6 1 3 7 5
12 18 13 16 11 14 17 19 22 9 20 23 15 10 21 8 4 2 6 1 3 7 5
7 3 1 6 2 4 8 21 10 15 12 18 13 16 11 14 17 19 22 9 20 23 5
14 11 19 22 9 20 23 17 12 15 18 13 16 10 21 8 4 6 2 5 1 3 7
9 20 23 22 19 11 14 17 12 15 18 13 16 10 21 8 4 6 2 5 1 3 7
12 17 14 11 19 22 9 20 23 15 18 13 16 10 21 8 4 6 2 5 1 3 7
15 12 17 14 11 19 22 9 20 23 18 13 16 10 21 8 4 6 2 5 1 3 7
13 18 15 12 17 14 11 19 22 9 20 23 16 10 21 8 4 6 2 5 1 3 7
3 1 5 2 6 4 8 21 10 16 13 18 15 12 17 14 11 19 22 9 20 23 7
16 11 19 22 9 20 23 13 18 15 12 17 14 10 21 8 4 6 2 5 1 3 7
9 20 23 22 19 11 16 13 18 15 12 17 14 10 21 8 4 6 2 5 1 3 7
12 15 18 13 16 11 19 22 9 20 23 17 14 10 21 8 4 6 2 5 1 3 7
18 13 16 11 19 22 9 20 23 15 12 17 14 10 21 8 4 6 2 5 1 3 7
15 18 13 16 11 19 22 9 20 23 12 17 14 10 21 8 4 6 2 5 1 3 7
17 12 15 18 13 16 11 19 22 9 20 23 14 10 21 8 4 6 2 5 1 3 7
3 1 5 2 6 4 8 21 10 14 17 12 15 18 13 16 11 19 22 9 20 23 7
9 20 23 22 19 13 18 15 11 17 14 12 16 10 21 8 4 6 2 5 1 3 7
14 17 11 15 18 13 19 22 9 20 23 12 16 10 21 8 4 6 2 5 1 3 7
12 14 17 11 15 18 13 19 22 9 20 23 16 10 21 8 4 6 2 5 1 3 7
3 1 5 2 6 4 8 21 10 16 12 14 17 11 15 18 13 19 22 9 20 23 7
16 13 19 22 9 20 23 11 14 17 12 15 18 10 21 8 4 6 2 5 1 3 7
9 20 23 22 19 13 16 11 14 17 12 15 18 10 21 8 4 6 2 5 1 3 7
12 17 14 11 16 13 19 22 9 20 23 15 18 10 21 8 4 6 2 5 1 3 7
3 1 5 2 6 4 8 21 10 18 15 12 17 14 11 16 13 19 22 9 20 23 7
12 15 19 22 9 20 23 17 14 11 16 13 18 10 21 8 4 6 2 5 1 3 7
9 20 23 22 19 15 12 17 14 11 16 13 18 10 21 8 4 6 2 5 1 3 7
16 11 14 17 12 15 19 22 9 20 23 13 18 10 21 8 4 6 2 5 1 3 7
3 1 5 2 6 4 8 21 10 18 13 16 11 14 17 12 15 19 22 9 20 23 7
9 20 23 22 19 17 14 11 16 13 18 12 15 10 21 8 4 6 2 5 1 3 7
12 18 13 16 11 14 17 19 22 9 20 23 15 10 21 8 4 6 2 5 1 3 7
3 1 5 2 6 4 8 21 10 15 12 18 13 16 11 14 17 19 22 9 20 23 7
10 20 23 18 16 19 9 17 15 11 22 13 21 12 14 8 5 2 7 4 1 6 3
11 15 17 9 19 16 18 10 20 23 22 13 21 12 14 8 5 2 7 4 1 6 3
5 8 14 12 21 13 22 11 15 17 9 19 16 18 10 20 23 2 7 4 1 6 3
7 2 5 8 14 12 21 13 22 11 15 17 9 19 16 18 10 20 23 4 1 6 3
6 1 4 7 2 5 8 14 12 21 13 22 11 15 17 9 19 16 18 10 20 23 3
10 20 23 18 16 19 9 17 15 11 22 13 21 12 14 8 3 6 1 4 7 2 5
4 7 2 5 8 14 12 21 13 22 11 15 17 9 19 16 18 10 20 23 1 6 3
11 15 17 9 19 16 18 10 20 23 22 13 21 12 14 8 3 6 1 4 7 2 5
8 14 12 21 13 22 11 15 17 9 19 16 18 10 20 23 3 6 1 4 7 2 5
3 8 14 12 21 13 22 11 15 17 9 19 16 18 10 20 23 6 1 4 7 2 5
1 6 3 8 14 12 21 13 22 11 15 17 9 19 16 18 10 20 23 4 7 2 5
4 1 6 3 8 14 12 21 13 22 11 15 17 9 19 16 18 10 20 23 7 2 5
2 7 4 1 6 3 8 14 12 21 13 22 11 15 17 9 19 16 18 10 20 23 5
20 23 10 22 19 11 21 18 13 15 12 16 14 17 9 3 7 5 2 8 4 1 6
22 10 20 23 19 11 21 18 13 15 12 16 14 17 9 3 7 5 2 8 4 1 6
19 22 10 20 23 11 21 18 13 15 12 16 14 17 9 3 7 5 2 8 4 1 6
11 19 22 10 20 23 21 18 13 15 12 16 14 17 9 3 7 5 2 8 4 1 6
6 3 8 14 12 21 13 22 11 15 17 9 19 16 18 10 20 23 1 4 7 2 5
10 20 23 22 19 11 21 18 13 15 12 16 14 17 9 3 7 5 2 8 4 1 6
3 9 17 14 16 12 15 13 18 21 11 19 22 10 20 23 7 5 2 8 4 1 6
5 7 3 9 17 14 16 12 15 13 18 21 11 19 22 10 20 23 2 8 4 1 6
2 5 7 3 9 17 14 16 12 15 13 18 21 11 19 22 10 20 23 8 4 1 6
4 8 2 5 7 3 9 17 14 16 12 15 13 18 21 11 19 22 10 20 23 1 6
20 23 10 22 19 11 21 18 14 12 16 13 15 17 9 3 7 5 2 8 4 1 6
9 17 14 16 12 15 13 18 21 11 19 22 10 20 23 3 7 5 2 8 4 1 6
22 10 20 23 19 11 21 18 14 12 16 13 15 17 9 3 7 5 2 8 4 1 6
19 22 10 20 23 11 21 18 14 12 16 13 15 17 9 3 7 5 2 8 4 1 6
11 19 22 10 20 23 21 18 14 12 16 13 15 17 9 3 7 5 2 8 4 1 6
7 3 9 17 14 16 12 15 13 18 21 11 19 22 10 20 23 5 2 8 4 1 6
8 2 5 7 3 9 17 14 16 12 15 13 18 21 11 19 22 10 20 23 4 1 6
10 20 23 22 19 11 21 18 14 12 16 13 15 17 9 3 7 5 2 8 4 1 6
3 9 17 15 13 16 12 14 18 21 11 19 22 10 20 23 7 5 2 8 4 1 6
9 17 15 13 16 12 14 18 21 11 19 22 10 20 23 3 7 5 2 8 4 1 6
5 7 3 9 17 15 13 16 12 14 18 21 11 19 22 10 20 23 2 8 4 1 6
2 5 7 3 9 17 15 13 16 12 14 18 21 11 19 22 10 20 23 8 4 1 6
4 8 2 5 7 3 9 17 15 13 16 12 14 18 21 11 19 22 10 20 23 1 6
7 3 9 17 15 13 16 12 14 18 21 11 19 22 10 20 23 5 2 8 4 1 6
8 2 5 7 3 9 17 15 13 16 12 14 18 21 11 19 22 10 20 23 4 1 6
18 20 23 22 9 21 17 13 15 11 14 16 12 10 19 8 3 6 1 4 7 2 5
16 14 11 15 13 17 21 9 22 18 20 23 12 10 19 8 3 6 1 4 7 2 5
12 16 14 11 15 13 17 21 9 22 18 20 23 10 19 8 3 6 1 4 7 2 5
3 8 19 10 12 16 14 11 15 13 17 21 9 22 18 20 23 6 1 4 7 2 5
6 3 8 19 10 12 16 14 11 15 13 17 21 9 22 18 20 23 1 4 7 2 5
1 6 3 8 19 10 12 16 14 11 15 13 17 21 9 22 18 20 23 4 7 2 5
4 1 6 3 8 19 10 12 16 14 11 15 13 17 21 9 22 18 20 23 7 2 5
2 7 4 1 6 3 8 19 10 12 16 14 11 15 13 17 21 9 22 18 20 23 5
8 19 10 12 16 14 11 15 13 17 21 9 22 18 20 23 3 6 1 4 7 2 5
18 20 23 22 9 21 17 13 15 11 14 16 12 10 19 8 5 2 7 4 1 6 3
16 14 11 15 13 17 21 9 22 18 20 23 12 10 19 8 5 2 7 4 1 6 3
12 16 14 11 15 13 17 21 9 22 18 20 23 10 19 8 5 2 7 4 1 6 3
5 8 19 10 12 16 14 11 15 13 17 21 9 22 18 20 23 2 7 4 1 6 3
7 2 5 8 19 10 12 16 14 11 15 13 17 21 9 22 18 20 23 4 1 6 3
6 1 4 7 2 5 8 19 10 12 16 14 11 15 13 17 21 9 22 18 20 23 3
4 7 2 5 8 19 10 12 16 14 11 15 13 17 21 9 22 18 20 23 1 6 3
2 5 8 19 10 12 16 14 11 15 13 17 21 9 22 18 20 23 7 4 1 6 3
4 2 8 19 10 12 16 14 11 15 13 17 22 20 9 21 18 23 6 3 5 7 1
18 20 23 22 9 21 17 12 15 13 16 11 14 10 19 8 3 6 1 4 7 2 5
16 13 15 12 17 21 9 22 18 20 23 11 14 10 19 8 3 6 1 4 7 2 5
11 16 13 15 12 17 21 9 22 18 20 23 14 10 19 8 3 6 1 4 7 2 5
14 11 16 13 15 12 17 21 9 22 18 20 23 10 19 8 3 6 1 4 7 2 5
3 8 19 10 14 11 16 13 15 12 17 21 9 22 18 20 23 6 1 4 7 2 5
6 3 8 19 10 14 11 16 13 15 12 17 21 9 22 18 20 23 1 4 7 2 5
1 6 3 8 19 10 14 11 16 13 15 12 17 21 9 22 18 20 23 4 7 2 5
4 1 6 3 8 19 10 14 11 16 13 15 12 17 21 9 22 18 20 23 7 2 5
2 7 4 1 6 3 8 19 10 14 11 16 13 15 12 17 21 9 22 18 20 23 5
8 19 10 14 11 16 13 15 12 17 21 9 22 18 20 23 3 6 1 4 7 2 5
18 20 23 22 9 21 17 12 15 13 16 11 14 10 19 8 5 2 7 4 1 6 3
16 13 15 12 17 21 9 22 18 20 23 11 14 10 19 8 5 2 7 4 1 6 3
11 16 13 15 12 17 21 9 22 18 20 23 14 10 19 8 5 2 7 4 1 6 3
14 11 16 13 15 12 17 21 9 22 18 20 23 10 19 8 5 2 7 4 1 6 3
5 8 19 10 14 11 16 13 15 12 17 21 9 22 18 20 23 2 7 4 1 6 3
7 2 5 8 19 10 14 11 16 13 15 12 17 21 9 22 18 20 23 4 1 6 3
4 7 2 5 8 19 10 14 11 16 13 15 12 17 21 9 22 18 20 23 1 6 3
6 1 4 7 2 5 8 19 10 14 11 16 13 15 12 17 21 9 22 18 20 23 3
2 5 8 19 10 14 11 16 13 15 12 17 21 9 22 18 20 23 7 4 1 6 3
4 2 8 19 10 14 11 16 13 15 12 17 22 20 9 21 18 23 6 3 5 7 1
18 20 23 22 9 21 17 13 15 11 16 12 14 10 19 8 3 6 1 4 7 2 5
15 13 17 21 9 22 18 20 23 11 16 12 14 10 19 8 3 6 1 4 7 2 5
16 11 15 13 17 21 9 22 18 20 23 12 14 10 19 8 3 6 1 4 7 2 5
12 16 11 15 13 17 21 9 22 18 20 23 14 10 19 8 3 6 1 4 7 2 5
14 12 16 11 15 13 17 21 9 22 18 20 23 10 19 8 3 6 1 4 7 2 5
3 8 19 10 14 12 16 11 15 13 17 21 9 22 18 20 23 6 1 4 7 2 5
6 3 8 19 10 14 12 16 11 15 13 17 21 9 22 18 20 23 1 4 7 2 5
4 1 6 3 8 19 10 14 12 16 11 15 13 17 21 9 22 18 20 23 7 2 5
1 6 3 8 19 10 14 12 16 11 15 13 17 21 9 22 18 20 23 4 7 2 5
2 7 4 1 6 3 8 19 10 14 12 16 11 15 13 17 21 9 22 18 20 23 5
18 20 23 22 9 21 17 13 15 11 16 12 14 10 19 8 5 2 7 4 1 6 3
15 13 17 21 9 22 18 20 23 11 16 12 14 10 19 8 5 2 7 4 1 6 3
16 11 15 13 17 21 9 22 18 20 23 12 14 10 19 8 5 2 7 4 1 6 3
12 16 11 15 13 17 21 9 22 18 20 23 14 10 19 8 5 2 7 4 1 6 3
14 12 16 11 15 13 17 21 9 22 18 20 23 10 19 8 5 2 7 4 1 6 3
5 8 19 10 14 12 16 11 15 13 17 21 9 22 18 20 23 2 7 4 1 6 3
7 2 5 8 19 10 14 12 16 11 15 13 17 21 9 22 18 20 23 4 1 6 3
2 5 8 19 10 14 12 16 11 15 13 17 21 9 22 18 20 23 7 4 1 6 3
6 1 4 7 2 5 8 19 10 14 12 16 11 15 13 17 21 9 22 18 20 23 3
4 7 2 5 8 19 10 14 12 16 11 15 13 17 21 9 22 18 20 23 1 6 3
20 9 21 18 23 22 17 13 15 11 14 16 12 10 19 8 3 5 2 6 4 7 1
20 9 21 18 23 22 17 13 15 11 14 16 12 10 19 8 4 2 6 3 5 7 1
20 9 21 18 23 22 17 13 15 11 14 16 12 10 19 8 2 4 6 3 5 7 1
20 9 21 18 23 22 17 13 15 11 14 16 12 10 19 8 6 2 4 7 3 5 1
4 2 8 19 10 14 12 16 13 11 15 17 22 20 9 21 18 23 6 3 5 7 1
18 20 23 22 9 21 17 11 13 15 12 16 14 10 19 8 3 6 1 4 7 2 5
16 12 15 13 11 17 21 9 22 18 20 23 14 10 19 8 3 6 1 4 7 2 5
14 16 12 15 13 11 17 21 9 22 18 20 23 10 19 8 3 6 1 4 7 2 5
6 3 8 19 10 14 16 12 15 13 11 17 21 9 22 18 20 23 1 4 7 2 5
3 8 19 10 14 16 12 15 13 11 17 21 9 22 18 20 23 6 1 4 7 2 5
1 6 3 8 19 10 14 16 12 15 13 11 17 21 9 22 18 20 23 4 7 2 5
4 1 6 3 8 19 10 14 16 12 15 13 11 17 21 9 22 18 20 23 7 2 5
2 7 4 1 6 3 8 19 10 14 16 12 15 13 11 17 21 9 22 18 20 23 5
20 9 21 18 23 22 17 12 15 13 16 11 14 10 19 8 4 2 6 3 5 7 1
18 20 23 22 9 21 17 11 13 15 12 16 14 10 19 8 5 2 7 4 1 6 3
16 12 15 13 11 17 21 9 22 18 20 23 14 10 19 8 5 2 7 4 1 6 3
14 16 12 15 13 11 17 21 9 22 18 20 23 10 19 8 5 2 7 4 1 6 3
5 8 19 10 14 16 12 15 13 11 17 21 9 22 18 20 23 2 7 4 1 6 3
7 2 5 8 19 10 14 16 12 15 13 11 17 21 9 22 18 20 23 4 1 6 3
6 1 4 7 2 5 8 19 10 14 16 12 15 13 11 17 21 9 22 18 20 23 3
2 5 8 19 10 14 16 12 15 13 11 17 21 9 22 18 20 23 7 4 1 6 3
4 7 2 5 8 19 10 14 16 12 15 13 11 17 21 9 22 18 20 23 1 6 3
20 9 21 18 23 22 17 12 15 13 16 11 14 10 19 8 3 5 2 6 4 7 1
20 9 21 18 23 22 17 12 15 13 16 11 14 10 19 8 2 4 6 3 5 7 1
20 9 21 18 23 22 17 12 15 13 16 11 14 10 19 8 6 2 4 7 3 5 1
4 2 8 19 10 14 16 12 15 13 11 17 22 20 9 21 18 23 6 3 5 7 1
4 2 8 19 10 14 16 13 11 15 12 17 22 20 9 21 18 23 6 3 5 7 1
4 2 8 19 10 15 12 14 11 16 13 17 22 20 9 21 18 23 6 3 5 7 1
22 9 20 23 5 2 7 4 1 6 3 8 21 10 19 15 12 14 17 11 16 13 18
2 5 22 9 20 23 7 4 1 6 3 8 21 10 19 15 12 14 17 11 16 13 18
9 20 23 22 5 2 7 4 1 6 3 8 21 10 19 15 12 14 17 11 16 13 18
20 23 9 22 5 2 7 4 1 6 3 8 21 10 19 15 12 14 17 11 16 13 18
4 7 2 5 22 9 20 23 1 6 3 8 21 10 19 15 12 14 17 11 16 13 18
6 1 4 7 2 5 22 9 20 23 3 8 21 10 19 15 12 14 17 11 16 13 18
5 22 9 20 23 2 7 4 1 6 3 8 21 10 19 15 12 14 17 11 16 13 18
10 21 8 3 6 1 4 7 2 5 22 9 20 23 19 15 12 14 17 11 16 13 18
14 12 15 19 10 21 8 3 6 1 4 7 2 5 22 9 20 23 17 11 16 13 18
17 14 12 15 19 10 21 8 3 6 1 4 7 2 5 22 9 20 23 11 16 13 18
16 11 17 14 12 15 19 10 21 8 3 6 1 4 7 2 5 22 9 20 23 13 18
13 16 11 17 14 12 15 19 10 21 8 3 6 1 4 7 2 5 22 9 20 23 18
11 17 14 12 15 19 10 21 8 3 6 1 4 7 2 5 22 9 20 23 16 13 18
6 3 22 9 20 23 1 4 7 2 5 8 21 10 19 15 12 14 17 11 16 13 18
22 9 20 23 3 6 1 4 7 2 5 8 21 10 19 15 12 14 17 11 16 13 18
4 1 6 3 22 9 20 23 7 2 5 8 21 10 19 15 12 14 17 11 16 13 18
3 22 9 20 23 6 1 4 7 2 5 8 21 10 19 15 12 14 17 11 16 13 18
2 7 4 1 6 3 22 9 20 23 5 8 21 10 19 15 12 14 17 11 16 13 18
9 20 23 22 3 6 1 4 7 2 5 8 21 10 19 15 12 14 17 11 16 13 18
20 23 9 22 3 6 1 4 7 2 5 8 21 10 19 15 12 14 17 11 16 13 18
10 21 8 5 2 7 4 1 6 3 22 9 20 23 19 15 12 14 17 11 16 13 18
14 12 15 19 10 21 8 5 2 7 4 1 6 3 22 9 20 23 17 11 16 13 18
17 14 12 15 19 10 21 8 5 2 7 4 1 6 3 22 9 20 23 11 16 13 18
16 11 17 14 12 15 19 10 21 8 5 2 7 4 1 6 3 22 9 20 23 13 18
13 16 11 17 14 12 15 19 10 21 8 5 2 7 4 1 6 3 22 9 20 23 18
11 17 14 12 15 19 10 21 8 5 2 7 4 1 6 3 22 9 20 23 16 13 18
20 9 21 18 23 22 17 12 15 11 13 16 14 10 19 8 6 2 4 7 3 5 1
20 9 21 18 23 22 17 12 15 11 13 16 14 10 19 8 4 2 6 3 5 7 1
13 17 22 20 9 21 18 23 11 14 16 12 15 10 19 8 2 4 6 3 5 7 1
4 2 8 19 10 15 12 16 14 11 13 17 22 20 9 21 18 23 6 3 5 7 1
20 9 21 18 23 22 17 12 15 11 13 16 14 10 19 8 2 4 6 3 5 7 1
20 23 12 17 22 15 21 16 14 11 18 10 19 13 9 5 2 7 4 1 6 3 8
12 20 23 17 22 15 21 16 14 11 18 10 19 13 9 5 2 7 4 1 6 3 8
22 17 12 20 23 15 21 16 14 11 18 10 19 13 9 5 2 7 4 1 6 3 8
15 22 17 12 20 23 21 16 14 11 18 10 19 13 9 5 2 7 4 1 6 3 8
16 21 15 22 17 12 20 23 14 11 18 10 19 13 9 5 2 7 4 1 6 3 8
21 15 22 17 12 20 23 16 14 11 18 10 19 13 9 5 2 7 4 1 6 3 8
14 16 21 15 22 17 12 20 23 11 18 10 19 13 9 5 2 7 4 1 6 3 8
18 11 14 16 21 15 22 17 12 20 23 10 19 13 9 5 2 7 4 1 6 3 8
11 14 16 21 15 22 17 12 20 23 18 10 19 13 9 5 2 7 4 1 6 3 8
19 10 18 11 14 16 21 15 22 17 12 20 23 13 9 5 2 7 4 1 6 3 8
17 12 20 23 22 15 21 16 14 11 18 10 19 13 9 5 2 7 4 1 6 3 8
9 13 19 10 18 11 14 16 21 15 22 17 12 20 23 5 2 7 4 1 6 3 8
2 5 9 13 19 10 18 11 14 16 21 15 22 17 12 20 23 7 4 1 6 3 8
4 7 2 5 9 13 19 10 18 11 14 16 21 15 22 17 12 20 23 1 6 3 8
6 1 4 7 2 5 9 13 19 10 18 11 14 16 21 15 22 17 12 20 23 3 8
12 20 23 17 22 15 21 16 14 11 18 10 19 13 9 3 6 1 4 7 2 5 8
20 23 12 17 22 15 21 16 14 11 18 10 19 13 9 3 6 1 4 7 2 5 8
22 17 12 20 23 15 21 16 14 11 18 10 19 13 9 3 6 1 4 7 2 5 8
21 15 22 17 12 20 23 16 14 11 18 10 19 13 9 3 6 1 4 7 2 5 8
14 16 21 15 22 17 12 20 23 11 18 10 19 13 9 3 6 1 4 7 2 5 8
11 14 16 21 15 22 17 12 20 23 18 10 19 13 9 3 6 1 4 7 2 5 8
17 12 20 23 22 15 21 16 14 11 18 10 19 13 9 3 6 1 4 7 2 5 8
18 11 14 16 21 15 22 17 12 20 23 10 19 13 9 3 6 1 4 7 2 5 8
19 10 18 11 14 16 21 15 22 17 12 20 23 13 9 3 6 1 4 7 2 5 8
15 22 17 12 20 23 21 16 14 11 18 10 19 13 9 3 6 1 4 7 2 5 8
9 13 19 10 18 11 14 16 21 15 22 17 12 20 23 3 6 1 4 7 2 5 8
16 21 15 22 17 12 20 23 14 11 18 10 19 13 9 3 6 1 4 7 2 5 8
6 3 9 13 19 10 18 11 14 16 21 15 22 17 12 20 23 1 4 7 2 5 8
4 1 6 3 9 13 19 10 18 11 14 16 21 15 22 17 12 20 23 7 2 5 8
7 4 1 6 3 9 13 19 10 18 11 14 16 21 15 22 17 12 20 23 2 5 8
2 7 4 1 6 3 9 13 19 10 18 11 14 16 21 15 22 17 12 20 23 5 8
3 9 13 19 10 18 11 14 16 21 15 22 17 12 20 23 6 1 4 7 2 5 8
18 20 23 22 9 21 17 11 14 12 16 13 15 10 19 8 3 6 1 4 7 2 5
13 16 12 14 11 17 21 9 22 18 20 23 15 10 19 8 3 6 1 4 7 2 5
15 13 16 12 14 11 17 21 9 22 18 20 23 10 19 8 3 6 1 4 7 2 5
3 8 19 10 15 13 16 12 14 11 17 21 9 22 18 20 23 6 1 4 7 2 5
6 3 8 19 10 15 13 16 12 14 11 17 21 9 22 18 20 23 1 4 7 2 5
4 1 6 3 8 19 10 15 13 16 12 14 11 17 21 9 22 18 20 23 7 2 5
1 6 3 8 19 10 15 13 16 12 14 11 17 21 9 22 18 20 23 4 7 2 5
2 7 4 1 6 3 8 19 10 15 13 16 12 14 11 17 21 9 22 18 20 23 5
18 20 23 22 9 21 17 11 14 12 16 13 15 10 19 8 5 2 7 4 1 6 3
13 16 12 14 11 17 21 9 22 18 20 23 15 10 19 8 5 2 7 4 1 6 3
15 13 16 12 14 11 17 21 9 22 18 20 23 10 19 8 5 2 7 4 1 6 3
5 8 19 10 15 13 16 12 14 11 17 21 9 22 18 20 23 2 7 4 1 6 3
7 2 5 8 19 10 15 13 16 12 14 11 17 21 9 22 18 20 23 4 1 6 3
6 1 4 7 2 5 8 19 10 15 13 16 12 14 11 17 21 9 22 18 20 23 3
2 5 8 19 10 15 13 16 12 14 11 17 21 9 22 18 20 23 7 4 1 6 3
4 7 2 5 8 19 10 15 13 16 12 14 11 17 21 9 22 18 20 23 1 6 3
4 2 8 19 10 15 13 16 12 14 11 17 22 20 9 21 18 23 6 3 5 7 1
20 23 9 22 3 6 1 4 7 2 5 8 21 10 19 16 12 18 14 17 13 15 11
22 9 20 23 3 6 1 4 7 2 5 8 21 10 19 16 12 18 14 17 13 15 11
6 3 22 9 20 23 1 4 7 2 5 8 21 10 19 16 12 18 14 17 13 15 11
9 20 23 22 3 6 1 4 7 2 5 8 21 10 19 16 12 18 14 17 13 15 11
4 1 6 3 22 9 20 23 7 2 5 8 21 10 19 16 12 18 14 17 13 15 11
2 7 4 1 6 3 22 9 20 23 5 8 21 10 19 16 12 18 14 17 13 15 11
10 21 8 5 2 7 4 1 6 3 22 9 20 23 19 16 12 18 14 17 13 15 11
16 19 10 21 8 5 2 7 4 1 6 3 22 9 20 23 12 18 14 17 13 15 11
18 12 16 19 10 21 8 5 2 7 4 1 6 3 22 9 20 23 14 17 13 15 11
13 17 14 18 12 16 19 10 21 8 5 2 7 4 1 6 3 22 9 20 23 15 11
15 13 17 14 18 12 16 19 10 21 8 5 2 7 4 1 6 3 22 9 20 23 11
18 20 23 22 9 21 17 12 14 11 15 13 16 10 19 8 3 6 1 4 7 2 5
14 12 17 21 9 22 18 20 23 11 15 13 16 10 19 8 3 6 1 4 7 2 5
16 13 15 11 14 12 17 21 9 22 18 20 23 10 19 8 3 6 1 4 7 2 5
3 8 19 10 16 13 15 11 14 12 17 21 9 22 18 20 23 6 1 4 7 2 5
6 3 8 19 10 16 13 15 11 14 12 17 21 9 22 18 20 23 1 4 7 2 5
1 6 3 8 19 10 16 13 15 11 14 12 17 21 9 22 18 20 23 4 7 2 5
4 1 6 3 8 19 10 16 13 15 11 14 12 17 21 9 22 18 20 23 7 2 5
2 7 4 1 6 3 8 19 10 16 13 15 11 14 12 17 21 9 22 18 20 23 5
18 20 23 22 9 21 17 12 14 11 15 13 16 10 19 8 5 2 7 4 1 6 3
14 12 17 21 9 22 18 20 23 11 15 13 16 10 19 8 5 2 7 4 1 6 3
20 9 21 18 23 22 17 13 11 14 16 12 15 10 19 8 3 5 2 6 4 7 1
16 13 15 11 14 12 17 21 9 22 18 20 23 10 19 8 5 2 7 4 1 6 3
5 8 19 10 16 13 15 11 14 12 17 21 9 22 18 20 23 2 7 4 1 6 3
7 2 5 8 19 10 16 13 15 11 14 12 17 21 9 22 18 20 23 4 1 6 3
2 5 8 19 10 16 13 15 11 14 12 17 21 9 22 18 20 23 7 4 1 6 3
6 1 4 7 2 5 8 19 10 16 13 15 11 14 12 17 21 9 22 18 20 23 3
4 7 2 5 8 19 10 16 13 15 11 14 12 17 21 9 22 18 20 23 1 6 3
20 9 21 18 23 22 17 13 11 14 16 12 15 10 19 8 4 2 6 3 5 7 1
20 9 21 18 23 22 17 13 11 14 16 12 15 10 19 8 6 2 4 7 3 5 1
20 9 21 18 23 22 17 13 11 14 16 12 15 10 19 8 2 4 6 3 5 7 1
4 2 8 19 10 16 13 15 11 14 12 17 22 20 9 21 18 23 6 3 5 7 1
18 20 23 22 9 21 17 11 14 12 15 13 16 10 19 8 3 6 1 4 7 2 5
11 17 21 9 22 18 20 23 14 12 15 13 16 10 19 8 3 6 1 4 7 2 5
16 13 15 12 14 11 17 21 9 22 18 20 23 10 19 8 3 6 1 4 7 2 5
6 3 8 19 10 16 13 15 12 14 11 17 21 9 22 18 20 23 1 4 7 2 5
1 6 3 8 19 10 16 13 15 12 14 11 17 21 9 22 18 20 23 4 7 2 5
4 1 6 3 8 19 10 16 13 15 12 14 11 17 21 9 22 18 20 23 7 2 5
3 8 19 10 16 13 15 12 14 11 17 21 9 22 18 20 23 6 1 4 7 2 5
2 7 4 1 6 3 8 19 10 16 13 15 12 14 11 17 21 9 22 18 20 23 5
18 20 23 22 9 21 17 11 14 12 15 13 16 10 19 8 5 2 7 4 1 6 3
11 17 21 9 22 18 20 23 14 12 15 13 16 10 19 8 5 2 7 4 1 6 3
16 13 15 12 14 11 17 21 9 22 18 20 23 10 19 8 5 2 7 4 1 6 3
5 8 19 10 16 13 15 12 14 11 17 21 9 22 18 20 23 2 7 4 1 6 3
7 2 5 8 19 10 16 13 15 12 14 11 17 21 9 22 18 20 23 4 1 6 3
2 5 8 19 10 16 13 15 12 14 11 17 21 9 22 18 20 23 7 4 1 6 3
6 1 4 7 2 5 8 19 10 16 13 15 12 14 11 17 21 9 22 18 20 23 3
4 7 2 5 8 19 10 16 13 15 12 14 11 17 21 9 22 18 20 23 1 6 3
18 20 23 22 9 21 17 13 11 15 12 14 16 10 19 8 3 6 1 4 7 2 5
13 17 21 9 22 18 20 23 11 15 12 14 16 10 19 8 3 6 1 4 7 2 5
16 14 12 15 11 13 17 21 9 22 18 20 23 10 19 8 3 6 1 4 7 2 5
3 8 19 10 16 14 12 15 11 13 17 21 9 22 18 20 23 6 1 4 7 2 5
6 3 8 19 10 16 14 12 15 11 13 17 21 9 22 18 20 23 1 4 7 2 5
1 6 3 8 19 10 16 14 12 15 11 13 17 21 9 22 18 20 23 4 7 2 5
4 1 6 3 8 19 10 16 14 12 15 11 13 17 21 9 22 18 20 23 7 2 5
2 7 4 1 6 3 8 19 10 16 14 12 15 11 13 17 21 9 22 18 20 23 5
18 20 23 22 9 21 17 13 11 15 12 14 16 10 19 8 5 2 7 4 1 6 3
13 17 21 9 22 18 20 23 11 15 12 14 16 10 19 8 5 2 7 4 1 6 3
16 14 12 15 11 13 17 21 9 22 18 20 23 10 19 8 5 2 7 4 1 6 3
5 8 19 10 16 14 12 15 11 13 17 21 9 22 18 20 23 2 7 4 1 6 3
7 2 5 8 19 10 16 14 12 15 11 13 17 21 9 22 18 20 23 4 1 6 3
2 5 8 19 10 16 14 12 15 11 13 17 21 9 22 18 20 23 7 4 1 6 3
6 1 4 7 2 5 8 19 10 16 14 12 15 11 13 17 21 9 22 18 20 23 3
4 7 2 5 8 19 10 16 14 12 15 11 13 17 21 9 22 18 20 23 1 6 3
4 2 8 19 10 16 14 12 15 11 13 17 22 20 9 21 18 23 6 3 5 7 1
18 20 23 22 9 21 17 11 13 15 12 14 16 10 19 8 3 6 1 4 7 2 5
13 11 17 21 9 22 18 20 23 15 12 14 16 10 19 8 3 6 1 4 7 2 5
16 14 12 15 13 11 17 21 9 22 18 20 23 10 19 8 3 6 1 4 7 2 5
3 8 19 10 16 14 12 15 13 11 17 21 9 22 18 20 23 6 1 4 7 2 5
1 6 3 8 19 10 16 14 12 15 13 11 17 21 9 22 18 20 23 4 7 2 5
6 3 8 19 10 16 14 12 15 13 11 17 21 9 22 18 20 23 1 4 7 2 5
4 1 6 3 8 19 10 16 14 12 15 13 11 17 21 9 22 18 20 23 7 2 5
2 7 4 1 6 3 8 19 10 16 14 12 15 13 11 17 21 9 22 18 20 23 5
18 20 23 22 9 21 17 11 13 15 12 14 16 10 19 8 5 2 7 4 1 6 3
13 11 17 21 9 22 18 20 23 15 12 14 16 10 19 8 5 2 7 4 1 6 3
16 14 12 15 13 11 17 21 9 22 18 20 23 10 19 8 5 2 7 4 1 6 3
5 8 19 10 16 14 12 15 13 11 17 21 9 22 18 20 23 2 7 4 1 6 3
7 2 5 8 19 10 16 14 12 15 13 11 17 21 9 22 18 20 23 4 1 6 3
2 5 8 19 10 16 14 12 15 13 11 17 21 9 22 18 20 23 7 4 1 6 3
6 1 4 7 2 5 8 19 10 16 14 12 15 13 11 17 21 9 22 18 20 23 3
4 7 2 5 8 19 10 16 14 12 15 13 11 17 21 9 22 18 20 23 1 6 3
13 11 15 17 19 16 18 20 22 21 23 9 12 14 10 8 4 2 6 3 5 7 1
6 2 4 8 10 14 12 9 13 11 15 17 19 16 18 20 22 21 23 3 5 7 1
8 10 14 12 9 13 11 15 17 19 16 18 20 22 21 23 4 2 6 3 5 7 1
9 14 11 13 10 15 17 19 16 18 20 22 21 23 12 8 3 5 2 6 4 7 1
13 10 15 17 19 16 18 20 22 21 23 11 14 9 12 8 3 5 2 6 4 7 1
15 17 19 16 18 20 22 21 23 10 13 11 14 9 12 8 3 5 2 6 4 7 1
9 15 18 16 19 17 20 22 21 23 11 13 10 14 12 8 3 6 4 7 2 5 1
13 11 9 15 18 16 19 17 20 22 21 23 10 14 12 8 3 6 4 7 2 5 1
20 22 21 23 17 19 16 18 15 9 11 13 10 14 12 8 3 6 4 7 2 5 1
11 9 15 18 16 19 17 20 22 21 23 13 10 14 12 8 3 6 4 7 2 5 1
7 4 6 3 8 12 14 10 13 11 9 15 18 16 19 17 20 22 21 23 2 5 1
14 10 12 9 15 17 19 16 18 20 22 21 23 11 13 8 3 6 2 4 7 5 1
9 15 17 19 16 18 20 22 21 23 12 10 14 11 13 8 3 6 2 4 7 5 1
16 18 20 22 21 23 19 17 15 9 12 10 14 11 13 8 3 6 2 4 7 5 1
17 19 16 18 20 22 21 23 15 9 12 10 14 11 13 8 3 6 2 4 7 5 1
9 14 11 13 10 15 18 16 19 17 20 22 21 23 12 8 2 5 3 6 4 7 1
2 6 4 8 12 14 10 13 11 9 15 18 16 19 17 20 22 21 23 5 1 3 7
8 12 14 10 13 11 9 15 18 16 19 17 20 22 21 23 4 6 2 5 1 3 7
9 15 18 16 19 17 20 22 21 23 11 13 10 14 12 8 4 6 2 5 1 3 7
13 9 11 15 18 16 19 17 20 22 21 23 10 12 14 8 6 2 4 7 3 5 1
15 18 16 19 17 20 22 21 23 11 9 13 10 12 14 8 6 2 4 7 3 5 1
7 4 2 6 8 14 12 10 13 9 11 15 18 16 19 17 20 22 21 23 3 5 1
10 13 9 11 15 18 16 19 17 20 22 21 23 12 14 8 6 2 4 7 3 5 1
9 11 15 18 16 19 17 20 22 21 23 13 10 12 14 8 6 2 4 7 3 5 1
18 16 19 17 20 22 21 23 15 9 11 13 10 14 12 8 3 6 2 4 7 5 1
13 11 9 15 18 16 19 17 20 22 21 23 10 14 12 8 3 6 2 4 7 5 1
21 23 22 20 17 19 16 18 15 9 11 13 10 14 12 8 3 6 2 4 7 5 1
11 9 15 18 16 19 17 20 22 21 23 13 10 14 12 8 3 6 2 4 7 5 1
14 10 13 11 9 15 18 16 19 17 20 22 21 23 12 8 3 6 2 4 7 5 1
8 12 14 10 13 11 9 15 18 16 19 17 20 22 21 23 3 6 2 4 7 5 1
13 11 9 15 18 16 19 17 20 22 21 23 10 14 12 8 1 6 4 7 2 5 3
8 12 14 10 13 11 9 15 18 16 19 17 20 22 21 23 1 6 4 7 2 5 3
4 6 1 8 12 14 10 13 11 9 15 18 16 19 17 20 22 21 23 7 2 5 3
2 7 4 6 1 8 12 14 10 13 11 9 15 18 16 19 17 20 22 21 23 5 3
1 8 12 14 10 13 11 9 15 18 16 19 17 20 22 21 23 6 4 7 2 5 3
19 17 20 22 21 23 16 18 15 11 9 13 10 12 14 8 4 2 6 1 3 7 5
11 15 18 16 19 17 20 22 21 23 9 13 10 12 14 8 4 2 6 1 3 7 5
16 19 17 20 22 21 23 18 15 11 9 13 10 12 14 8 4 2 6 1 3 7 5
20 22 21 23 17 19 16 18 15 11 9 13 10 12 14 8 4 2 6 1 3 7 5
17 20 22 21 23 19 16 18 15 10 12 9 13 11 14 8 3 6 2 4 7 5 1
6 3 8 14 11 13 9 12 10 15 18 16 19 17 20 22 21 23 2 4 7 5 1
8 14 11 13 9 12 10 15 18 16 19 17 20 22 21 23 3 6 2 4 7 5 1
10 15 18 16 19 17 20 22 21 23 12 9 13 11 14 8 3 6 2 4 7 5 1
20 22 21 23 17 19 16 18 15 11 9 13 10 12 14 8 4 2 5 7 3 6 1
13 9 11 15 18 16 19 17 20 22 21 23 10 12 14 8 4 2 5 7 3 6 1
7 5 2 4 8 14 12 10 13 9 11 15 18 16 19 17 20 22 21 23 3 6 1
16 19 17 20 22 21 23 18 15 11 9 13 10 12 14 8 4 2 5 7 3 6 1
15 18 16 19 17 20 22 21 23 11 9 13 10 12 14 8 4 2 5 7 3 6 1
10 13 9 11 15 18 16 19 17 20 22 21 23 12 14 8 4 2 5 7 3 6 1
4 7 2 5 8 13 11 14 10 12 9 15 17 19 16 18 20 22 21 23 1 6 3
9 15 17 19 16 18 20 22 21 23 11 13 10 14 12 8 4 2 6 3 5 7 1
17 19 16 18 20 22 21 23 15 9 12 10 14 11 13 8 4 6 2 5 1 3 7
14 10 12 9 15 17 19 16 18 20 22 21 23 11 13 8 4 6 2 5 1 3 7
19 16 18 20 22 21 23 17 15 9 12 10 14 11 13 8 4 6 2 5 1 3 7
5 2 6 4 8 13 11 14 10 12 9 15 17 19 16 18 20 22 21 23 1 3 7
2 6 4 8 13 11 14 10 12 9 15 17 19 16 18 20 22 21 23 5 1 3 7
21 23 22 20 18 16 19 17 15 9 12 10 14 11 13 8 4 6 2 5 1 3 7
12 9 15 18 16 19 17 20 22 21 23 10 14 11 13 8 2 5 3 7 4 6 1
14 10 12 9 15 18 16 19 17 20 22 21 23 11 13 8 2 5 3 7 4 6 1
9 15 18 16 19 17 20 22 21 23 12 10 14 11 13 8 2 5 3 7 4 6 1
19 17 20 22 21 23 16 18 15 9 11 13 10 14 12 8 4 7 2 5 3 6 1
20 22 21 23 17 19 16 18 15 9 11 13 10 14 12 8 4 7 2 5 3 6 1
5 2 7 4 8 12 14 10 13 11 9 15 18 16 19 17 20 22 21 23 3 6 1
9 15 18 16 19 17 20 22 21 23 11 13 10 14 12 8 4 7 2 5 3 6 1
11 9 15 18 16 19 17 20 22 21 23 13 10 14 12 8 4 7 2 5 3 6 1
17 19 16 18 20 22 21 23 15 10 12 9 13 11 14 8 3 6 4 7 2 5 1
15 17 19 16 18 20 22 21 23 10 12 9 13 11 14 8 3 6 4 7 2 5 1
10 15 17 19 16 18 20 22 21 23 12 9 13 11 14 8 3 6 4 7 2 5 1
13 9 12 10 15 17 19 16 18 20 22 21 23 11 14 8 3 6 4 7 2 5 1
19 16 18 20 22 21 23 17 15 10 12 9 13 11 14 8 3 6 4 7 2 5 1
3 8 14 11 13 9 12 10 15 17 19 16 18 20 22 21 23 6 4 7 2 5 1
12 10 15 17 19 16 18 20 22 21 23 9 13 11 14 8 3 6 4 7 2 5 1
18 16 19 17 20 22 21 23 15 10 13 11 14 9 12 8 5 2 6 3 7 4 1
11 13 10 15 18 16 19 17 20 22 21 23 14 9 12 8 5 2 6 3 7 4 1
17 20 22 21 23 19 16 18 15 10 13 11 14 9 12 8 5 2 6 3 7 4 1
16 19 17 20 22 21 23 18 15 10 13 11 14 9 12 8 5 2 6 3 7 4 1
6 2 5 8 12 9 14 11 13 10 15 18 16 19 17 20 22 21 23 3 7 4 1
19 17 20 22 21 23 16 18 15 10 13 11 14 9 12 8 5 2 6 3 7 4 1
5 8 12 9 14 11 13 10 15 18 16 19 17 20 22 21 23 2 6 3 7 4 1
12 10 15 18 16 19 17 20 22 21 23 9 13 11 14 8 4 2 6 3 5 7 1
10 15 18 16 19 17 20 22 21 23 12 9 13 11 14 8 4 2 6 3 5 7 1
9 12 10 15 18 16 19 17 20 22 21 23 13 11 14 8 4 2 6 3 5 7 1
13 9 12 10 15 18 16 19 17 20 22 21 23 11 14 8 4 2 6 3 5 7 1
15 18 16 19 17 20 22 21 23 10 12 9 13 11 14 8 4 2 6 3 5 7 1
10 15 18 16 19 17 20 22 21 23 13 11 14 9 12 8 3 6 1 7 4 2 5
21 23 22 20 17 19 16 18 15 10 13 11 14 9 12 8 3 6 1 7 4 2 5
16 19 17 20 22 21 23 18 15 10 13 11 14 9 12 8 3 6 1 7 4 2 5
19 17 20 22 21 23 16 18 15 10 13 11 14 9 12 8 3 6 1 7 4 2 5
4 7 1 6 3 8 12 9 14 11 13 10 15 18 16 19 17 20 22 21 23 2 5
18 16 19 17 20 22 21 23 15 10 13 11 14 9 12 8 3 6 1 7 4 2 5
13 10 15 18 16 19 17 20 22 21 23 11 14 9 12 8 3 6 1 7 4 2 5
1 8 10 14 12 9 13 11 15 18 16 19 17 20 22 21 23 6 4 7 2 5 3
15 18 16 19 17 20 22 21 23 11 13 9 12 14 10 8 1 6 4 7 2 5 3
14 11 13 10 15 17 19 16 18 20 22 21 23 9 12 8 2 4 6 3 5 7 1
13 10 15 17 19 16 18 20 22 21 23 11 14 9 12 8 2 4 6 3 5 7 1
10 13 9 11 15 18 16 19 17 20 22 21 23 12 14 8 4 6 2 5 1 3 7
18 16 19 17 20 22 21 23 15 11 9 13 10 12 14 8 4 6 2 5 1 3 7
16 19 17 20 22 21 23 18 15 11 9 13 10 12 14 8 4 6 2 5 1 3 7
9 11 15 18 16 19 17 20 22 21 23 13 10 12 14 8 4 6 2 5 1 3 7
13 9 11 15 18 16 19 17 20 22 21 23 10 12 14 8 4 6 2 5 1 3 7
10 15 18 16 19 17 20 22 21 23 12 9 13 11 14 8 2 4 6 3 7 5 1
15 18 16 19 17 20 22 21 23 10 12 9 13 11 14 8 2 4 6 3 7 5 1
8 11 14 9 12 15 17 19 16 18 20 22 21 23 13 10 7 3 1 5 2 6 4
11 14 9 12 15 17 19 16 18 20 22 21 23 8 13 10 7 3 1 5 2 6 4
15 17 19 16 18 20 22 21 23 9 11 13 10 14 12 8 2 4 6 3 7 5 1
11 9 15 17 19 16 18 20 22 21 23 13 10 14 12 8 2 4 6 3 7 5 1
4 8 12 14 10 13 11 9 15 18 16 19 17 20 22 21 23 2 5 7 3 6 1
21 23 22 20 17 19 16 18 15 9 11 13 10 14 12 8 4 2 5 7 3 6 1
7 5 2 4 8 12 14 10 13 11 9 15 18 16 19 17 20 22 21 23 3 6 1
11 9 15 18 16 19 17 20 22 21 23 13 10 14 12 8 4 2 5 7 3 6 1
9 15 18 16 19 17 20 22 21 23 11 13 10 14 12 8 4 2 5 7 3 6 1
16 19 17 20 22 21 23 18 15 9 11 13 10 14 12 8 4 2 5 7 3 6 1
20 22 21 23 17 19 16 18 15 9 11 13 10 14 12 8 4 2 5 7 3 6 1
10 13 9 11 15 18 16 19 17 20 22 21 23 12 14 8 3 6 2 4 7 5 1
18 16 19 17 20 22 21 23 15 11 9 13 10 12 14 8 3 6 2 4 7 5 1
19 17 20 22 21 23 16 18 15 11 9 13 10 12 14 8 3 6 2 4 7 5 1
8 14 12 10 13 9 11 15 18 16 19 17 20 22 21 23 3 6 2 4 7 5 1
6 3 8 14 12 10 13 9 11 15 18 16 19 17 20 22 21 23 2 4 7 5 1
21 23 22 20 17 19 16 18 15 11 9 13 10 12 14 8 3 6 2 4 7 5 1
9 11 15 18 16 19 17 20 22 21 23 13 10 12 14 8 3 6 2 4 7 5 1
17 20 22 21 23 19 16 18 15 11 9 13 10 12 14 8 3 6 2 4 7 5 1
12 10 15 17 19 16 18 20 22 21 23 9 13 11 14 8 3 6 1 4 7 2 5
10 15 17 19 16 18 20 22 21 23 12 9 13 11 14 8 3 6 1 4 7 2 5
15 17 19 16 18 20 22 21 23 10 12 9 13 11 14 8 3 6 1 4 7 2 5
6 3 8 14 11 13 9 12 10 15 17 19 16 18 20 22 21 23 1 4 7 2 5
20 22 21 23 17 19 16 18 15 10 12 9 13 11 14 8 4 2 6 1 3 7 5
21 23 22 20 17 19 16 18 15 10 12 9 13 11 14 8 4 2 6 1 3 7 5
9 12 10 15 18 16 19 17 20 22 21 23 13 11 14 8 4 2 6 1 3 7 5
17 20 22 21 23 19 16 18 15 10 12 9 13 11 14 8 4 2 6 1 3 7 5
16 19 17 20 22 21 23 18 15 10 12 9 13 11 14 8 4 2 6 1 3 7 5
2 6 4 8 14 11 13 9 12 10 15 17 19 16 18 20 22 21 23 5 1 3 7
9 12 10 15 17 19 16 18 20 22 21 23 13 11 14 8 4 6 2 5 1 3 7
5 2 6 4 8 14 11 13 9 12 10 15 17 19 16 18 20 22 21 23 1 3 7
18 20 22 21 23 16 19 17 15 10 12 9 13 11 14 8 4 6 2 5 1 3 7
19 16 18 20 22 21 23 17 15 10 12 9 13 11 14 8 4 6 2 5 1 3 7
8 14 11 13 9 12 10 15 17 19 16 18 20 22 21 23 4 6 2 5 1 3 7
12 9 15 18 16 19 17 20 22 21 23 10 14 11 13 8 4 2 5 7 3 6 1
15 18 16 19 17 20 22 21 23 9 12 10 14 11 13 8 4 2 5 7 3 6 1
21 23 22 20 17 19 16 18 15 9 12 10 14 11 13 8 4 2 5 7 3 6 1
4 8 13 11 14 10 12 9 15 18 16 19 17 20 22 21 23 2 5 7 3 6 1
16 19 17 20 22 21 23 18 15 9 12 10 14 11 13 8 4 2 5 7 3 6 1
8 13 11 14 10 12 9 15 18 16 19 17 20 22 21 23 4 2 5 7 3 6 1
2 6 8 12 9 14 11 13 10 15 17 19 16 18 20 22 21 23 4 7 3 5 1
9 14 11 13 10 15 17 19 16 18 20 22 21 23 12 8 6 2 4 7 3 5 1
15 17 19 16 18 20 22 21 23 10 13 11 14 9 12 8 6 2 4 7 3 5 1
13 10 15 17 19 16 18 20 22 21 23 11 14 9 12 8 6 2 4 7 3 5 1
13 10 15 18 16 19 17 20 22 21 23 11 14 9 12 8 4 2 6 3 5 7 1
14 11 13 10 15 18 16 19 17 20 22 21 23 9 12 8 4 2 6 3 5 7 1
15 18 16 19 17 20 22 21 23 10 13 11 14 9 12 8 4 2 6 3 5 7 1
10 15 18 16 19 17 20 22 21 23 13 11 14 9 12 8 4 2 6 3 5 7 1
20 22 21 23 18 16 19 17 15 11 13 9 12 14 10 8 4 6 1 3 7 2 5
4 8 10 14 12 9 13 11 15 17 19 16 18 20 22 21 23 6 1 3 7 2 5
11 15 17 19 16 18 20 22 21 23 13 9 12 14 10 8 4 6 1 3 7 2 5
6 4 8 10 14 12 9 13 11 15 17 19 16 18 20 22 21 23 1 3 7 2 5
16 18 20 22 21 23 19 17 15 11 13 9 12 14 10 8 4 6 1 3 7 2 5
13 11 15 17 19 16 18 20 22 21 23 9 12 14 10 8 4 6 1 3 7 2 5
18 20 22 21 23 16 19 17 15 11 13 9 12 14 10 8 4 6 1 3 7 2 5
8 12 9 14 11 13 10 15 18 16 19 17 20 22 21 23 3 5 2 6 4 7 1
15 18 16 19 17 20 22 21 23 10 13 11 14 9 12 8 3 5 2 6 4 7 1
10 15 18 16 19 17 20 22 21 23 13 11 14 9 12 8 3 5 2 6 4 7 1
6 3 8 12 14 10 13 11 9 15 18 16 19 17 20 22 21 23 2 4 7 5 1
17 20 22 21 23 19 16 18 15 9 11 13 10 14 12 8 3 6 2 4 7 5 1
4 2 6 3 8 12 14 10 13 11 9 15 18 16 19 17 20 22 21 23 7 5 1
10 15 17 19 16 18 20 22 21 23 13 11 14 9 12 8 3 5 2 6 4 7 1
7 4 2 6 8 14 12 10 13 9 11 15 17 19 16 18 20 22 21 23 3 5 1
2 6 8 14 12 10 13 9 11 15 17 19 16 18 20 22 21 23 4 7 3 5 1
9 11 15 17 19 16 18 20 22 21 23 13 10 12 14 8 6 2 4 7 3 5 1
11 15 17 19 16 18 20 22 21 23 9 13 10 12 14 8 6 2 4 7 3 5 1
