1 25 27 5 2 6 4 8 12 14 10 13 11 9 15 23 21 18 20 17 19 22 16 24 26 28 3 7
25 27 5 2 6 4 8 12 14 10 13 11 9 15 23 21 18 20 17 19 22 16 24 26 28 1 3 7
3 7 5 2 6 4 8 12 10 14 9 13 11 15 23 21 18 20 17 19 22 16 24 26 28 1 27 25
27 3 7 5 2 6 4 8 12 10 14 9 13 11 15 23 21 18 20 17 19 22 16 24 26 28 25 1
1 25 27 5 2 6 4 8 12 10 14 9 13 11 15 23 21 18 20 17 19 22 16 24 26 28 3 7
25 27 5 2 6 4 8 12 10 14 9 13 11 15 23 21 18 20 17 19 22 16 24 26 28 1 3 7
3 7 5 2 6 4 8 12 10 14 9 13 11 15 23 21 18 20 17 19 22 16 24 26 28 1 25 27
3 7 5 2 6 4 8 13 11 14 10 12 9 15 23 21 18 20 17 19 22 16 24 26 28 1 27 25
27 3 7 5 2 6 4 8 13 11 14 10 12 9 15 23 21 18 20 17 19 22 16 24 26 28 25 1
7 5 2 6 4 8 13 11 14 10 12 9 15 23 21 18 20 17 19 22 16 24 26 28 3 1 27 25
1 25 27 5 2 6 4 8 13 11 14 10 12 9 15 23 21 18 20 17 19 22 16 24 26 28 3 7
3 7 5 2 6 4 8 13 11 14 10 12 9 15 23 21 18 20 17 19 22 16 24 26 28 1 25 27
25 27 5 2 6 4 8 13 11 14 10 12 9 15 23 21 18 20 17 19 22 16 24 26 28 1 3 7
7 5 2 6 4 8 13 11 14 10 12 9 15 23 21 18 20 17 19 22 16 24 26 28 3 1 25 27
7 5 2 6 4 8 13 11 14 10 12 9 15 23 21 18 20 17 19 22 16 24 26 28 3 27 25 1
3 7 5 2 6 4 8 14 11 13 10 12 9 15 23 21 17 19 22 20 18 16 24 26 28 1 27 25
7 5 2 6 4 8 14 11 13 10 12 9 15 23 21 17 19 22 20 18 16 24 26 28 3 1 27 25
7 5 2 6 4 8 14 11 13 10 12 9 15 23 21 17 19 22 20 18 16 24 26 28 3 1 25 27
3 7 5 2 6 4 8 14 11 13 10 12 9 15 23 21 17 19 22 20 18 16 24 26 28 1 25 27
5 2 6 4 8 14 11 13 10 12 9 15 23 21 17 19 22 20 18 16 24 26 28 7 3 1 25 27
3 7 5 2 6 4 8 14 11 13 10 12 9 15 23 21 18 20 17 19 22 16 24 26 28 1 27 25
3 7 5 2 6 4 8 14 11 13 10 12 9 15 23 21 18 20 17 19 22 16 24 26 28 1 25 27
27 3 7 5 2 6 4 8 14 11 13 10 12 9 15 23 21 18 20 17 19 22 16 24 26 28 25 1
7 5 2 6 4 8 14 11 13 10 12 9 15 23 21 18 20 17 19 22 16 24 26 28 3 1 27 25
5 2 6 4 8 14 11 13 10 12 9 15 23 21 18 20 17 19 22 16 24 26 28 7 3 1 25 27
7 5 2 6 4 8 14 11 13 10 12 9 15 23 21 18 20 17 19 22 16 24 26 28 3 1 25 27
7 5 2 6 4 8 14 11 13 10 12 9 15 23 21 18 20 17 19 22 16 24 26 28 3 27 25 1
3 7 5 2 6 4 8 14 11 13 9 12 10 15 23 21 17 19 22 20 18 16 24 26 28 1 25 27
5 2 6 4 8 14 11 13 9 12 10 15 23 21 17 19 22 20 18 16 24 26 28 7 3 1 25 27
7 5 2 6 4 8 14 11 13 9 12 10 15 23 21 17 19 22 20 18 16 24 26 28 3 1 25 27
7 5 2 6 4 8 14 11 13 9 12 10 15 23 21 17 19 22 20 18 16 24 26 28 3 1 27 25
3 7 5 2 6 4 8 14 11 13 9 12 10 15 23 21 17 19 22 20 18 16 24 26 28 1 27 25
3 7 5 2 6 4 8 14 11 13 9 12 10 15 17 23 21 19 22 20 18 16 24 26 28 1 25 27
3 7 5 2 6 4 8 14 12 10 13 11 9 15 20 23 21 18 22 17 19 16 24 26 28 1 25 27
5 2 6 4 8 14 12 10 13 11 9 15 23 21 18 20 17 19 22 16 24 26 28 7 3 1 25 27
3 7 5 2 6 4 8 14 12 10 13 11 9 15 23 21 18 20 17 19 22 16 24 26 28 1 25 27
7 5 2 6 4 8 14 12 10 13 11 9 15 23 21 18 20 17 19 22 16 24 26 28 3 1 27 25
3 7 5 2 6 4 8 14 12 10 13 11 9 15 23 21 18 20 17 19 22 16 24 26 28 1 27 25
7 5 2 6 4 8 14 12 10 13 11 9 15 23 21 18 20 17 19 22 16 24 26 28 3 1 25 27
7 5 2 6 4 8 14 12 10 13 11 9 15 23 21 18 20 17 19 22 16 24 26 28 3 27 25 1
27 3 7 5 2 6 4 8 14 12 10 13 11 9 15 23 21 18 20 17 19 22 16 24 26 28 25 1
25 27 5 2 6 4 8 14 12 10 13 11 9 15 23 21 18 20 17 19 22 16 24 26 28 1 3 7
1 25 27 5 2 6 4 8 14 12 10 13 11 9 15 23 21 18 20 17 19 22 16 24 26 28 3 7
3 7 5 2 6 4 8 14 12 10 13 9 11 15 23 21 17 19 22 20 18 16 24 26 28 1 25 27
3 7 5 2 6 4 8 14 12 10 13 11 9 15 23 21 17 19 22 20 18 16 24 26 28 1 25 27
7 5 2 6 4 8 14 12 10 13 11 9 15 23 21 17 19 22 20 18 16 24 26 28 3 1 27 25
3 7 5 2 6 4 8 14 12 10 13 11 9 15 23 21 17 19 22 20 18 16 24 26 28 1 27 25
5 2 6 4 8 14 12 10 13 11 9 15 23 21 17 19 22 20 18 16 24 26 28 7 3 1 25 27
7 5 2 6 4 8 14 12 10 13 11 9 15 23 21 17 19 22 20 18 16 24 26 28 3 1 25 27
7 5 2 6 4 8 14 12 10 13 9 11 15 23 21 18 20 17 19 22 16 24 26 28 3 1 25 27
1 3 7 5 2 6 4 8 14 12 10 13 11 9 15 23 21 17 19 22 20 18 16 24 26 28 27 25
3 7 5 2 6 4 8 14 12 10 13 9 11 15 23 21 18 20 17 19 22 16 24 26 28 1 27 25
3 7 5 2 6 4 8 14 12 10 13 9 11 15 23 21 18 20 17 19 22 16 24 26 28 1 25 27
27 3 7 5 2 6 4 8 14 12 10 13 9 11 15 23 21 18 20 17 19 22 16 24 26 28 25 1
7 3 6 2 5 8 12 9 14 11 13 10 15 23 21 18 20 17 19 22 16 24 26 28 4 1 25 27
1 25 27 5 2 6 4 8 14 12 10 13 9 11 15 23 21 18 20 17 19 22 16 24 26 28 3 7
4 7 3 6 2 5 8 12 9 14 11 13 10 15 23 21 18 20 17 19 22 16 24 26 28 1 25 27
25 27 5 2 6 4 8 14 12 10 13 9 11 15 23 21 18 20 17 19 22 16 24 26 28 1 3 7
4 7 3 6 2 5 8 12 9 14 11 13 10 15 23 21 18 20 17 19 22 16 24 26 28 1 27 25
27 4 7 3 6 2 5 8 12 9 14 11 13 10 15 23 21 18 20 17 19 22 16 24 26 28 25 1
5 2 7 4 6 3 8 14 11 13 9 12 10 15 20 23 21 18 22 17 19 16 24 26 28 1 25 27
5 2 7 4 6 3 8 12 10 14 9 13 11 15 23 21 17 19 22 20 18 16 24 26 28 1 25 27
5 2 7 4 6 3 8 14 11 13 10 12 9 15 20 23 21 18 22 17 19 16 24 26 28 1 25 27
5 2 7 4 6 3 8 12 10 14 9 13 11 15 23 21 18 20 17 19 22 16 24 26 28 1 25 27
27 5 2 7 4 6 3 8 12 10 14 9 13 11 15 23 21 18 20 17 19 22 16 24 26 28 25 1
5 2 7 4 6 3 8 12 14 10 13 11 9 15 23 21 17 19 22 20 18 16 24 26 28 1 25 27
2 7 4 6 3 8 12 14 10 13 11 9 15 23 21 17 19 22 20 18 16 24 26 28 5 1 25 27
2 7 4 6 3 8 12 14 10 13 11 9 15 23 21 18 20 17 19 22 16 24 26 28 5 1 25 27
5 2 7 4 6 3 8 12 14 10 13 11 9 15 23 21 18 20 17 19 22 16 24 26 28 1 25 27
5 2 7 4 6 3 8 12 14 10 13 11 9 15 23 21 18 20 17 19 22 16 24 26 28 1 27 25
27 5 2 7 4 6 3 8 12 14 10 13 11 9 15 23 21 18 20 17 19 22 16 24 26 28 25 1
5 2 7 4 6 3 8 13 11 14 10 12 9 15 23 21 18 20 17 19 22 16 24 26 28 1 25 27
1 4 7 3 6 2 5 8 12 9 14 11 13 10 15 23 21 18 20 17 19 22 16 24 26 28 27 25
2 7 4 6 3 8 13 11 14 10 12 9 15 23 21 18 20 17 19 22 16 24 26 28 5 1 25 27
5 2 7 4 6 3 8 13 11 14 10 12 9 15 23 21 18 20 17 19 22 16 24 26 28 1 27 25
2 7 4 6 3 8 13 11 14 10 12 9 15 23 21 18 20 17 19 22 16 24 26 28 5 1 27 25
2 7 4 6 3 8 13 11 14 10 12 9 15 23 21 18 20 17 19 22 16 24 26 28 5 27 25 1
27 5 2 7 4 6 3 8 13 11 14 10 12 9 15 23 21 18 20 17 19 22 16 24 26 28 25 1
3 7 5 2 6 4 8 13 11 14 10 12 9 15 20 23 21 18 22 17 19 16 24 26 28 1 25 27
3 7 5 2 6 4 8 12 14 10 13 11 9 15 23 21 18 20 17 19 22 16 24 26 28 1 25 27
7 5 2 6 4 8 12 14 10 13 11 9 15 23 21 18 20 17 19 22 16 24 26 28 3 1 25 27
3 7 5 2 6 4 8 12 14 10 13 11 9 15 23 21 18 20 17 19 22 16 24 26 28 1 27 25
27 3 7 5 2 6 4 8 12 14 10 13 11 9 15 23 21 18 20 17 19 22 16 24 26 28 25 1
7 5 2 6 4 8 13 11 14 10 12 9 15 23 21 17 19 22 20 18 16 24 26 28 3 1 25 27
3 7 5 2 6 4 8 13 11 14 10 12 9 15 23 21 17 19 22 20 18 16 24 26 28 1 25 27
7 5 2 6 4 8 13 11 14 10 12 9 15 23 21 17 19 22 20 18 16 24 26 28 3 1 27 25
3 7 5 2 6 4 8 13 11 14 10 12 9 15 23 21 17 19 22 20 18 16 24 26 28 1 27 25
3 7 5 2 6 4 8 14 11 13 9 12 10 15 23 21 18 20 17 19 22 16 24 26 28 1 25 27
5 2 6 4 8 14 11 13 9 12 10 15 23 21 18 20 17 19 22 16 24 26 28 7 3 1 25 27
7 5 2 6 4 8 14 11 13 9 12 10 15 23 21 18 20 17 19 22 16 24 26 28 3 1 25 27
7 5 2 6 4 8 14 11 13 9 12 10 15 23 21 18 20 17 19 22 16 24 26 28 3 1 27 25
3 7 5 2 6 4 8 14 11 13 9 12 10 15 23 21 18 20 17 19 22 16 24 26 28 1 27 25
7 5 2 6 4 8 14 11 13 9 12 10 15 23 21 18 20 17 19 22 16 24 26 28 3 27 25 1
27 3 7 5 2 6 4 8 14 11 13 9 12 10 15 23 21 18 20 17 19 22 16 24 26 28 25 1
1 25 27 5 2 6 4 8 14 11 13 9 12 10 15 23 21 18 20 17 19 22 16 24 26 28 3 7
5 2 7 4 6 3 8 13 11 14 10 12 9 15 20 23 21 18 22 17 19 16 24 26 28 1 25 27
7 5 2 6 4 8 14 11 13 10 12 9 15 20 23 21 18 22 17 19 16 24 26 28 3 1 25 27
3 7 5 2 6 4 8 14 11 13 10 12 9 15 20 23 21 18 22 17 19 16 24 26 28 1 25 27
3 7 5 2 6 4 8 14 11 13 9 12 10 15 20 23 21 18 22 17 19 16 24 26 28 1 25 27
17 19 22 16 24 26 28 20 18 21 23 15 10 13 11 14 9 12 8 5 2 6 3 7 4 1 27 25
20 17 19 22 16 24 26 28 18 21 23 15 10 13 11 14 9 12 8 5 2 6 3 7 4 1 27 25
17 19 22 16 24 26 28 20 18 21 23 15 10 13 11 14 9 12 8 5 2 6 3 7 4 27 25 1
17 19 22 20 18 16 24 26 28 21 23 15 10 12 9 13 11 14 8 4 6 2 5 7 3 1 27 25
1 5 2 7 4 6 3 8 12 10 14 9 13 11 15 23 21 17 19 22 20 18 16 24 26 28 27 25
1 5 2 7 4 6 3 8 12 14 10 13 11 9 15 23 21 17 19 22 20 18 16 24 26 28 27 25
1 5 2 7 4 6 3 8 12 14 10 13 11 9 15 17 23 21 19 22 20 18 16 24 26 28 27 25
21 18 20 17 19 22 16 24 26 28 23 15 9 11 13 10 14 12 8 4 6 2 5 7 3 27 25 1
17 19 22 16 24 26 28 20 18 21 23 15 11 13 9 14 10 12 8 4 6 2 5 7 3 1 25 27
16 24 26 28 22 19 17 20 18 21 23 15 11 13 9 14 10 12 8 4 6 2 5 7 3 1 25 27
24 26 28 16 22 19 17 20 18 21 23 15 11 13 9 14 10 12 8 4 6 2 5 7 3 1 27 25
15 23 21 18 20 17 19 22 16 24 26 28 11 13 9 14 10 12 8 4 6 2 5 7 3 1 25 27
15 23 21 18 20 17 19 22 16 24 26 28 11 13 9 14 10 12 8 4 6 2 5 7 3 1 27 25
17 19 22 16 24 26 28 20 18 21 23 15 11 13 9 14 10 12 8 4 6 2 5 7 3 1 27 25
16 24 26 28 22 19 17 20 18 21 23 15 11 13 9 14 10 12 8 4 6 2 5 7 3 1 27 25
26 28 24 16 22 19 17 20 18 21 23 15 11 13 9 14 10 12 8 4 6 2 5 7 3 27 25 1
22 16 24 26 28 19 17 20 18 21 23 15 11 13 9 14 10 12 8 4 6 2 5 7 3 1 27 25
24 26 28 16 22 19 17 20 18 21 23 15 11 13 9 14 10 12 8 4 6 2 5 7 3 1 25 27
7 1 28 5 3 6 2 4 8 14 12 10 13 9 11 15 21 19 17 20 27 25 23 26 24 22 18 16
5 7 1 28 3 6 2 4 8 14 12 10 13 9 11 15 21 19 17 20 27 25 23 26 24 22 18 16
10 12 14 8 4 2 6 3 5 7 1 28 13 9 11 15 21 19 17 20 27 25 23 26 24 22 18 16
3 5 7 1 28 6 2 4 8 14 12 10 13 9 11 15 21 19 17 20 27 25 23 26 24 22 18 16
13 10 12 14 8 4 2 6 3 5 7 1 28 9 11 15 21 19 17 20 27 25 23 26 24 22 18 16
4 2 6 3 5 7 1 28 8 14 12 10 13 9 11 15 21 19 17 20 27 25 23 26 24 22 18 16
2 6 3 5 7 1 28 4 8 14 12 10 13 9 11 15 21 19 17 20 27 25 23 26 24 22 18 16
1 28 7 5 3 6 2 4 8 14 12 10 13 9 11 15 21 19 17 20 27 25 23 26 24 22 18 16
6 3 5 7 1 28 2 4 8 14 12 10 13 9 11 15 21 19 17 20 27 25 23 26 24 22 18 16
1 3 7 5 2 6 4 8 14 11 13 10 12 9 15 20 23 21 18 22 17 19 16 24 26 28 27 25
1 3 7 5 2 6 4 8 14 12 10 13 11 9 15 20 23 21 18 22 17 19 16 24 26 28 27 25
6 3 7 5 2 4 8 13 10 14 12 9 11 15 20 17 21 19 16 18 22 27 24 28 1 26 23 25
